1585154402346 0.8315979242324829 0
1585154435441 0.7384100556373596 1
1585154468906 0.6876856088638306 2
1585154502288 0.6595292091369629 3
1585154535918 0.6449902057647705 4
1585154569072 0.6386979222297668 5
1585154602414 0.6186585426330566 6
1585154635450 0.5867530703544617 7
1585154668742 0.5716400146484375 8
1585154701756 0.5527991056442261 9
1585154734771 0.5212072730064392 10
1585154767828 0.5071694254875183 11
1585154801293 0.4858704209327698 12
1585154834552 0.46813687682151794 13
1585154867975 0.4556286334991455 14
1585154901805 0.44511324167251587 15
1585154934987 0.4364745020866394 16
1585154968186 0.4260742962360382 17
1585155001282 0.4143030345439911 18
1585155034510 0.40266454219818115 19
1585155067715 0.3901216685771942 20
1585155100889 0.38329389691352844 21
1585155134315 0.37613701820373535 22
1585155167769 0.3622809648513794 23
1585155200812 0.35825496912002563 24
1585155233837 0.34636080265045166 25
1585155266984 0.34207868576049805 26
1585155299955 0.3364917039871216 27
1585155333038 0.3341163694858551 28
1585155367467 0.3312702476978302 29
1585155400988 0.33230000734329224 30
1585155434053 0.32543471455574036 31
1585155467266 0.322419136762619 32
1585155500638 0.31396612524986267 33
1585155533949 0.3116037845611572 34
1585155567283 0.3143902122974396 35
1585155600550 0.3062341511249542 36
1585155633474 0.3012316823005676 37
1585155666465 0.2965797185897827 38
1585155699920 0.29635852575302124 39
1585155733166 0.2972904443740845 40
1585155766189 0.28984615206718445 41
1585155799240 0.29295340180397034 42
1585155832418 0.29589295387268066 43
1585155865677 0.2842243015766144 44
1585155899062 0.2907405495643616 45
1585155932193 0.2864498794078827 46
1585155965387 0.28650379180908203 47
1585155998392 0.2786381244659424 48
1585156031781 0.2859566807746887 49
1585156065042 0.2864137291908264 50
1585156098430 0.27567651867866516 51
1585156132167 0.2765347957611084 52
1585156165947 0.2795940637588501 53
1585156198930 0.27236616611480713 54
1585156231832 0.2727295756340027 55
1585156264930 0.2738802433013916 56
1585156298186 0.2722265124320984 57
1585156331815 0.2830880582332611 58
1585156365291 0.27282148599624634 59
1585156398500 0.2770999073982239 60
1585156431735 0.27639323472976685 61
1585156465221 0.26996415853500366 62
1585156498698 0.2697509229183197 63
1585156532290 0.26968976855278015 64
1585156565869 0.2614224851131439 65
1585156599434 0.2741415500640869 66
1585156633290 0.2699607312679291 67
1585156666515 0.2633565366268158 68
1585156699812 0.26196977496147156 69
1585156732834 0.26005980372428894 70
1585156765852 0.26204714179039 71
1585156799379 0.26777249574661255 72
1585156832406 0.2627538740634918 73
1585156865721 0.261026531457901 74
1585156898648 0.2542092204093933 75
1585156931721 0.2624385952949524 76
1585156964932 0.2641102075576782 77
1585156997915 0.25316888093948364 78
1585157030862 0.2568763792514801 79
1585157063985 0.25817224383354187 80
1585157097334 0.25863999128341675 81
1585157130278 0.24783703684806824 82
1585157163519 0.25419262051582336 83
1585157196636 0.2614736258983612 84
1585157229643 0.2511257231235504 85
1585157262729 0.24446947872638702 86
1585157295931 0.2477886974811554 87
1585157329084 0.25289344787597656 88
1585157362151 0.24957707524299622 89
1585157396352 0.2463311105966568 90
1585157429509 0.257846862077713 91
1585157462414 0.24826376140117645 92
1585157495626 0.2407931685447693 93
1585157529082 0.2539491653442383 94
1585157562530 0.24300575256347656 95
1585157595504 0.25818097591400146 96
1585157628693 0.24144510924816132 97
1585157662646 0.24357262253761292 98
1585157695829 0.24950367212295532 99
1585157729071 0.2469683587551117 100
1585157762363 0.24085620045661926 101
1585157796064 0.24226462841033936 102
1585157829430 0.25218328833580017 103
1585157862392 0.23993785679340363 104
1585157896026 0.23807242512702942 105
1585157929545 0.23862409591674805 106
1585157963441 0.24075794219970703 107
1585157996560 0.24144247174263 108
1585158031080 0.240770161151886 109
1585158064502 0.2440730482339859 110
1585158098103 0.2384956330060959 111
1585158131673 0.23599646985530853 112
1585158164949 0.24217046797275543 113
1585158198436 0.22972404956817627 114
1585158231378 0.23360536992549896 115
1585158264590 0.22935163974761963 116
1585158297700 0.23480527102947235 117
1585158331010 0.23976851999759674 118
1585158364246 0.22978997230529785 119
1585158397644 0.22967055439949036 120
