1585154390812 0.03446386754512787 0
1585154423861 0.008651548065245152 1
1585154456910 0.006249952130019665 2
1585154490288 0.010491324588656425 3
1585154524176 0.016841942444443703 4
1585154557473 0.024015722796320915 5
1585154590701 0.023849589750170708 6
1585154623883 0.014409825205802917 7
1585154656991 0.01124334242194891 8
1585154690246 0.004561466630548239 9
1585154723152 0.0033765940461307764 10
1585154756268 0.001988479634746909 11
1585154789385 0.004057682119309902 12
1585154822841 0.007535768207162619 13
1585154856367 0.011294458992779255 14
1585154889549 0.013886358588933945 15
1585154923299 0.015702281147241592 16
1585154956265 0.017148489132523537 17
1585154989598 0.017338179051876068 18
1585155022633 0.01791561022400856 19
1585155056016 0.017161458730697632 20
1585155089260 0.0164959579706192 21
1585155122495 0.015173569321632385 22
1585155155944 0.014214386232197285 23
1585155189179 0.013692478649318218 24
1585155222199 0.012324397452175617 25
1585155255231 0.011998850852251053 26
1585155288301 0.010562960058450699 27
1585155321342 0.010126760229468346 28
1585155355464 0.01028701663017273 29
1585155389330 0.010355530306696892 30
1585155422320 0.0097309285774827 31
1585155455574 0.009502069093286991 32
1585155488792 0.00975753553211689 33
1585155522366 0.009616534225642681 34
1585155555597 0.009658838622272015 35
1585155588844 0.009127981960773468 36
1585155621882 0.009816785342991352 37
1585155654756 0.009845519438385963 38
1585155688219 0.009417292661964893 39
1585155721443 0.0083141615614295 40
1585155754624 0.008901990018785 41
1585155787608 0.008571078069508076 42
1585155820694 0.008453233167529106 43
1585155853790 0.008523521013557911 44
1585155887311 0.007829555310308933 45
1585155920481 0.007900696247816086 46
1585155953684 0.007308150175958872 47
1585155986764 0.007899869233369827 48
1585156020066 0.007622185628861189 49
1585156053437 0.007539820391684771 50
1585156086831 0.008207239210605621 51
1585156120582 0.007092719431966543 52
1585156154298 0.008361543528735638 53
1585156187422 0.007371861021965742 54
1585156220216 0.006836591754108667 55
1585156253130 0.007381410337984562 56
1585156286617 0.007892326451838017 57
1585156319934 0.008011705242097378 58
1585156353614 0.007450766861438751 59
1585156386808 0.008827210403978825 60
1585156420154 0.008445043116807938 61
1585156453414 0.007575049996376038 62
1585156486787 0.007761274930089712 63
1585156520521 0.007889715023338795 64
1585156553990 0.0075646028853952885 65
1585156587640 0.007982242852449417 66
1585156621373 0.007845607586205006 67
1585156654887 0.007679319474846125 68
1585156688212 0.007912625558674335 69
1585156721230 0.0074287899769842625 70
1585156754168 0.008667699061334133 71
1585156787733 0.007097271736711264 72
1585156820842 0.007972095161676407 73
1585156853951 0.008327187970280647 74
1585156887095 0.00806389469653368 75
1585156920092 0.008324104361236095 76
1585156953242 0.008127340115606785 77
1585156986361 0.007494905963540077 78
1585157019241 0.008259453810751438 79
1585157052417 0.008796480484306812 80
1585157085691 0.007954942062497139 81
1585157118669 0.006552089471369982 82
1585157151778 0.008079062215983868 83
1585157184971 0.00833025574684143 84
1585157218015 0.008373863063752651 85
1585157251142 0.008750008419156075 86
1585157284018 0.008107224479317665 87
1585157317416 0.009415444917976856 88
1585157350584 0.008378511294722557 89
1585157384829 0.008740304969251156 90
1585157417792 0.008912664838135242 91
1585157450863 0.00862354040145874 92
1585157483924 0.009013199247419834 93
1585157517387 0.009249366819858551 94
1585157550589 0.009511572308838367 95
1585157583885 0.009512880817055702 96
1585157616887 0.010589735582470894 97
1585157650993 0.008707502856850624 98
1585157684253 0.00901821069419384 99
1585157717307 0.009447273798286915 100
1585157750715 0.009011272341012955 101
1585157784406 0.009942411445081234 102
1585157817712 0.00896716583520174 103
1585157850664 0.009138786233961582 104
1585157884196 0.009121919982135296 105
1585157918012 0.008632550947368145 106
1585157951836 0.007900643162429333 107
1585157984845 0.009456749074161053 108
1585158019514 0.009182502515614033 109
1585158052916 0.008671524934470654 110
1585158086476 0.010272364132106304 111
1585158119799 0.009669620543718338 112
1585158153269 0.00869483221322298 113
1585158186525 0.009984428994357586 114
1585158219804 0.00936280470341444 115
1585158252782 0.009130262769758701 116
1585158286031 0.009076450951397419 117
1585158319394 0.008534502238035202 118
1585158352516 0.008849681355059147 119
1585158385959 0.009478561580181122 120
