1585154390812 0.28348657488822937 0
1585154423861 0.42678162455558777 1
1585154456910 0.6142145395278931 2
1585154490288 0.67954021692276 3
1585154524176 0.676436722278595 4
1585154557473 0.6772413849830627 5
1585154590701 0.677241325378418 6
1585154623883 0.6796551942825317 7
1585154656991 0.676436722278595 8
1585154690246 0.6812644004821777 9
1585154723152 0.6756321787834167 10
1585154756268 0.680766224861145 11
1585154789385 0.6963217854499817 12
1585154822841 0.6991570591926575 13
1585154856367 0.7262069582939148 14
1585154889549 0.7579310536384583 15
1585154923299 0.7760153412818909 16
1585154956265 0.7924520969390869 17
1585154989598 0.7950958013534546 18
1585155022633 0.8160919547080994 19
1585155056016 0.802758514881134 20
1585155089260 0.8111494183540344 21
1585155122495 0.8068199157714844 22
1585155155944 0.8139846920967102 23
1585155189179 0.8286207318305969 24
1585155222199 0.8216474652290344 25
1585155255231 0.8154788613319397 26
1585155288301 0.8119539618492126 27
1585155321342 0.8252873420715332 28
1585155355464 0.8254788517951965 29
1585155389330 0.8243677616119385 30
1585155422320 0.8354789018630981 31
1585155455574 0.8285440802574158 32
1585155488792 0.8259003758430481 33
1585155522366 0.8475095629692078 34
1585155555597 0.8480076789855957 35
1585155588844 0.8368965983390808 36
1585155621882 0.8421455025672913 37
1585155654756 0.8423755168914795 38
1585155688219 0.8568965792655945 39
1585155721443 0.842260479927063 40
1585155754624 0.8531800508499146 41
1585155787608 0.8519539833068848 42
1585155820694 0.8496168255805969 43
1585155853790 0.8630651235580444 44
1585155887311 0.8495402336120605 45
1585155920481 0.8539846539497375 46
1585155953684 0.8460920453071594 47
1585155986764 0.8472030758857727 48
1585156020066 0.8629501461982727 49
1585156053437 0.8613409996032715 50
1585156086831 0.8768965601921082 51
1585156120582 0.8460919857025146 52
1585156154298 0.8699234127998352 53
1585156187422 0.8665899634361267 54
1585156220216 0.8583141565322876 55
1585156253130 0.8652873635292053 56
1585156286617 0.8681992292404175 57
1585156319934 0.8713410496711731 58
1585156353614 0.8777011036872864 59
1585156386808 0.8726437091827393 60
1585156420154 0.8804214596748352 61
1585156453414 0.8737547993659973 62
1585156486787 0.8619540333747864 63
1585156520521 0.8699234127998352 64
1585156553990 0.8802298903465271 65
1585156587640 0.8775861859321594 66
1585156621373 0.8781991600990295 67
1585156654887 0.873869776725769 68
1585156688212 0.8751723766326904 69
1585156721230 0.8794253468513489 70
1585156754168 0.8810345530509949 71
1585156787733 0.8799232840538025 72
1585156820842 0.8891187310218811 73
1585156853951 0.8824520707130432 74
1585156887095 0.8819540143013 75
1585156920092 0.8883141279220581 76
1585156953242 0.8846743702888489 77
1585156986361 0.8878927230834961 78
1585157019241 0.888007640838623 79
1585157052417 0.8970881700515747 80
1585157085691 0.883678138256073 81
1585157118669 0.8802298903465271 82
1585157151778 0.867241382598877 83
1585157184971 0.8980076313018799 84
1585157218015 0.8918390274047852 85
1585157251142 0.889616847038269 86
1585157284018 0.8957854509353638 87
1585157317416 0.9012260437011719 88
1585157350584 0.8980076313018799 89
1585157384829 0.8959770202636719 90
1585157417792 0.9020306468009949 91
1585157450863 0.8988121747970581 92
1585157483924 0.9005363583564758 93
1585157517387 0.90141761302948 94
1585157550589 0.9113409519195557 95
1585157583885 0.9126436710357666 96
1585157616887 0.9164751172065735 97
1585157650993 0.9032566547393799 98
1585157684253 0.9086973667144775 99
1585157717307 0.9109194874763489 100
1585157750715 0.9083908200263977 101
1585157784406 0.9086973667144775 102
1585157817712 0.9121456146240234 103
1585157850664 0.9126436710357666 104
1585157884196 0.9105363488197327 105
1585157918012 0.9134482145309448 106
1585157951836 0.9010344743728638 107
1585157984845 0.9070881009101868 108
1585158019514 0.9126436710357666 109
1585158052916 0.9045593738555908 110
1585158086476 0.9180076718330383 111
1585158119799 0.9135631918907166 112
1585158153269 0.8999233245849609 113
1585158186525 0.9204214215278625 114
1585158219804 0.9142528176307678 115
1585158252782 0.9081991910934448 116
1585158286031 0.9178926944732666 117
1585158319394 0.8965900540351868 118
1585158352516 0.9124520421028137 119
1585158385959 0.9215325117111206 120
