1585154390812 0.8505749702453613 0
1585154423861 0.7582588195800781 1
1585154456910 0.7078867554664612 2
1585154490288 0.6801301836967468 3
1585154524176 0.6754475235939026 4
1585154557473 0.6602656841278076 5
1585154590701 0.6457200646400452 6
1585154623883 0.6216797232627869 7
1585154656991 0.6052224636077881 8
1585154690246 0.5718501210212708 9
1585154723152 0.5562986135482788 10
1585154756268 0.5302959084510803 11
1585154789385 0.5130652189254761 12
1585154822841 0.4972380995750427 13
1585154856367 0.4811260402202606 14
1585154889549 0.47060686349868774 15
1585154923299 0.4617390036582947 16
1585154956265 0.4516615867614746 17
1585154989598 0.44345393776893616 18
1585155022633 0.4297003746032715 19
1585155056016 0.42340755462646484 20
1585155089260 0.4110819399356842 21
1585155122495 0.4052536189556122 22
1585155155944 0.39615628123283386 23
1585155189179 0.38616713881492615 24
1585155222199 0.3826274573802948 25
1585155255231 0.3765341341495514 26
1585155288301 0.3726392984390259 27
1585155321342 0.36751022934913635 28
1585155355464 0.3626644015312195 29
1585155389330 0.35722681879997253 30
1585155422320 0.35529014468193054 31
1585155455574 0.35607919096946716 32
1585155488792 0.3488631844520569 33
1585155522366 0.3443984389305115 34
1585155555597 0.3399258255958557 35
1585155588844 0.3440191149711609 36
1585155621882 0.33535081148147583 37
1585155654756 0.3328835666179657 38
1585155688219 0.3291316628456116 39
1585155721443 0.3309035897254944 40
1585155754624 0.3254822790622711 41
1585155787608 0.32477107644081116 42
1585155820694 0.3222702145576477 43
1585155853790 0.31760355830192566 44
1585155887311 0.32133933901786804 45
1585155920481 0.3170544505119324 46
1585155953684 0.31605497002601624 47
1585155986764 0.30925530195236206 48
1585156020066 0.3081246614456177 49
1585156053437 0.30645397305488586 50
1585156086831 0.30040767788887024 51
1585156120582 0.30614012479782104 52
1585156154298 0.2951847314834595 53
1585156187422 0.3029177486896515 54
1585156220216 0.3034694194793701 55
1585156253130 0.2992987036705017 56
1585156286617 0.293941468000412 57
1585156319934 0.2927929162979126 58
1585156353614 0.29378360509872437 59
1585156386808 0.2868563234806061 60
1585156420154 0.2822595536708832 61
1585156453414 0.2875252664089203 62
1585156486787 0.29562124609947205 63
1585156520521 0.2815944254398346 64
1585156553990 0.28425708413124084 65
1585156587640 0.28466564416885376 66
1585156621373 0.2784658372402191 67
1585156654887 0.2808528244495392 68
1585156688212 0.2777598202228546 69
1585156721230 0.2823368310928345 70
1585156754168 0.27042844891548157 71
1585156787733 0.28149110078811646 72
1585156820842 0.2720779478549957 73
1585156853951 0.27063602209091187 74
1585156887095 0.2702755033969879 75
1585156920092 0.2684788107872009 76
1585156953242 0.26810142397880554 77
1585156986361 0.27362385392189026 78
1585157019241 0.2677869200706482 79
1585157052417 0.2597406506538391 80
1585157085691 0.27076709270477295 81
1585157118669 0.2709738612174988 82
1585157151778 0.28423234820365906 83
1585157184971 0.26347076892852783 84
1585157218015 0.2658040225505829 85
1585157251142 0.25516554713249207 86
1585157284018 0.26112356781959534 87
1585157317416 0.25017181038856506 88
1585157350584 0.2545706629753113 89
1585157384829 0.2538014352321625 90
1585157417792 0.2527257204055786 91
1585157450863 0.25465476512908936 92
1585157483924 0.24941685795783997 93
1585157517387 0.24918760359287262 94
1585157550589 0.24338775873184204 95
1585157583885 0.2446805089712143 96
1585157616887 0.24367009103298187 97
1585157650993 0.25149884819984436 98
1585157684253 0.24802565574645996 99
1585157717307 0.24086067080497742 100
1585157750715 0.24664361774921417 101
1585157784406 0.24178361892700195 102
1585157817712 0.24418476223945618 103
1585157850664 0.24054676294326782 104
1585157884196 0.24862170219421387 105
1585157918012 0.23852045834064484 106
1585157951836 0.2446238249540329 107
1585157984845 0.2385973483324051 108
1585158019514 0.23483724892139435 109
1585158052916 0.2425040453672409 110
1585158086476 0.2301110178232193 111
1585158119799 0.23461733758449554 112
1585158153269 0.24045896530151367 113
1585158186525 0.2285449057817459 114
1585158219804 0.23640860617160797 115
1585158252782 0.23819589614868164 116
1585158286031 0.22959144413471222 117
1585158319394 0.23740972578525543 118
1585158352516 0.2324712872505188 119
1585158385959 0.22637134790420532 120
