1585154402346 0.3327358365058899 0
1585154435441 0.4533962607383728 1
1585154468906 0.6108961701393127 2
1585154502288 0.6711556911468506 3
1585154535918 0.683089554309845 4
1585154569072 0.6754716634750366 5
1585154602414 0.677688717842102 6
1585154635450 0.6865566372871399 7
1585154668742 0.6810141801834106 8
1585154701756 0.6765801906585693 9
1585154734771 0.6876651048660278 10
1585154767828 0.6754717230796814 11
1585154801293 0.6881131529808044 12
1585154834552 0.7179480791091919 13
1585154867975 0.7853065729141235 14
1585154901805 0.8255895972251892 15
1585154934987 0.8512735962867737 16
1585154968186 0.8584905862808228 17
1585155001282 0.876533031463623 18
1585155034510 0.8722405433654785 19
1585155067715 0.8770990371704102 20
1585155100889 0.8698821067810059 21
1585155134315 0.8601650595664978 22
1585155167769 0.8733490109443665 23
1585155200812 0.8700235486030579 24
1585155233837 0.8643159866333008 25
1585155266984 0.8673820495605469 26
1585155299955 0.8670990467071533 27
1585155333038 0.8672405481338501 28
1585155367467 0.8523820638656616 29
1585155400988 0.8647405505180359 30
1585155434053 0.8562735319137573 31
1585155467266 0.865306556224823 32
1585155500638 0.8744574785232544 33
1585155533949 0.8772405385971069 34
1585155567283 0.8572406768798828 35
1585155600550 0.874599039554596 36
1585155633474 0.8841744661331177 37
1585155666465 0.8820990920066833 38
1585155699920 0.8805660009384155 39
1585155733166 0.8819575309753418 40
1585155766189 0.8780660033226013 41
1585155799240 0.8772405385971069 42
1585155832418 0.8795991539955139 43
1585155865677 0.8805660009384155 44
1585155899062 0.8787735104560852 45
1585155932193 0.8782075643539429 46
1585155965387 0.8809905648231506 47
1585155998392 0.8877829313278198 48
1585156031781 0.8759905695915222 49
1585156065042 0.8647406101226807 50
1585156098430 0.8769575357437134 51
1585156132167 0.8807076215744019 52
1585156165947 0.876132071018219 53
1585156198930 0.8816744685173035 54
1585156231832 0.8747406005859375 55
1585156264930 0.8772405982017517 56
1585156298186 0.8868159651756287 57
1585156331815 0.8834905624389648 58
1585156365291 0.8816744685173035 59
1585156398500 0.8848820328712463 60
1585156431735 0.8820990324020386 61
1585156465221 0.8786320686340332 62
1585156498698 0.8800235986709595 63
1585156532290 0.8933491110801697 64
1585156565869 0.8868159651756287 65
1585156599434 0.8833490610122681 66
1585156633290 0.8894574642181396 67
1585156666515 0.8907074928283691 68
1585156699812 0.8905660510063171 69
1585156732834 0.8893159627914429 70
1585156765852 0.881273627281189 71
1585156799379 0.8918160200119019 72
1585156832406 0.8919575214385986 73
1585156865721 0.8812735676765442 74
1585156898648 0.8941745162010193 75
1585156931721 0.8876650333404541 76
1585156964932 0.8875235915184021 77
1585156997915 0.8941745162010193 78
1585157030862 0.8832075595855713 79
1585157063985 0.889599084854126 80
1585157097334 0.8944575786590576 81
1585157130278 0.895424485206604 82
1585157163519 0.899599015712738 83
1585157196636 0.878915011882782 84
1585157229643 0.8905660510063171 85
1585157262729 0.8929244875907898 86
1585157295931 0.8957074880599976 87
1585157329084 0.8897405862808228 88
1585157362151 0.8858490586280823 89
1585157396352 0.8957074880599976 90
1585157429509 0.889740526676178 91
1585157462414 0.9004244804382324 92
1585157495626 0.9004244804382324 93
1585157529082 0.896957516670227 94
1585157562530 0.8884905576705933 95
1585157595504 0.8884905576705933 96
1585157628693 0.900566041469574 97
1585157662646 0.9004244804382324 98
1585157695829 0.891273558139801 99
1585157729071 0.901957631111145 100
1585157762363 0.8955660462379456 101
1585157796064 0.8968160152435303 102
1585157829430 0.8936320543289185 103
1585157862392 0.8932075500488281 104
1585157896026 0.9054244756698608 105
1585157929545 0.9043160080909729 106
1585157963441 0.8993160128593445 107
1585157996560 0.9107075929641724 108
1585158031080 0.8984905481338501 109
1585158064502 0.8957074880599976 110
1585158098103 0.8945990204811096 111
1585158131673 0.8994574546813965 112
1585158164949 0.8984905481338501 113
1585158198436 0.9054244756698608 114
1585158231378 0.9057074785232544 115
1585158264590 0.9040330052375793 116
1585158297700 0.9033491015434265 117
1585158331010 0.8991745114326477 118
1585158364246 0.9065329432487488 119
1585158397644 0.9044575691223145 120
