1585154402346 0.027248883619904518 0
1585154435441 0.005162789952009916 1
1585154468906 0.0029155605006963015 2
1585154502288 0.004876166582107544 3
1585154535918 0.009218226186931133 4
1585154569072 0.014619134366512299 5
1585154602414 0.014036579057574272 6
1585154635450 0.00861402228474617 7
1585154668742 0.005139211192727089 8
1585154701756 0.0018668542616069317 9
1585154734771 0.004083855543285608 10
1585154767828 0.004304359667003155 11
1585154801293 0.00766279362142086 12
1585154834552 0.013428299687802792 13
1585154867975 0.01796228066086769 14
1585154901805 0.021438414230942726 15
1585154934987 0.02346467599272728 16
1585154968186 0.02509208768606186 17
1585155001282 0.026517488062381744 18
1585155034510 0.025525305420160294 19
1585155067715 0.025511084124445915 20
1585155100889 0.02350214123725891 21
1585155134315 0.021532081067562103 22
1585155167769 0.02126108855009079 23
1585155200812 0.020151104778051376 24
1585155233837 0.019524138420820236 25
1585155266984 0.017545608803629875 26
1585155299955 0.016669757664203644 27
1585155333038 0.014502712525427341 28
1585155367467 0.013288909569382668 29
1585155400988 0.01280257012695074 30
1585155434053 0.01301767211407423 31
1585155467266 0.012258960865437984 32
1585155500638 0.012859334237873554 33
1585155533949 0.012619967572391033 34
1585155567283 0.011346915736794472 35
1585155600550 0.011726443655788898 36
1585155633474 0.012100827880203724 37
1585155666465 0.011921841651201248 38
1585155699920 0.011927366256713867 39
1585155733166 0.009811271913349628 40
1585155766189 0.010575266554951668 41
1585155799240 0.008991907350718975 42
1585155832418 0.007856585085391998 43
1585155865677 0.008947686292231083 44
1585155899062 0.007873538881540298 45
1585155932193 0.007909263484179974 46
1585155965387 0.007287203799933195 47
1585155998392 0.009326664730906487 48
1585156031781 0.0068457769230008125 49
1585156065042 0.00684419646859169 50
1585156098430 0.006838397588580847 51
1585156132167 0.0066276066936552525 52
1585156165947 0.006063792854547501 53
1585156198930 0.006691943854093552 54
1585156231832 0.0066404095850884914 55
1585156264930 0.006816699635237455 56
1585156298186 0.005800626706331968 57
1585156331815 0.004724040627479553 58
1585156365291 0.005673710256814957 59
1585156398500 0.005857050884515047 60
1585156431735 0.004466444719582796 61
1585156465221 0.005062901880592108 62
1585156498698 0.004324670881032944 63
1585156532290 0.006008499301970005 64
1585156565869 0.005851456429809332 65
1585156599434 0.005138172768056393 66
1585156633290 0.004468014929443598 67
1585156666515 0.005040481686592102 68
1585156699812 0.004737171344459057 69
1585156732834 0.0055183838121593 70
1585156765852 0.00428908783942461 71
1585156799379 0.004553568083792925 72
1585156832406 0.005172437522560358 73
1585156865721 0.0038801857735961676 74
1585156898648 0.004853925202041864 75
1585156931721 0.004198283888399601 76
1585156964932 0.004391737747937441 77
1585156997915 0.004901716019958258 78
1585157030862 0.004641120787709951 79
1585157063985 0.004010566510260105 80
1585157097334 0.003733243327587843 81
1585157130278 0.004371384624391794 82
1585157163519 0.004452734719961882 83
1585157196636 0.004268419463187456 84
1585157229643 0.003799659665673971 85
1585157262729 0.005502671934664249 86
1585157295931 0.0035698390565812588 87
1585157329084 0.0040794862434268 88
1585157362151 0.0037027839571237564 89
1585157396352 0.0035265651531517506 90
1585157429509 0.0036543426103889942 91
1585157462414 0.004812277387827635 92
1585157495626 0.004857754334807396 93
1585157529082 0.0034461081959307194 94
1585157562530 0.006087201647460461 95
1585157595504 0.0036361166276037693 96
1585157628693 0.004933304153382778 97
1585157662646 0.004712783731520176 98
1585157695829 0.003737218677997589 99
1585157729071 0.003387856064364314 100
1585157762363 0.0037589408457279205 101
1585157796064 0.003704395145177841 102
1585157829430 0.004461303818970919 103
1585157862392 0.004335625562816858 104
1585157896026 0.004084907006472349 105
1585157929545 0.004040329717099667 106
1585157963441 0.004137611947953701 107
1585157996560 0.004067020025104284 108
1585158031080 0.0032330381218343973 109
1585158064502 0.003862127661705017 110
1585158098103 0.0041559478268027306 111
1585158131673 0.004246863070875406 112
1585158164949 0.0042486125603318214 113
1585158198436 0.004360389895737171 114
1585158231378 0.0038973852060735226 115
1585158264590 0.0043565211817622185 116
1585158297700 0.004185494966804981 117
1585158331010 0.0032078814692795277 118
1585158364246 0.0038245709147304296 119
1585158397644 0.0037440056912600994 120
