1585154410418 0.03085637465119362 0
1585154443374 0.00690716877579689 1
1585154477068 0.004582756198942661 2
1585154510291 0.007683745585381985 3
1585154544062 0.01303008385002613 4
1585154577060 0.01931742951273918 5
1585154610542 0.01894308440387249 6
1585154643417 0.011511923745274544 7
1585154676705 0.008191276341676712 8
1585154709744 0.0032141604460775852 9
1585154742849 0.003730224911123514 10
1585154775871 0.0031464197672903538 11
1585154809403 0.005860237870365381 12
1585154842932 0.010482033714652061 13
1585154876133 0.014628369361162186 14
1585154909791 0.01766238734126091 15
1585154942970 0.019583478569984436 16
1585154976275 0.021120287477970123 17
1585155009323 0.021927833557128906 18
1585155042690 0.021720457822084427 19
1585155075778 0.021336272358894348 20
1585155109134 0.019999049603939056 21
1585155142567 0.018352825194597244 22
1585155175798 0.01773773692548275 23
1585155208802 0.016921792179346085 24
1585155241801 0.01592426747083664 25
1585155274931 0.014772229827940464 26
1585155307898 0.013616358861327171 27
1585155342125 0.01231473684310913 28
1585155375531 0.011787963099777699 29
1585155408934 0.011579049751162529 30
1585155442093 0.011374300345778465 31
1585155475222 0.010880514979362488 32
1585155508635 0.01130843535065651 33
1585155542095 0.011118250899016857 34
1585155575211 0.010502876713871956 35
1585155608534 0.010427212342619896 36
1585155641460 0.010958806611597538 37
1585155674773 0.010883680544793606 38
1585155708016 0.010672328993678093 39
1585155741166 0.009062716737389565 40
1585155774212 0.009738627821207047 41
1585155807359 0.008781492710113525 42
1585155840380 0.008154909126460552 43
1585155873831 0.008735603652894497 44
1585155907074 0.007851546630263329 45
1585155940128 0.007904980331659317 46
1585155973367 0.0072976769879460335 47
1585156006541 0.008613266982138157 48
1585156039809 0.007233981043100357 49
1585156073303 0.007192008197307587 50
1585156106482 0.007522818632423878 51
1585156140250 0.006860163062810898 52
1585156174047 0.007212668191641569 53
1585156206839 0.0070319026708602905 54
1585156239787 0.006738500669598579 55
1585156272968 0.007099054753780365 56
1585156306239 0.006846476346254349 57
1585156340014 0.0063678729347884655 58
1585156373283 0.006562238559126854 59
1585156406617 0.0073421308770775795 60
1585156439965 0.006455743685364723 61
1585156473391 0.006318976171314716 62
1585156507109 0.006042973138391972 63
1585156540311 0.0069491071626544 64
1585156574029 0.00670802965760231 65
1585156607562 0.006560207810252905 66
1585156641421 0.006156811490654945 67
1585156674724 0.00635990034788847 68
1585156707863 0.006324898451566696 69
1585156740802 0.006473586894571781 70
1585156774134 0.006478393450379372 71
1585156807334 0.005825419910252094 72
1585156840437 0.006572266109287739 73
1585156873721 0.006103686988353729 74
1585156906655 0.006458910182118416 75
1585156939790 0.006261194124817848 76
1585156972983 0.0062595391646027565 77
1585157005886 0.006198311224579811 78
1585157038943 0.006450287066400051 79
1585157072251 0.006403523497283459 80
1585157105290 0.005844092927873135 81
1585157138226 0.005461737047880888 82
1585157171523 0.006265898235142231 83
1585157204686 0.0062993373721838 84
1585157237561 0.0060867611318826675 85
1585157270662 0.007126340176910162 86
1585157304076 0.005838532000780106 87
1585157337109 0.006747465580701828 88
1585157371093 0.006040647625923157 89
1585157404383 0.006133435294032097 90
1585157437493 0.006283503957092762 91
1585157470402 0.006717909127473831 92
1585157503834 0.006935476791113615 93
1585157537082 0.0063477372750639915 94
1585157570574 0.007799386978149414 95
1585157603443 0.006574498489499092 96
1585157636680 0.007761519867926836 97
1585157670731 0.0067101432941854 98
1585157703890 0.006377714686095715 99
1585157737091 0.006417565047740936 100
1585157770505 0.006385106593370438 101
1585157804150 0.006823403295129538 102
1585157837375 0.006714235059916973 103
1585157870455 0.006737206131219864 104
1585157904602 0.006603413261473179 105
1585157937634 0.006336440332233906 106
1585157971571 0.006019127555191517 107
1585158004602 0.006761884316802025 108
1585158039033 0.006207770202308893 109
1585158073183 0.006266826298087835 110
1585158106400 0.007214155979454517 111
1585158139808 0.0069582415744662285 112
1585158173132 0.006471722386777401 113
1585158206430 0.0071724094450473785 114
1585158239437 0.006630094721913338 115
1585158272516 0.00674339197576046 116
1585158305712 0.0066309729591012 117
1585158339104 0.005871191620826721 118
1585158372348 0.00633712625131011 119
1585158405626 0.006611283868551254 120
