1585154410418 0.8410864472389221 0
1585154443374 0.7483344078063965 1
1585154477068 0.6977862119674683 2
1585154510291 0.6698297262191772 3
1585154544062 0.6602188348770142 4
1585154577060 0.6494817733764648 5
1585154610542 0.6321892738342285 6
1585154643417 0.6042163968086243 7
1585154676705 0.5884312391281128 8
1585154709744 0.5623246431350708 9
1585154742849 0.5387529134750366 10
1585154775871 0.5187326669692993 11
1585154809403 0.4994678199291229 12
1585154842932 0.48268747329711914 13
1585154876133 0.46837735176086426 14
1585154909791 0.4578600525856018 15
1585154942970 0.44910675287246704 16
1585154976275 0.4388679265975952 17
1585155009323 0.4288784861564636 18
1585155042690 0.4161824584007263 19
1585155075778 0.4067646265029907 20
1585155109134 0.3971879184246063 21
1585155142567 0.39069533348083496 22
1585155175798 0.3792186379432678 23
1585155208802 0.3722110390663147 24
1585155241801 0.3644941449165344 25
1585155274931 0.3593063950538635 26
1585155307898 0.35456550121307373 27
1585155342125 0.3508132994174957 28
1585155375531 0.34696733951568604 29
1585155408934 0.3447633981704712 30
1585155442093 0.34036242961883545 31
1585155475222 0.3392491638660431 32
1585155508635 0.3314146399497986 33
1585155542095 0.32800111174583435 34
1585155575211 0.32715803384780884 35
1585155608534 0.32512664794921875 36
1585155641460 0.31829124689102173 37
1585155674773 0.3147316575050354 38
1585155708016 0.3127450942993164 39
1585155741166 0.31409701704978943 40
1585155774212 0.3076642155647278 41
1585155807359 0.30886223912239075 42
1585155840380 0.3090815842151642 43
1585155873831 0.30091392993927 44
1585155907074 0.3060399293899536 45
1585155940128 0.30175215005874634 46
1585155973367 0.30127936601638794 47
1585156006541 0.2939467132091522 48
1585156039809 0.2970406711101532 49
1585156073303 0.29643386602401733 50
1585156106482 0.2880420982837677 51
1585156140250 0.2913374602794647 52
1585156174047 0.2873893976211548 53
1585156206839 0.2876419425010681 54
1585156239787 0.2880994975566864 55
1585156272968 0.28658947348594666 56
1585156306239 0.283083975315094 57
1585156340014 0.28794050216674805 58
1585156373283 0.28330254554748535 59
1585156406617 0.28197813034057617 60
1585156439965 0.2793263792991638 61
1585156473391 0.2787446975708008 62
1585156507109 0.2826860845088959 63
1585156540311 0.2756420969963074 64
1585156574029 0.2728397846221924 65
1585156607562 0.27940359711647034 66
1585156641421 0.2742132842540741 67
1585156674724 0.2721046805381775 68
1585156707863 0.2698647975921631 69
1585156740802 0.2711983323097229 70
1585156774134 0.2662377953529358 71
1585156807334 0.2746317982673645 72
1585156840437 0.2674159109592438 73
1585156873721 0.2658312916755676 74
1585156906655 0.2622423768043518 75
1585156939790 0.26545870304107666 76
1585156972983 0.2661058306694031 77
1585157005886 0.26339638233184814 78
1585157038943 0.26233166456222534 79
1585157072251 0.2589564323425293 80
1585157105290 0.26470354199409485 81
1585157138226 0.2594054341316223 82
1585157171523 0.2692124843597412 83
1585157204686 0.2624722123146057 84
1585157237561 0.25846487283706665 85
1585157270662 0.24981752038002014 86
1585157304076 0.25445613265037537 87
1585157337109 0.2515326142311096 88
1585157371093 0.25207388401031494 89
1585157404383 0.25006628036499023 90
1585157437493 0.2552862763404846 91
1585157470402 0.2514592707157135 92
1585157503834 0.24510501325130463 93
1585157537082 0.25156837701797485 94
1585157570574 0.2431967556476593 95
1585157603443 0.2514307498931885 96
1585157636680 0.2425576001405716 97
1585157670731 0.24753573536872864 98
1585157703890 0.24876466393470764 99
1585157737091 0.24391451478004456 100
1585157770505 0.24374991655349731 101
1585157804150 0.24202412366867065 102
1585157837375 0.24818402528762817 103
1585157870455 0.24024230241775513 104
1585157904602 0.24334706366062164 105
1585157937634 0.23857226967811584 106
1585157971571 0.24269089102745056 107
1585158004602 0.24001991748809814 108
1585158039033 0.23780369758605957 109
1585158073183 0.2432885468006134 110
1585158106400 0.2343033254146576 111
1585158139808 0.23530690371990204 112
1585158173132 0.24131470918655396 113
1585158206430 0.2291344702243805 114
1585158239437 0.23500698804855347 115
1585158272516 0.23377376794815063 116
1585158305712 0.23219835758209229 117
1585158339104 0.2385891228914261 118
1585158372348 0.23113062977790833 119
1585158405626 0.22802095115184784 120
