1585154410418 0.30811119079589844 0
1585154443374 0.4400889277458191 1
1585154477068 0.6125553846359253 2
1585154510291 0.6753479242324829 3
1585154544062 0.67976313829422 4
1585154577060 0.6763565540313721 5
1585154610542 0.67746502161026 6
1585154643417 0.6831059455871582 7
1585154676705 0.6787254810333252 8
1585154709744 0.6789222955703735 9
1585154742849 0.6816486120223999 10
1585154775871 0.6781189441680908 11
1585154809403 0.6922174692153931 12
1585154842932 0.7085525989532471 13
1585154876133 0.7557567358016968 14
1585154909791 0.7917603254318237 15
1585154942970 0.8136444687843323 16
1585154976275 0.8254713416099548 17
1585155009323 0.8358144164085388 18
1585155042690 0.8441662788391113 19
1585155075778 0.8399287462234497 20
1585155109134 0.8405157327651978 21
1585155142567 0.8334925174713135 22
1585155175798 0.8436668515205383 23
1585155208802 0.8493221402168274 24
1585155241801 0.8429816961288452 25
1585155274931 0.8414304256439209 26
1585155307898 0.8395265340805054 27
1585155342125 0.8462639451026917 28
1585155375531 0.8389304876327515 29
1585155408934 0.8445541858673096 30
1585155442093 0.8458762168884277 31
1585155475222 0.8469253182411194 32
1585155508635 0.8501789569854736 33
1585155542095 0.862375020980835 34
1585155575211 0.8526241779327393 35
1585155608534 0.8557478189468384 36
1585155641460 0.8631600141525269 37
1585155674773 0.8622373342514038 38
1585155708016 0.8687312602996826 39
1585155741166 0.8621090054512024 40
1585155774212 0.8656229972839355 41
1585155807359 0.8645972609519958 42
1585155840380 0.8646079897880554 43
1585155873831 0.87181556224823 44
1585155907074 0.8641568422317505 45
1585155940128 0.8660961389541626 46
1585155973367 0.863541305065155 47
1585156006541 0.8674930334091187 48
1585156039809 0.8694703578948975 49
1585156073303 0.8630408048629761 50
1585156106482 0.8769270181655884 51
1585156140250 0.8633998036384583 52
1585156174047 0.8730277419090271 53
1585156206839 0.8741322159767151 54
1585156239787 0.8665273785591125 55
1585156272968 0.8712639808654785 56
1585156306239 0.8775075674057007 57
1585156340014 0.8774157762527466 58
1585156373283 0.8796877861022949 59
1585156406617 0.8787628412246704 60
1585156439965 0.8812602758407593 61
1585156473391 0.8761934041976929 62
1585156507109 0.8709888458251953 63
1585156540311 0.8816362619400024 64
1585156574029 0.8835229277610779 65
1585156607562 0.8804676532745361 66
1585156641421 0.8838282823562622 67
1585156674724 0.8822886347770691 68
1585156707863 0.8828692436218262 69
1585156740802 0.8843706846237183 70
1585156774134 0.8811540603637695 71
1585156807334 0.8858696222305298 72
1585156840437 0.8905380964279175 73
1585156873721 0.8818628191947937 74
1585156906655 0.8880642652511597 75
1585156939790 0.8879895806312561 76
1585156972983 0.8860989809036255 77
1585157005886 0.8910336494445801 78
1585157038943 0.8856076002120972 79
1585157072251 0.8933436274528503 80
1585157105290 0.8890678882598877 81
1585157138226 0.8878271579742432 82
1585157171523 0.8834202289581299 83
1585157204686 0.8884613513946533 84
1585157237561 0.8912025690078735 85
1585157270662 0.891270637512207 86
1585157304076 0.8957464694976807 87
1585157337109 0.8954833149909973 88
1585157371093 0.8919283151626587 89
1585157404383 0.8958422541618347 90
1585157437493 0.8958855867385864 91
1585157470402 0.8996183276176453 92
1585157503834 0.9004803895950317 93
1585157537082 0.8991875648498535 94
1585157570574 0.8999157547950745 95
1585157603443 0.9005671143531799 96
1585157636680 0.9085205793380737 97
1585157670731 0.9018405675888062 98
1585157703890 0.8999854326248169 99
1585157737091 0.9064385890960693 100
1585157770505 0.9019784331321716 101
1585157804150 0.9027566909790039 102
1585157837375 0.902888834476471 103
1585157870455 0.9029256105422974 104
1585157904602 0.9079804420471191 105
1585157937634 0.9088821411132812 106
1585157971571 0.9001752138137817 107
1585158004602 0.908897876739502 108
1585158039033 0.9055671095848083 109
1585158073183 0.9001334309577942 110
1585158106400 0.906303346157074 111
1585158139808 0.9065103530883789 112
1585158173132 0.8992069363594055 113
1585158206430 0.9129229784011841 114
1585158239437 0.9099801778793335 115
1585158272516 0.9061161279678345 116
1585158305712 0.910620927810669 117
1585158339104 0.8978822827339172 118
1585158372348 0.9094924926757812 119
1585158405626 0.9129950404167175 120
