1585169656459 0.8315979242324829 0
1585169688875 0.7384100556373596 1
1585169720896 0.6876856088638306 2
1585169753277 0.6595292091369629 3
1585169785415 0.6449902057647705 4
1585169817767 0.6386979222297668 5
1585169849928 0.6186585426330566 6
1585169881914 0.5867530703544617 7
1585169913699 0.5716400146484375 8
1585169945586 0.5527991056442261 9
1585169977076 0.5212072730064392 10
1585170009373 0.5071694254875183 11
1585170041518 0.4858704209327698 12
1585170073808 0.46813687682151794 13
1585170105848 0.4556286334991455 14
1585170137874 0.44511324167251587 15
1585170169901 0.4364745020866394 16
1585170201644 0.4260742962360382 17
1585170233464 0.4143030345439911 18
1585170265604 0.40266454219818115 19
1585170297299 0.3901216685771942 20
1585170328744 0.38329389691352844 21
1585170360700 0.37613701820373535 22
1585170392837 0.3622809648513794 23
1585170424751 0.35825496912002563 24
1585170456947 0.34636080265045166 25
1585170488884 0.34207868576049805 26
1585170520472 0.3364917039871216 27
1585170552659 0.3341163694858551 28
1585170584752 0.3312702476978302 29
1585170616813 0.33230000734329224 30
1585170649075 0.32543471455574036 31
1585170681117 0.322419136762619 32
1585170713190 0.31396612524986267 33
1585170745193 0.3116037845611572 34
1585170778436 0.3143902122974396 35
1585170810363 0.3062341511249542 36
1585170842449 0.3012316823005676 37
1585170874135 0.2965797185897827 38
1585170906120 0.29635852575302124 39
1585170938506 0.2972904443740845 40
1585170970510 0.28984615206718445 41
1585171002340 0.29295340180397034 42
1585171034084 0.29589295387268066 43
1585171066166 0.2842243015766144 44
1585171098917 0.2907405495643616 45
1585171130764 0.2864498794078827 46
1585171162571 0.28650379180908203 47
1585171194379 0.2786381244659424 48
