1585169656459 0.027248883619904518 0
1585169688875 0.005162789952009916 1
1585169720896 0.0029155605006963015 2
1585169753277 0.004876166582107544 3
1585169785415 0.009218226186931133 4
1585169817767 0.014619134366512299 5
1585169849928 0.014036579057574272 6
1585169881914 0.00861402228474617 7
1585169913699 0.005139211192727089 8
1585169945586 0.0018668542616069317 9
1585169977076 0.004083855543285608 10
1585170009373 0.004304359667003155 11
1585170041518 0.00766279362142086 12
1585170073808 0.013428299687802792 13
1585170105848 0.01796228066086769 14
1585170137874 0.021438414230942726 15
1585170169901 0.02346467599272728 16
1585170201644 0.02509208768606186 17
1585170233464 0.026517488062381744 18
1585170265604 0.025525305420160294 19
1585170297299 0.025511084124445915 20
1585170328744 0.02350214123725891 21
1585170360700 0.021532081067562103 22
1585170392837 0.02126108855009079 23
1585170424751 0.020151104778051376 24
1585170456947 0.019524138420820236 25
1585170488884 0.017545608803629875 26
1585170520472 0.016669757664203644 27
1585170552659 0.014502712525427341 28
1585170584752 0.013288909569382668 29
1585170616813 0.01280257012695074 30
1585170649075 0.01301767211407423 31
1585170681117 0.012258960865437984 32
1585170713190 0.012859334237873554 33
1585170745193 0.012619967572391033 34
1585170778436 0.011346915736794472 35
1585170810363 0.011726443655788898 36
1585170842449 0.012100827880203724 37
1585170874135 0.011921841651201248 38
1585170906120 0.011927366256713867 39
1585170938506 0.009811271913349628 40
1585170970510 0.010575266554951668 41
1585171002340 0.008991907350718975 42
1585171034084 0.007856585085391998 43
1585171066166 0.008947686292231083 44
1585171098917 0.007873538881540298 45
1585171130764 0.007909263484179974 46
1585171162571 0.007287203799933195 47
1585171194379 0.009326664730906487 48
