1585169656459 0.3327358365058899 0
1585169688875 0.4533962607383728 1
1585169720896 0.6108961701393127 2
1585169753277 0.6711556911468506 3
1585169785415 0.683089554309845 4
1585169817767 0.6754716634750366 5
1585169849928 0.677688717842102 6
1585169881914 0.6865566372871399 7
1585169913699 0.6810141801834106 8
1585169945586 0.6765801906585693 9
1585169977076 0.6876651048660278 10
1585170009373 0.6754717230796814 11
1585170041518 0.6881131529808044 12
1585170073808 0.7179480791091919 13
1585170105848 0.7853065729141235 14
1585170137874 0.8255895972251892 15
1585170169901 0.8512735962867737 16
1585170201644 0.8584905862808228 17
1585170233464 0.876533031463623 18
1585170265604 0.8722405433654785 19
1585170297299 0.8770990371704102 20
1585170328744 0.8698821067810059 21
1585170360700 0.8601650595664978 22
1585170392837 0.8733490109443665 23
1585170424751 0.8700235486030579 24
1585170456947 0.8643159866333008 25
1585170488884 0.8673820495605469 26
1585170520472 0.8670990467071533 27
1585170552659 0.8672405481338501 28
1585170584752 0.8523820638656616 29
1585170616813 0.8647405505180359 30
1585170649075 0.8562735319137573 31
1585170681117 0.865306556224823 32
1585170713190 0.8744574785232544 33
1585170745193 0.8772405385971069 34
1585170778436 0.8572406768798828 35
1585170810363 0.874599039554596 36
1585170842449 0.8841744661331177 37
1585170874135 0.8820990920066833 38
1585170906120 0.8805660009384155 39
1585170938506 0.8819575309753418 40
1585170970510 0.8780660033226013 41
1585171002340 0.8772405385971069 42
1585171034084 0.8795991539955139 43
1585171066166 0.8805660009384155 44
1585171098917 0.8787735104560852 45
1585171130764 0.8782075643539429 46
1585171162571 0.8809905648231506 47
1585171194379 0.8877829313278198 48
