1585169645122 0.8505749702453613 0
1585169677597 0.7582588195800781 1
1585169709576 0.7078867554664612 2
1585169741533 0.6801301836967468 3
1585169774216 0.6754475235939026 4
1585169806424 0.6602656841278076 5
1585169838536 0.6457200646400452 6
1585169870620 0.6216797232627869 7
1585169902380 0.6052224636077881 8
1585169934213 0.5718501210212708 9
1585169965989 0.5562986135482788 10
1585169997848 0.5302959084510803 11
1585170030104 0.5130652189254761 12
1585170062412 0.4972380995750427 13
1585170094417 0.4811260402202606 14
1585170126529 0.47060686349868774 15
1585170158582 0.4617390036582947 16
1585170190520 0.4516615867614746 17
1585170222398 0.44345393776893616 18
1585170254400 0.4297003746032715 19
1585170286141 0.42340755462646484 20
1585170317752 0.4110819399356842 21
1585170349422 0.4052536189556122 22
1585170381526 0.39615628123283386 23
1585170413419 0.38616713881492615 24
1585170445772 0.3826274573802948 25
1585170477541 0.3765341341495514 26
1585170509213 0.3726392984390259 27
1585170541240 0.36751022934913635 28
1585170573465 0.3626644015312195 29
1585170605497 0.35722681879997253 30
1585170637745 0.35529014468193054 31
1585170669784 0.35607919096946716 32
1585170701895 0.3488631844520569 33
1585170733850 0.3443984389305115 34
1585170765768 0.3399258255958557 35
1585170799222 0.3440191149711609 36
1585170831191 0.33535081148147583 37
1585170862845 0.3328835666179657 38
1585170894708 0.3291316628456116 39
1585170927054 0.3309035897254944 40
1585170959372 0.3254822790622711 41
1585170991209 0.32477107644081116 42
1585171022993 0.3222702145576477 43
1585171054869 0.31760355830192566 44
1585171086846 0.32133933901786804 45
1585171119430 0.3170544505119324 46
1585171151633 0.31605497002601624 47
1585171183057 0.30925530195236206 48
1585171215168 0.3081246614456177 49
