1585169645122 0.28348657488822937 0
1585169677597 0.42678162455558777 1
1585169709576 0.6142145395278931 2
1585169741533 0.67954021692276 3
1585169774216 0.676436722278595 4
1585169806424 0.6772413849830627 5
1585169838536 0.677241325378418 6
1585169870620 0.6796551942825317 7
1585169902380 0.676436722278595 8
1585169934213 0.6812644004821777 9
1585169965989 0.6756321787834167 10
1585169997848 0.680766224861145 11
1585170030104 0.6963217854499817 12
1585170062412 0.6991570591926575 13
1585170094417 0.7262069582939148 14
1585170126529 0.7579310536384583 15
1585170158582 0.7760153412818909 16
1585170190520 0.7924520969390869 17
1585170222398 0.7950958013534546 18
1585170254400 0.8160919547080994 19
1585170286141 0.802758514881134 20
1585170317752 0.8111494183540344 21
1585170349422 0.8068199157714844 22
1585170381526 0.8139846920967102 23
1585170413419 0.8286207318305969 24
1585170445772 0.8216474652290344 25
1585170477541 0.8154788613319397 26
1585170509213 0.8119539618492126 27
1585170541240 0.8252873420715332 28
1585170573465 0.8254788517951965 29
1585170605497 0.8243677616119385 30
1585170637745 0.8354789018630981 31
1585170669784 0.8285440802574158 32
1585170701895 0.8259003758430481 33
1585170733850 0.8475095629692078 34
1585170765768 0.8480076789855957 35
1585170799222 0.8368965983390808 36
1585170831191 0.8421455025672913 37
1585170862845 0.8423755168914795 38
1585170894708 0.8568965792655945 39
1585170927054 0.842260479927063 40
1585170959372 0.8531800508499146 41
1585170991209 0.8519539833068848 42
1585171022993 0.8496168255805969 43
1585171054869 0.8630651235580444 44
1585171086846 0.8495402336120605 45
1585171119430 0.8539846539497375 46
1585171151633 0.8460920453071594 47
1585171183057 0.8472030758857727 48
1585171215168 0.8629501461982727 49
