1585169645122 0.03446386754512787 0
1585169677597 0.008651548065245152 1
1585169709576 0.006249952130019665 2
1585169741533 0.010491324588656425 3
1585169774216 0.016841942444443703 4
1585169806424 0.024015722796320915 5
1585169838536 0.023849589750170708 6
1585169870620 0.014409825205802917 7
1585169902380 0.01124334242194891 8
1585169934213 0.004561466630548239 9
1585169965989 0.0033765940461307764 10
1585169997848 0.001988479634746909 11
1585170030104 0.004057682119309902 12
1585170062412 0.007535768207162619 13
1585170094417 0.011294458992779255 14
1585170126529 0.013886358588933945 15
1585170158582 0.015702281147241592 16
1585170190520 0.017148489132523537 17
1585170222398 0.017338179051876068 18
1585170254400 0.01791561022400856 19
1585170286141 0.017161458730697632 20
1585170317752 0.0164959579706192 21
1585170349422 0.015173569321632385 22
1585170381526 0.014214386232197285 23
1585170413419 0.013692478649318218 24
1585170445772 0.012324397452175617 25
1585170477541 0.011998850852251053 26
1585170509213 0.010562960058450699 27
1585170541240 0.010126760229468346 28
1585170573465 0.01028701663017273 29
1585170605497 0.010355530306696892 30
1585170637745 0.0097309285774827 31
1585170669784 0.009502069093286991 32
1585170701895 0.00975753553211689 33
1585170733850 0.009616534225642681 34
1585170765768 0.009658838622272015 35
1585170799222 0.009127981960773468 36
1585170831191 0.009816785342991352 37
1585170862845 0.009845519438385963 38
1585170894708 0.009417292661964893 39
1585170927054 0.0083141615614295 40
1585170959372 0.008901990018785 41
1585170991209 0.008571078069508076 42
1585171022993 0.008453233167529106 43
1585171054869 0.008523521013557911 44
1585171086846 0.007829555310308933 45
1585171119430 0.007900696247816086 46
1585171151633 0.007308150175958872 47
1585171183057 0.007899869233369827 48
1585171215168 0.007622185628861189 49
