1585169664340 0.30811119079589844 0
1585169696568 0.4400889277458191 1
1585169728708 0.6125553846359253 2
1585169761243 0.6753479242324829 3
1585169793433 0.67976313829422 4
1585169825598 0.6763565540313721 5
1585169857740 0.67746502161026 6
1585169889632 0.6831059455871582 7
1585169921252 0.6787254810333252 8
1585169953345 0.6789222955703735 9
1585169984937 0.6816486120223999 10
1585170017170 0.6781189441680908 11
1585170049242 0.6922174692153931 12
1585170081485 0.7085525989532471 13
1585170113671 0.7557567358016968 14
1585170145631 0.7917603254318237 15
1585170177709 0.8136444687843323 16
1585170209471 0.8254713416099548 17
1585170241516 0.8358144164085388 18
1585170273292 0.8441662788391113 19
1585170305117 0.8399287462234497 20
1585170336273 0.8405157327651978 21
1585170368499 0.8334925174713135 22
1585170400504 0.8436668515205383 23
1585170432555 0.8493221402168274 24
1585170464711 0.8429816961288452 25
1585170496613 0.8414304256439209 26
1585170528286 0.8395265340805054 27
1585170560448 0.8462639451026917 28
1585170592538 0.8389304876327515 29
1585170624659 0.8445541858673096 30
1585170656852 0.8458762168884277 31
1585170688962 0.8469253182411194 32
1585170720855 0.8501789569854736 33
1585170752872 0.862375020980835 34
1585170786252 0.8526241779327393 35
1585170818032 0.8557478189468384 36
1585170850139 0.8631600141525269 37
1585170881826 0.8622373342514038 38
1585170913834 0.8687312602996826 39
1585170946407 0.8621090054512024 40
1585170978329 0.8656229972839355 41
1585171010061 0.8645972609519958 42
1585171041934 0.8646079897880554 43
1585171073879 0.87181556224823 44
1585171106642 0.8641568422317505 45
1585171138612 0.8660961389541626 46
1585171170404 0.863541305065155 47
1585171202167 0.8674930334091187 48
