1585169664340 0.03085637465119362 0
1585169696568 0.00690716877579689 1
1585169728708 0.004582756198942661 2
1585169761243 0.007683745585381985 3
1585169793433 0.01303008385002613 4
1585169825598 0.01931742951273918 5
1585169857740 0.01894308440387249 6
1585169889632 0.011511923745274544 7
1585169921252 0.008191276341676712 8
1585169953345 0.0032141604460775852 9
1585169984937 0.003730224911123514 10
1585170017170 0.0031464197672903538 11
1585170049242 0.005860237870365381 12
1585170081485 0.010482033714652061 13
1585170113671 0.014628369361162186 14
1585170145631 0.01766238734126091 15
1585170177709 0.019583478569984436 16
1585170209471 0.021120287477970123 17
1585170241516 0.021927833557128906 18
1585170273292 0.021720457822084427 19
1585170305117 0.021336272358894348 20
1585170336273 0.019999049603939056 21
1585170368499 0.018352825194597244 22
1585170400504 0.01773773692548275 23
1585170432555 0.016921792179346085 24
1585170464711 0.01592426747083664 25
1585170496613 0.014772229827940464 26
1585170528286 0.013616358861327171 27
1585170560448 0.01231473684310913 28
1585170592538 0.011787963099777699 29
1585170624659 0.011579049751162529 30
1585170656852 0.011374300345778465 31
1585170688962 0.010880514979362488 32
1585170720855 0.01130843535065651 33
1585170752872 0.011118250899016857 34
1585170786252 0.010502876713871956 35
1585170818032 0.010427212342619896 36
1585170850139 0.010958806611597538 37
1585170881826 0.010883680544793606 38
1585170913834 0.010672328993678093 39
1585170946407 0.009062716737389565 40
1585170978329 0.009738627821207047 41
1585171010061 0.008781492710113525 42
1585171041934 0.008154909126460552 43
1585171073879 0.008735603652894497 44
1585171106642 0.007851546630263329 45
1585171138612 0.007904980331659317 46
1585171170404 0.0072976769879460335 47
1585171202167 0.008613266982138157 48
