1585169664340 0.8410864472389221 0
1585169696568 0.7483344078063965 1
1585169728708 0.6977862119674683 2
1585169761243 0.6698297262191772 3
1585169793433 0.6602188348770142 4
1585169825598 0.6494817733764648 5
1585169857740 0.6321892738342285 6
1585169889632 0.6042163968086243 7
1585169921252 0.5884312391281128 8
1585169953345 0.5623246431350708 9
1585169984937 0.5387529134750366 10
1585170017170 0.5187326669692993 11
1585170049242 0.4994678199291229 12
1585170081485 0.48268747329711914 13
1585170113671 0.46837735176086426 14
1585170145631 0.4578600525856018 15
1585170177709 0.44910675287246704 16
1585170209471 0.4388679265975952 17
1585170241516 0.4288784861564636 18
1585170273292 0.4161824584007263 19
1585170305117 0.4067646265029907 20
1585170336273 0.3971879184246063 21
1585170368499 0.39069533348083496 22
1585170400504 0.3792186379432678 23
1585170432555 0.3722110390663147 24
1585170464711 0.3644941449165344 25
1585170496613 0.3593063950538635 26
1585170528286 0.35456550121307373 27
1585170560448 0.3508132994174957 28
1585170592538 0.34696733951568604 29
1585170624659 0.3447633981704712 30
1585170656852 0.34036242961883545 31
1585170688962 0.3392491638660431 32
1585170720855 0.3314146399497986 33
1585170752872 0.32800111174583435 34
1585170786252 0.32715803384780884 35
1585170818032 0.32512664794921875 36
1585170850139 0.31829124689102173 37
1585170881826 0.3147316575050354 38
1585170913834 0.3127450942993164 39
1585170946407 0.31409701704978943 40
1585170978329 0.3076642155647278 41
1585171010061 0.30886223912239075 42
1585171041934 0.3090815842151642 43
1585171073879 0.30091392993927 44
1585171106642 0.3060399293899536 45
1585171138612 0.30175215005874634 46
1585171170404 0.30127936601638794 47
1585171202167 0.2939467132091522 48
