1585075546104 0.28348657488822937 0
1585075578518 0.6788505911827087 1
1585075611117 0.6796551942825317 2
1585075643911 0.6828736066818237 3
1585075676939 0.7913410067558289 4
1585075709263 0.7168198823928833 5
1585075741660 0.7872030735015869 6
1585075773901 0.8111493587493896 7
1585075806130 0.8144827485084534 8
1585075838682 0.7340612411499023 9
1585075871666 0.7078543901443481 10
1585075904346 0.7333716154098511 11
1585075936896 0.8047893643379211 12
1585075969376 0.8491188287734985 13
1585076001991 0.8478161692619324 14
1585076034171 0.8275095820426941 15
1585076066583 0.8209578990936279 16
1585076099208 0.8343678712844849 17
1585076132549 0.8527586460113525 18
1585076165095 0.872758686542511 19
1585076197800 0.8702298998832703 20
1585076230507 0.8818390965461731 21
1585076262989 0.8472030758857727 22
1585076296245 0.8541762828826904 23
1585076328665 0.882337212562561 24
1585076362244 0.8873946070671082 25
1585076394751 0.8873946070671082 26
1585076427798 0.8823371529579163 27
1585076460569 0.8765900135040283 28
1585076493408 0.8668965697288513 29
1585076525781 0.883563220500946 30
1585076558605 0.8907279968261719 31
1585076591427 0.8955938816070557 32
1585076624335 0.9007280468940735 33
1585076657220 0.9054788947105408 34
1585076689825 0.8954789042472839 35
1585076722326 0.8977011442184448 36
1585076754975 0.9156705141067505 37
1585076787662 0.9172030687332153 38
1585076819927 0.9047892689704895 39
1585076852714 0.9059770703315735 40
1585076885546 0.9121454954147339 41
1585076918758 0.9086973667144775 42
1585076951231 0.9261685609817505 43
1585076983662 0.9277011156082153 44
1585077016723 0.9140612483024597 45
1585077049499 0.9270880222320557 46
1585077082047 0.9162834882736206 47
1585077115082 0.9173946380615234 48
1585077147697 0.9283908009529114 49
1585077180224 0.9259769916534424 50
1585077212644 0.9351723790168762 51
1585077245055 0.9173946380615234 52
1585077277601 0.9288122653961182 53
1585077310178 0.9251723885536194 54
1585077342565 0.9334482550621033 55
1585077375175 0.9278925657272339 56
1585077408031 0.9336398243904114 57
1585077440816 0.9339463114738464 58
1585077473320 0.9281991124153137 59
1585077506197 0.9331417083740234 60
1585077538830 0.9364750981330872 61
1585077571336 0.9336398243904114 62
1585077604028 0.9301148653030396 63
1585077636871 0.9506130218505859 64
1585077669336 0.9356704354286194 65
1585077701608 0.9406130313873291 66
1585077734162 0.9375861287117004 67
1585077766916 0.9381991624832153 68
1585077800082 0.9361685514450073 69
1585077832644 0.9398083090782166 70
1585077865305 0.9442528486251831 71
1585077897486 0.9409194588661194 72
1585077929980 0.9373945593833923 73
1585077962781 0.9453639984130859 74
1585077995709 0.947394609451294 75
1585078028364 0.9542528986930847 76
1585078060855 0.9453638792037964 77
1585078094160 0.9472797513008118 78
1585078126776 0.9418390989303589 79
1585078160186 0.9445593357086182 80
1585078192872 0.9427585601806641 81
1585078225536 0.9312260150909424 82
1585078258100 0.9254022240638733 83
1585078291262 0.9490037560462952 84
1585078324216 0.9417241215705872 85
1585078357698 0.9503065943717957 86
1585078390462 0.9495018720626831 87
1585078423643 0.9550574421882629 88
1585078456154 0.9523371458053589 89
1585078488856 0.9634482264518738 90
1585078521516 0.960612952709198 91
1585078554071 0.9534482955932617 92
1585078586588 0.9564750790596008 93
1585078619364 0.9555556178092957 94
1585078652264 0.9507279992103577 95
1585078684695 0.9509194493293762 96
1585078717489 0.9614176154136658 97
1585078750135 0.9556704759597778 98
1585078782301 0.9564750790596008 99
1585078814937 0.9611110687255859 100
1585078847576 0.9555556178092957 101
1585078879969 0.9639463424682617 102
1585078912366 0.9586973190307617 103
1585078944730 0.9599999189376831 104
1585078977376 0.951839029788971 105
1585079010005 0.9531417489051819 106
1585079042702 0.949310302734375 107
1585079075412 0.9601148962974548 108
1585079107972 0.9628351926803589 109
1585079140375 0.9564750790596008 110
1585079172925 0.9661685228347778 111
1585079205261 0.9670880436897278 112
1585079238722 0.9506130218505859 113
1585079271021 0.9672796726226807 114
1585079303420 0.955363929271698 115
1585079336139 0.9509195685386658 116
1585079369567 0.959003746509552 117
1585079402719 0.9556704759597778 118
1585079435289 0.9581992030143738 119
1585079467784 0.9658620953559875 120
1585079500246 0.9620306491851807 121
1585079532454 0.952835202217102 122
1585079564693 0.9558620452880859 123
1585079597136 0.9678926467895508 124
1585079629559 0.9581992030143738 125
1585079662435 0.9691953659057617 126
1585079695168 0.9650574922561646 127
1585079727946 0.9606130719184875 128
1585079760907 0.9686973690986633 129
1585079793660 0.958084225654602 130
1585079826291 0.9468965530395508 131
1585079859227 0.9596167802810669 132
1585079892660 0.9516474604606628 133
1585079925258 0.9609194993972778 134
1585079957970 0.9703065156936646 135
1585079990627 0.9683907628059387 136
1585080023383 0.959003746509552 137
1585080055708 0.9622222185134888 138
1585080088136 0.9653639197349548 139
1585080120784 0.9628351926803589 140
1585080153468 0.9683907628059387 141
1585080186069 0.967777669429779 142
1585080218722 0.9603064656257629 143
1585080251188 0.964252769947052 144
1585080284561 0.9620306491851807 145
1585080317153 0.968390703201294 146
1585080349591 0.9647509455680847 147
1585080382872 0.9678926467895508 148
1585080415451 0.9575095772743225 149
1585080448247 0.9645593762397766 150
1585080480661 0.959808349609375 151
1585080512835 0.9733333587646484 152
1585080545350 0.9750574231147766 153
1585080577783 0.9695019125938416 154
1585080610480 0.9714176654815674 155
1585080643220 0.9672796726226807 156
1585080676015 0.972030520439148 157
1585080708534 0.9736397862434387 158
1585080740467 0.9661685228347778 159
1585080773515 0.9777777194976807 160
1585080806287 0.9736397862434387 161
1585080838571 0.966781497001648 162
1585080871262 0.9725286960601807 163
1585080903878 0.9680842161178589 164
1585080936784 0.9747509360313416 165
1585080969203 0.9678926467895508 166
1585081001883 0.9681991934776306 167
1585081034706 0.9683907628059387 168
1585081067295 0.9675862193107605 169
1585081099860 0.9695019125938416 170
1585081132275 0.9736397862434387 171
1585081166103 0.9722222089767456 172
1585081198796 0.9712259769439697 173
1585081231538 0.9731416702270508 174
1585081264355 0.9747509360313416 175
1585081296886 0.9744443893432617 176
1585081329282 0.9669731855392456 177
1585081362234 0.9715325236320496 178
1585081394959 0.9637546539306641 179
1585081429948 0.9677777886390686 180
1585081462442 0.9695019125938416 181
1585081494748 0.9750574231147766 182
1585081527227 0.9669731259346008 183
1585081559829 0.9675862193107605 184
1585081592117 0.9672796726226807 185
1585081624460 0.9788888096809387 186
1585081657895 0.9681991934776306 187
1585081690170 0.9780842661857605 188
1585081722698 0.9725286960601807 189
1585081755185 0.9648659229278564 190
1585081787591 0.9706129431724548 191
1585081819979 0.9683907628059387 192
1585081852467 0.9725286960601807 193
1585081884847 0.975555419921875 194
1585081917491 0.9783906936645508 195
1585081950100 0.9744443893432617 196
1585081982821 0.9647510647773743 197
1585082016357 0.9711111187934875 198
1585082048765 0.9728352427482605 199
1585082080885 0.9715326428413391 200
1585082113523 0.9836398363113403 201
1585082146143 0.9703065156936646 202
1585082178935 0.9739463925361633 203
1585082211429 0.9788888096809387 204
1585082244252 0.9706129431724548 205
1585082277032 0.9758619666099548 206
1585082309664 0.9747509360313416 207
1585082342362 0.9725287556648254 208
1585082375127 0.9811111092567444 209
1585082407738 0.9783908128738403 210
1585082440076 0.9706129431724548 211
1585082472821 0.9680842161178589 212
1585082505598 0.9788888096809387 213
1585082537970 0.9717240929603577 214
1585082570423 0.9691953659057617 215
1585082603265 0.9814175367355347 216
1585082635626 0.9739463925361633 217
1585082668161 0.9717240929603577 218
1585082701203 0.9822222590446472 219
1585082734052 0.9615325927734375 220
1585082766501 0.9769732356071472 221
1585082799352 0.9758620858192444 222
1585082831976 0.9753639698028564 223
1585082864497 0.9750574231147766 224
1585082896711 0.9709194898605347 225
1585082929161 0.98333340883255 226
1585082962153 0.9750574231147766 227
1585082994884 0.972030520439148 228
1585083027518 0.9758619666099548 229
1585083060220 0.964252769947052 230
1585083093348 0.9780842661857605 231
1585083125898 0.9728352427482605 232
1585083158563 0.9795018434524536 233
1585083191561 0.9711111187934875 234
1585083224143 0.9772796630859375 235
1585083256827 0.9717242121696472 236
1585083289379 0.9772796630859375 237
1585083321804 0.9806129932403564 238
1585083354709 0.9811111092567444 239
1585083389016 0.9731416702270508 240
1585083421562 0.9766665697097778 241
1585083453825 0.9769731163978577 242
1585083486423 0.9769731163978577 243
1585083518979 0.9761685132980347 244
1585083551840 0.9795018434524536 245
1585083584255 0.9814175367355347 246
1585083617001 0.9811111092567444 247
1585083649543 0.9833332896232605 248
1585083682477 0.9736397862434387 249
1585083714959 0.9855554699897766 250
1585083747478 0.9855554699897766 251
1585083780043 0.967586100101471 252
1585083812778 0.9778926968574524 253
1585083845212 0.9750574231147766 254
1585083877688 0.9803064465522766 255
1585083910172 0.9769731163978577 256
1585083943402 0.9764750599861145 257
1585083976078 0.9643677473068237 258
1585084009273 0.9799999594688416 259
1585084041865 0.9778926968574524 260
1585084074489 0.9747509360313416 261
1585084107192 0.9650574922561646 262
1585084140759 0.9822222590446472 263
1585084173628 0.9877777099609375 264
1585084206380 0.9772796630859375 265
1585084239117 0.9772796630859375 266
1585084271949 0.9836398363113403 267
1585084304640 0.9775860905647278 268
1585084337530 0.9780842661857605 269
1585084369668 0.9822221398353577 270
1585084402207 0.9833332896232605 271
1585084434816 0.9775862097740173 272
1585084467236 0.9783906936645508 273
1585084499515 0.9822222590446472 274
1585084532159 0.9791954159736633 275
1585084564475 0.9736397862434387 276
1585084598447 0.9806129932403564 277
1585084631832 0.9769732356071472 278
1585084666455 0.9825286865234375 279
1585084699114 0.9780842661857605 280
1585084731687 0.9844444394111633 281
1585084764579 0.9817240238189697 282
1585084797183 0.977279543876648 283
1585084829859 0.9866666793823242 284
1585084862390 0.9795018434524536 285
1585084895133 0.9814175367355347 286
1585084927741 0.9811111092567444 287
1585084960586 0.9715325236320496 288
1585084993137 0.9811111092567444 289
1585085025630 0.9844444394111633 290
1585085058327 0.9723370671272278 291
1585085091930 0.9791954159736633 292
1585085124392 0.9733333587646484 293
1585085156668 0.9836398363113403 294
1585085189250 0.9855554699897766 295
1585085221989 0.9780842661857605 296
1585085254634 0.9842528104782104 297
1585085287127 0.9825286865234375 298
1585085320067 0.9709194898605347 299
1585085352903 0.9836398363113403 300
1585085385499 0.9850574135780334 301
1585085418090 0.9731416702270508 302
1585085450725 0.9847509860992432 303
1585085483172 0.9788888096809387 304
1585085515637 0.9814175367355347 305
1585085548325 0.9791954159736633 306
1585085580569 0.9791954159736633 307
1585085613329 0.9758620858192444 308
1585085645999 0.9748659133911133 309
1585085678917 0.9806129932403564 310
1585085711560 0.9825286865234375 311
1585085744149 0.982528805732727 312
1585085776643 0.9798083901405334 313
1585085809027 0.9814175367355347 314
1585085841384 0.9866665601730347 315
1585085873940 0.9869731068611145 316
1585085906524 0.9861685633659363 317
1585085938976 0.9811111092567444 318
1585085971384 0.9744445085525513 319
1585086004141 0.9855554699897766 320
1585086036637 0.9877777099609375 321
1585086069283 0.9825286865234375 322
1585086102096 0.9780842661857605 323
1585086134688 0.9858620762825012 324
1585086167232 0.9764750003814697 325
1585086200529 0.9847509860992432 326
1585086232948 0.9842528104782104 327
1585086265626 0.9811111092567444 328
1585086298364 0.9791954159736633 329
1585086331189 0.9839462637901306 330
1585086363803 0.9855554699897766 331
1585086396415 0.9799999594688416 332
1585086428974 0.9855555295944214 333
1585086461749 0.9811111092567444 334
1585086494252 0.9858620166778564 335
1585086526609 0.9683907628059387 336
1585086559097 0.9806129932403564 337
1585086591466 0.9696167707443237 338
1585086623961 0.9748657941818237 339
1585086656549 0.9725286960601807 340
1585086689507 0.9780842661857605 341
1585086722128 0.9822222590446472 342
1585086754692 0.9769732356071472 343
1585086787113 0.9761685132980347 344
1585086819624 0.9814175367355347 345
1585086852194 0.9576244354248047 346
1585086886014 0.9772796630859375 347
1585086918597 0.9847508668899536 348
1585086951103 0.9814175367355347 349
1585086983649 0.9806129932403564 350
1585087016335 0.9866665601730347 351
1585087048950 0.9817240834236145 352
1585087081506 0.9825286865234375 353
1585087114259 0.9847509860992432 354
1585087146759 0.9791954159736633 355
1585087179059 0.9817240834236145 356
1585087211547 0.9847509860992432 357
1585087244489 0.990306556224823 358
1585087277264 0.9869731068611145 359
1585087309796 0.989501953125 360
1585087342461 0.9836398363113403 361
1585087375011 0.9911110401153564 362
1585087408165 0.9858620166778564 363
1585087440392 0.98333340883255 364
1585087472690 0.9806129932403564 365
1585087504908 0.9775860905647278 366
1585087537389 0.9844444394111633 367
1585087571071 0.9861685633659363 368
1585087604183 0.9822222590446472 369
1585087636971 0.9769732356071472 370
1585087669733 0.9869731068611145 371
1585087703326 0.9739462733268738 372
1585087735945 0.9900000095367432 373
1585087769395 0.9836398363113403 374
1585087801898 0.9844444394111633 375
1585087834471 0.9844444394111633 376
1585087867312 0.9828352332115173 377
1585087900065 0.9847509860992432 378
1585087932804 0.9833332896232605 379
1585087965480 0.9866665601730347 380
1585087998198 0.9858620166778564 381
1585088030975 0.9900000095367432 382
1585088063592 0.9836398363113403 383
1585088096302 0.9877777099609375 384
1585088128689 0.9750574231147766 385
1585088161215 0.9911110997200012 386
1585088193692 0.9877777099609375 387
1585088226387 0.9869731068611145 388
1585088258861 0.9847509860992432 389
1585088291731 0.9786972403526306 390
1585088324920 0.9822222590446472 391
1585088357718 0.9811111092567444 392
1585088391268 0.9822222590446472 393
1585088423772 0.9877777099609375 394
1585088456369 0.9869731068611145 395
1585088488665 0.9828352332115173 396
1585088521688 0.9828352332115173 397
1585088554165 0.9806129932403564 398
1585088586565 0.975555419921875 399
1585088619297 0.9877777099609375 400
