1585075557521 0.027248883619904518 0
1585075589919 1.4595897197723389 1
1585075622759 0.8711960315704346 2
1585075655586 0.035044994205236435 3
1585075688262 0.012814869172871113 4
1585075720701 0.02367267943918705 5
1585075752987 0.0014243049081414938 6
1585075785206 0.006472066976130009 7
1585075817613 0.002434804104268551 8
1585075850112 0.0049565802328288555 9
1585075883097 0.025634825229644775 10
1585075915792 0.015142576768994331 11
1585075948252 0.0013110680738463998 12
1585075980870 0.0033293443266302347 13
1585076013334 0.0053588878363370895 14
1585076045505 0.013900958932936192 15
1585076078060 0.02393440157175064 16
1585076110883 0.02198222279548645 17
1585076144065 0.013994104228913784 18
1585076176623 0.008969764225184917 19
1585076209083 0.007961687631905079 20
1585076242029 0.003696870058774948 21
1585076274686 0.009558523073792458 22
1585076307752 0.008879461325705051 23
1585076340150 0.001620587077923119 24
1585076373661 0.003173872595652938 25
1585076406262 0.006399031262844801 26
1585076439244 0.0051702940836548805 27
1585076472024 0.010515019297599792 28
1585076504809 0.023288972675800323 29
1585076537260 0.013409007340669632 30
1585076570143 0.009978286921977997 31
1585076603235 0.004516676999628544 32
1585076635980 0.004855454433709383 33
1585076668627 0.001972201280295849 34
1585076701361 0.004611364100128412 35
1585076733835 0.0020022925455123186 36
1585076766551 0.0052187759429216385 37
1585076798992 0.0020078381057828665 38
1585076831214 0.006654515862464905 39
1585076864244 0.001797960721887648 40
1585076896965 0.002205741126090288 41
1585076930061 0.005822599865496159 42
1585076962646 0.0032438456546515226 43
1585076995070 0.0014596439432352781 44
1585077028176 0.002434410387650132 45
1585077061070 0.0026135481894016266 46
1585077093729 0.0013762637972831726 47
1585077126530 0.0026566488668322563 48
1585077159234 0.0011258777230978012 49
1585077191751 0.0036395799834281206 50
1585077224119 0.0011675170389935374 51
1585077256490 0.0022621117532253265 52
1585077289025 0.0050805797800421715 53
1585077321649 0.0018946940544992685 54
1585077354160 0.0018619911279529333 55
1585077386823 0.002843292662873864 56
1585077419477 0.001572546549141407 57
1585077452185 0.0009983116760849953 58
1585077484837 0.0015979900490492582 59
1585077517658 0.003939018119126558 60
1585077550358 0.002832733327522874 61
1585077582861 0.0018307679565623403 62
1585077615716 0.0007628420135006309 63
1585077648375 0.0016372890677303076 64
1585077680576 0.0029875310137867928 65
1585077712956 0.0021041883155703545 66
1585077745751 0.002253140788525343 67
1585077778574 0.0020822917576879263 68
1585077811591 0.0017268036026507616 69
1585077844251 0.0023266253992915154 70
1585077876748 0.0023049158044159412 71
1585077908974 0.002185859950259328 72
1585077941461 0.0021601449698209763 73
1585077974308 0.0018802646081894636 74
1585078007239 0.0022818860597908497 75
1585078039939 0.0038427170366048813 76
1585078072645 0.0038047691341489553 77
1585078105726 0.002429584041237831 78
1585078138144 0.002972221467643976 79
1585078171647 0.002149556064978242 80
1585078204321 0.002349479589611292 81
1585078237056 0.002498298417776823 82
1585078269600 0.0024548096116632223 83
1585078303242 0.0032832070719450712 84
1585078336732 0.001960724126547575 85
1585078368988 0.0027304813265800476 86
1585078402021 0.002152483444660902 87
1585078434935 0.0028505916707217693 88
1585078467590 0.0027265280950814486 89
1585078500365 0.003857244038954377 90
1585078533027 0.0032259831205010414 91
1585078565500 0.004044925328344107 92
1585078598088 0.003478795289993286 93
1585078630862 0.002684700069949031 94
1585078663590 0.0038006450049579144 95
1585078696162 0.0026752171106636524 96
1585078728909 0.004134370479732752 97
1585078761424 0.0035556741058826447 98
1585078793841 0.0032131175976246595 99
1585078826445 0.0037887822836637497 100
1585078858959 0.0036304162349551916 101
1585078891299 0.0032057345379143953 102
1585078923797 0.0027534279506653547 103
1585078956078 0.00397968664765358 104
1585078988924 0.0027976087294518948 105
1585079021505 0.003351145889610052 106
1585079054215 0.0036639764439314604 107
1585079086785 0.0036974039394408464 108
1585079119426 0.0030102296732366085 109
1585079151728 0.0027282112278044224 110
1585079184295 0.003708835691213608 111
1585079217593 0.00399803277105093 112
1585079250085 0.004310221876949072 113
1585079282425 0.003846964566037059 114
1585079314761 0.003315787063911557 115
1585079347666 0.0030703318770974874 116
1585079381075 0.003169021802023053 117
1585079414191 0.0030759358778595924 118
1585079446759 0.0037054449785500765 119
1585079479196 0.003237406024709344 120
1585079511538 0.003190351650118828 121
1585079543767 0.0029850564897060394 122
1585079576171 0.003326695179566741 123
1585079608674 0.003500093938782811 124
1585079641319 0.003808574751019478 125
1585079674070 0.0034350501373410225 126
1585079706439 0.002981704194098711 127
1585079739725 0.0033581112511456013 128
1585079772228 0.0035830317065119743 129
1585079805208 0.0040876190178096294 130
1585079837783 0.005135971587151289 131
1585079871424 0.004117114935070276 132
1585079904150 0.003953793551772833 133
1585079936879 0.002523859031498432 134
1585079969509 0.003806366818025708 135
1585080002282 0.00416938029229641 136
1585080034768 0.004575039725750685 137
1585080067197 0.003883552039042115 138
1585080099843 0.0044060153886675835 139
1585080132194 0.0030707530677318573 140
1585080165266 0.002698271069675684 141
1585080197480 0.0035425974056124687 142
1585080230289 0.004280014429241419 143
1585080262475 0.004170071799308062 144
1585080296067 0.0038552230689674616 145
1585080328533 0.004402268677949905 146
1585080361152 0.003036295296624303 147
1585080394486 0.004104352090507746 148
1585080427103 0.003834616392850876 149
1585080459751 0.003924202173948288 150
1585080491936 0.003739394713193178 151
1585080524362 0.0032268420327454805 152
1585080556801 0.0037165400572121143 153
1585080589198 0.00305479415692389 154
1585080621979 0.0029720193706452847 155
1585080654660 0.0035610729828476906 156
1585080687598 0.00381229049526155 157
1585080719584 0.003119161818176508 158
1585080751915 0.003857624949887395 159
1585080785191 0.0033746573608368635 160
1585080817761 0.003473785240203142 161
1585080850210 0.0032262136228382587 162
1585080882790 0.003909439314156771 163
1585080915496 0.004433174151927233 164
1585080948165 0.004288066644221544 165
1585080980740 0.0035451834555715322 166
1585081013466 0.0044070458970963955 167
1585081046102 0.0033513386733829975 168
1585081078814 0.003673545317724347 169
1585081111295 0.0032344528008252382 170
1585081143926 0.003840954275801778 171
1585081177579 0.003993404097855091 172
1585081210300 0.00303703173995018 173
1585081243041 0.0030415626242756844 174
1585081275754 0.0033020186237990856 175
1585081308297 0.0033443511929363012 176
1585081341156 0.0027331828605383635 177
1585081373680 0.003043896984308958 178
1585081408804 0.0042473673820495605 179
1585081441464 0.0032105082646012306 180
1585081473771 0.0039812675677239895 181
1585081506220 0.004197609145194292 182
1585081538834 0.003175381338223815 183
1585081571261 0.00391459371894598 184
1585081603556 0.0033470240887254477 185
1585081636708 0.004317268263548613 186
1585081669253 0.004698400851339102 187
1585081701704 0.003845907747745514 188
1585081734140 0.004674065858125687 189
1585081766685 0.0029696582350879908 190
1585081798957 0.0026681723538786173 191
1585081831429 0.0037093881983309984 192
1585081863886 0.00345817394554615 193
1585081896282 0.0030258013866841793 194
1585081928892 0.003073648316785693 195
1585081961824 0.003902121912688017 196
1585081995112 0.002951886970549822 197
1585082027755 0.0038785755168646574 198
1585082060151 0.0027495911344885826 199
1585082092389 0.003895614994689822 200
1585082124955 0.0038695363327860832 201
1585082157776 0.005499551072716713 202
1585082190360 0.004070793278515339 203
1585082222772 0.0037346372846513987 204
1585082255814 0.00365833449177444 205
1585082288523 0.003492028685286641 206
1585082321307 0.0039691077545285225 207
1585082353959 0.00391160324215889 208
1585082386659 0.0035878648050129414 209
1585082419032 0.004010164178907871 210
1585082451587 0.003941523376852274 211
1585082484562 0.003749449970200658 212
1585082516868 0.004153321031481028 213
1585082549418 0.002849681070074439 214
1585082581874 0.003625706769526005 215
1585082614667 0.003794074058532715 216
1585082647115 0.0037338733673095703 217
1585082680173 0.004114809911698103 218
1585082712904 0.004167403094470501 219
1585082745526 0.0052603003568947315 220
1585082778305 0.0037902400363236666 221
1585082810857 0.003419809974730015 222
1585082843239 0.003448281204327941 223
1585082875750 0.004550999961793423 224
1585082908040 0.003000450786203146 225
1585082940781 0.003650825470685959 226
1585082973796 0.0041947211138904095 227
1585083006505 0.0037155316676944494 228
1585083039103 0.003800445469096303 229
1585083071976 0.0038032608572393656 230
1585083104836 0.0035480239894241095 231
1585083137395 0.0031173613388091326 232
1585083170133 0.004257762338966131 233
1585083203061 0.003248604480177164 234
1585083235690 0.0037602465599775314 235
1585083268169 0.003093400737270713 236
1585083300800 0.00425817770883441 237
1585083333368 0.0041206469759345055 238
1585083366009 0.003914481028914452 239
1585083400510 0.003947029355913401 240
1585083432840 0.0027581460308283567 241
1585083465005 0.004057176411151886 242
1585083497869 0.00395446689799428 243
1585083530376 0.0036712889559566975 244
1585083563221 0.003040200797840953 245
1585083595726 0.0038143382407724857 246
1585083628491 0.0036107096821069717 247
1585083661347 0.004467545077204704 248
1585083693854 0.003464797744527459 249
1585083726348 0.0033604884520173073 250
1585083758961 0.0034505240619182587 251
1585083791571 0.0038720460142940283 252
1585083824116 0.003843960352241993 253
1585083856653 0.004152428824454546 254
1585083889231 0.0034983498044312 255
1585083921677 0.004041911102831364 256
1585083954942 0.0033341567032039165 257
1585083988099 0.003940879832953215 258
1585084020710 0.0035892846062779427 259
1585084053332 0.003272607456892729 260
1585084086048 0.003183335531502962 261
1585084118684 0.004078597761690617 262
1585084152206 0.003960927948355675 263
1585084185251 0.0037971194833517075 264
1585084217862 0.0037439214065670967 265
1585084250549 0.003703913651406765 266
1585084283373 0.00296956324018538 267
1585084316103 0.003803346771746874 268
1585084348689 0.0036907789763063192 269
1585084381249 0.0033712047152221203 270
1585084413674 0.003612193511798978 271
1585084446261 0.0039045242592692375 272
1585084478664 0.0033510441426187754 273
1585084511019 0.0026159740518778563 274
1585084543653 0.004040918778628111 275
1585084575805 0.0027528193313628435 276
1585084610697 0.0034829615615308285 277
1585084643394 0.003092017490416765 278
1585084678019 0.00306061957962811 279
1585084710529 0.0033722983207553625 280
1585084743360 0.0034676240757107735 281
1585084775926 0.003135278820991516 282
1585084808637 0.003599711460992694 283
1585084841331 0.003226911649107933 284
1585084873902 0.0036549349315464497 285
1585084906624 0.0038748534861952066 286
1585084939144 0.0027917586266994476 287
1585084972046 0.00358458049595356 288
1585085004589 0.003622113959863782 289
1585085037348 0.0046314275823533535 290
1585085070366 0.003498000092804432 291
1585085103427 0.004397893324494362 292
1585085135705 0.0033996757119894028 293
1585085167973 0.0033347434364259243 294
1585085201000 0.003208620473742485 295
1585085233619 0.0036930907517671585 296
1585085266071 0.00339661561883986 297
1585085298836 0.0045572142116725445 298
1585085331780 0.0037509158719331026 299
1585085364337 0.003951750695705414 300
1585085397124 0.0037592260632663965 301
1585085429501 0.004077967256307602 302
1585085462163 0.0036583044566214085 303
1585085494638 0.0030414778739213943 304
1585085527326 0.003931217826902866 305
1585085559757 0.003535190597176552 306
1585085592164 0.003322833916172385 307
1585085625003 0.0034561471547931433 308
1585085657662 0.003267061896622181 309
1585085690466 0.0034347320906817913 310
1585085722931 0.003777801990509033 311
1585085755584 0.0035887747071683407 312
1585085788060 0.003787238849326968 313
1585085820392 0.003877155249938369 314
1585085852947 0.003836460644379258 315
1585085885464 0.00262851663865149 316
1585085917973 0.003240216989070177 317
1585085950402 0.0030988287180662155 318
1585085982971 0.0033654256258159876 319
1585086015611 0.0031617111526429653 320
1585086048108 0.0035791522823274136 321
1585086081134 0.0031657496001571417 322
1585086113682 0.003934662789106369 323
1585086146162 0.0031752847135066986 324
1585086178665 0.0036962733138352633 325
1585086211840 0.003546877996996045 326
1585086244629 0.0037577366456389427 327
1585086277133 0.003568248823285103 328
1585086310018 0.0033652689307928085 329
1585086342580 0.003796593751758337 330
1585086375355 0.003204398090019822 331
1585086407960 0.0036167206708341837 332
1585086440479 0.00310703762806952 333
1585086473187 0.0040063573978841305 334
1585086505780 0.003610075917094946 335
1585086538102 0.0035428295377641916 336
1585086570502 0.0038608978502452374 337
1585086602758 0.004135020077228546 338
1585086635493 0.0032294855918735266 339
1585086668098 0.0036655287258327007 340
1585086700898 0.002425725571811199 341
1585086733572 0.003924059681594372 342
1585086766090 0.003776832018047571 343
1585086798512 0.003541064914315939 344
1585086831085 0.003919306211173534 345
1585086863567 0.003676516003906727 346
1585086897469 0.0033009005710482597 347
1585086929988 0.003348398022353649 348
1585086962545 0.0032574560027569532 349
1585086995091 0.003979683853685856 350
1585087027806 0.00419008219614625 351
1585087060299 0.00423148600384593 352
1585087092961 0.0026829487178474665 353
1585087125763 0.0035189478658139706 354
1585087158093 0.003713421057909727 355
1585087190513 0.0035744395572692156 356
1585087223215 0.003321689087897539 357
1585087256226 0.0034883380867540836 358
1585087288732 0.0042656282894313335 359
1585087321297 0.003847498446702957 360
1585087353861 0.003425197908654809 361
1585087386967 0.004056675359606743 362
1585087419417 0.0033122063614428043 363
1585087451626 0.003230010624974966 364
1585087483858 0.003224817104637623 365
1585087516380 0.00342593714594841 366
1585087548810 0.003535428550094366 367
1585087582891 0.003562453668564558 368
1585087615786 0.0036387343425303698 369
1585087648393 0.0033842071425169706 370
1585087681181 0.0040406291373074055 371
1585087714811 0.004510245751589537 372
1585087748093 0.0035160956904292107 373
1585087780867 0.0031601181253790855 374
1585087813400 0.002957494929432869 375
1585087845983 0.0034037556033581495 376
1585087878859 0.003992893733084202 377
1585087911751 0.003559948643669486 378
1585087944287 0.0033192127011716366 379
1585087977003 0.0031788209453225136 380
1585088009735 0.0026431982405483723 381
1585088042286 0.0028115171007812023 382
1585088075079 0.0030981567688286304 383
1585088107682 0.0030339432414621115 384
1585088140121 0.0032290094532072544 385
1585088172613 0.0034229427110403776 386
1585088205319 0.002711489563807845 387
1585088237847 0.003627164289355278 388
1585088270585 0.002546114381402731 389
1585088303195 0.003740700427442789 390
1585088336463 0.0035665801260620356 391
1585088370121 0.003535614814609289 392
1585088402773 0.0034974603913724422 393
1585088435080 0.0038310701493173838 394
1585088467872 0.0037114399019628763 395
1585088500132 0.003506814129650593 396
1585088533050 0.003733353689312935 397
1585088565520 0.0034209636505693197 398
1585088598121 0.0036572618409991264 399
1585088630668 0.003202999010682106 400
