1585075557521 0.3327358365058899 0
1585075589919 0.6865565776824951 1
1585075622759 0.6799056529998779 2
1585075655586 0.6810141801834106 3
1585075688262 0.8353065848350525 4
1585075720701 0.725165069103241 5
1585075752987 0.8262736201286316 6
1585075785206 0.8723820447921753 7
1585075817613 0.8550235629081726 8
1585075850112 0.7524056434631348 9
1585075883097 0.7316980361938477 10
1585075915792 0.7717217206954956 11
1585075948252 0.8503065705299377 12
1585075980870 0.8684905767440796 13
1585076013334 0.8855659365653992 14
1585076045505 0.8823820352554321 15
1585076078060 0.8772405385971069 16
1585076110883 0.8857074975967407 17
1585076144065 0.8827829957008362 18
1585076176623 0.8745990991592407 19
1585076209083 0.8722406029701233 20
1585076242029 0.86252361536026 21
1585076274686 0.8433727025985718 22
1585076307752 0.8659905791282654 23
1585076340150 0.8759905695915222 24
1585076373661 0.8733490705490112 25
1585076406262 0.887099027633667 26
1585076439244 0.8894575834274292 27
1585076472024 0.8869575262069702 28
1585076504809 0.8836320638656616 29
1585076537260 0.887099027633667 30
1585076570143 0.8900235891342163 31
1585076603235 0.8959906101226807 32
1585076635980 0.8857076168060303 33
1585076668627 0.8862735629081726 34
1585076701361 0.869457483291626 35
1585076733835 0.8857074975967407 36
1585076766551 0.8979244232177734 37
1585076798992 0.903207540512085 38
1585076831214 0.9005659222602844 39
1585076864244 0.8944574594497681 40
1585076896965 0.9015330076217651 41
1585076930061 0.899599015712738 42
1585076962646 0.8908490538597107 43
1585076995070 0.910565972328186 44
1585077028176 0.9119575023651123 45
1585077061070 0.9144575595855713 46
1585077093729 0.904740571975708 47
1585077126530 0.909032940864563 48
1585077159234 0.9037735462188721 49
1585077191751 0.8955659866333008 50
1585077224119 0.9107074737548828 51
1585077256490 0.9093160033226013 52
1585077289025 0.9145990610122681 53
1585077321649 0.9129244685173035 54
1585077354160 0.9116744995117188 55
1585077386823 0.9133490920066833 56
1585077419477 0.9130659699440002 57
1585077452185 0.9039150476455688 58
1585077484837 0.9141744375228882 59
1585077517658 0.9144574403762817 60
1585077550358 0.9108490943908691 61
1585077582861 0.9144574403762817 62
1585077615716 0.9170990586280823 63
1585077648375 0.9227830171585083 64
1585077680576 0.9177830219268799 65
1585077712956 0.9122405648231506 66
1585077745751 0.9180660247802734 67
1585077778574 0.9241744875907898 68
1585077811591 0.9180660247802734 69
1585077844251 0.9230660200119019 70
1585077876748 0.9280659556388855 71
1585077908974 0.9245990514755249 72
1585077941461 0.9182075262069702 73
1585077974308 0.9195990562438965 74
1585078007239 0.9177830219268799 75
1585078039939 0.9136320352554321 76
1585078072645 0.9173821210861206 77
1585078105726 0.9205660223960876 78
1585078138144 0.9277830123901367 79
1585078171647 0.9230659604072571 80
1585078204321 0.9219574928283691 81
1585078237056 0.9304244518280029 82
1585078269600 0.9233490228652954 83
1585078303242 0.9148821234703064 84
1585078336732 0.9268159866333008 85
1585078368988 0.9327829480171204 86
1585078402021 0.9329244494438171 87
1585078434935 0.9268159866333008 88
1585078467590 0.928207516670227 89
1585078500365 0.9290329217910767 90
1585078533027 0.9244575500488281 91
1585078565500 0.9338915348052979 92
1585078598088 0.9315330386161804 93
1585078630862 0.9291744828224182 94
1585078663590 0.9340329170227051 95
1585078696162 0.9195990562438965 96
1585078728909 0.9402830004692078 97
1585078761424 0.9291744232177734 98
1585078793841 0.933349072933197 99
1585078826445 0.9332075119018555 100
1585078858959 0.9363914728164673 101
1585078891299 0.9302830100059509 102
1585078923797 0.9247405529022217 103
1585078956078 0.9354245066642761 104
1585078988924 0.9415329694747925 105
1585079021505 0.9290330410003662 106
1585079054215 0.9365329742431641 107
1585079086785 0.9343159794807434 108
1585079119426 0.9379245042800903 109
1585079151728 0.9220990538597107 110
1585079184295 0.9430660009384155 111
1585079217593 0.9415329694747925 112
1585079250085 0.9308490753173828 113
1585079282425 0.9413914084434509 114
1585079314761 0.9280659556388855 115
1585079347666 0.9338914752006531 116
1585079381075 0.9382075071334839 117
1585079414191 0.9304244518280029 118
1585079446759 0.9390329718589783 119
1585079479196 0.9391745328903198 120
1585079511538 0.9343159794807434 121
1585079543767 0.9330660104751587 122
1585079576171 0.940282940864563 123
1585079608674 0.9452829957008362 124
1585079641319 0.9384905695915222 125
1585079674070 0.9366744756698608 126
1585079706439 0.9405660033226013 127
1585079739725 0.9379244446754456 128
1585079772228 0.9354245066642761 129
1585079805208 0.9415330290794373 130
1585079837783 0.9463915228843689 131
1585079871424 0.9369574785232544 132
1585079904150 0.9308490753173828 133
1585079936879 0.9209905862808228 134
1585079969509 0.9391745328903198 135
1585080002282 0.9463915228843689 136
1585080034768 0.9466744661331177 137
1585080067197 0.9379245042800903 138
1585080099843 0.9451414942741394 139
1585080132194 0.9340329766273499 140
1585080165266 0.9322405457496643 141
1585080197480 0.9429244995117188 142
1585080230289 0.9413914680480957 143
1585080262475 0.9415329694747925 144
1585080296067 0.9440329670906067 145
1585080328533 0.9538915157318115 146
1585080361152 0.9368159770965576 147
1585080394486 0.9451414942741394 148
1585080427103 0.952641487121582 149
1585080459751 0.9449999928474426 150
1585080491936 0.9452829957008362 151
1585080524362 0.9377829432487488 152
1585080556801 0.9440329670906067 153
1585080589198 0.939174473285675 154
1585080621979 0.9382075071334839 155
1585080654660 0.9394575357437134 156
1585080687598 0.9502829909324646 157
1585080719584 0.9440329670906067 158
1585080751915 0.9513915181159973 159
1585080785191 0.9443159699440002 160
1585080817761 0.9404245018959045 161
1585080850210 0.9418160319328308 162
1585080882790 0.9477829933166504 163
1585080915496 0.9551414847373962 164
1585080948165 0.9512499570846558 165
1585080980740 0.9452829957008362 166
1585081013466 0.9451414942741394 167
1585081046102 0.9457074403762817 168
1585081078814 0.9347404837608337 169
1585081111295 0.9505659341812134 170
1585081143926 0.948065996170044 171
1585081177579 0.9482076168060303 172
1585081210300 0.9351651072502136 173
1585081243041 0.945424497127533 174
1585081275754 0.9490329623222351 175
1585081308297 0.9530659914016724 176
1585081341156 0.9452829957008362 177
1585081373680 0.9441744685173035 178
1585081408804 0.9626414775848389 179
1585081441464 0.9452829957008362 180
1585081473771 0.9588915109634399 181
1585081506220 0.9479244947433472 182
1585081538834 0.9405660033226013 183
1585081571261 0.9530659914016724 184
1585081603556 0.9530659317970276 185
1585081636708 0.9516744613647461 186
1585081669253 0.9562499523162842 187
1585081701704 0.9554244875907898 188
1585081734140 0.9488914012908936 189
1585081766685 0.9529244899749756 190
1585081798957 0.9477829337120056 191
1585081831429 0.9419574737548828 192
1585081863886 0.9601414203643799 193
1585081896282 0.9504244923591614 194
1585081928892 0.9491745233535767 195
1585081961824 0.9526414275169373 196
1585081995112 0.9468160271644592 197
1585082027755 0.9576414823532104 198
1585082060151 0.9490330219268799 199
1585082092389 0.9541744589805603 200
1585082124955 0.9527829885482788 201
1585082157776 0.9493159651756287 202
1585082190360 0.9563915133476257 203
1585082222772 0.955282986164093 204
1585082255814 0.9565329551696777 205
1585082288523 0.9566744565963745 206
1585082321307 0.9543160200119019 207
1585082353959 0.9479244947433472 208
1585082386659 0.9588915109634399 209
1585082419032 0.940141499042511 210
1585082451587 0.9577829837799072 211
1585082484562 0.958065927028656 212
1585082516868 0.9459905624389648 213
1585082549418 0.9493159651756287 214
1585082581874 0.9499999284744263 215
1585082614667 0.9590329527854919 216
1585082647115 0.9565329551696777 217
1585082680173 0.9533490538597107 218
1585082712904 0.9599999189376831 219
1585082745526 0.9588915109634399 220
1585082778305 0.9616744518280029 221
1585082810857 0.9540329575538635 222
1585082843239 0.9519574642181396 223
1585082875750 0.9624999761581421 224
1585082908040 0.9494575262069702 225
1585082940781 0.9515329599380493 226
1585082973796 0.9563915133476257 227
1585083006505 0.9507075548171997 228
1585083039103 0.9529244899749756 229
1585083071976 0.9590330123901367 230
1585083104836 0.9563915133476257 231
1585083137395 0.9501414895057678 232
1585083170133 0.9577829837799072 233
1585083203061 0.9529244303703308 234
1585083235690 0.9590329527854919 235
1585083268169 0.9591745138168335 236
1585083300800 0.9615329504013062 237
1585083333368 0.9613914489746094 238
1585083366009 0.9593159556388855 239
1585083400510 0.9590329527854919 240
1585083432840 0.9493159651756287 241
1585083465005 0.9540329575538635 242
1585083497869 0.960707426071167 243
1585083530376 0.9602829813957214 244
1585083563221 0.9554244875907898 245
1585083595726 0.9665330052375793 246
1585083628491 0.9590329527854919 247
1585083661347 0.9665329456329346 248
1585083693854 0.9579244256019592 249
1585083726348 0.9613914489746094 250
1585083758961 0.955424427986145 251
1585083791571 0.9618160128593445 252
1585083824116 0.9654244184494019 253
1585083856653 0.9665330052375793 254
1585083889231 0.9582074880599976 255
1585083921677 0.9652829170227051 256
1585083954942 0.9438914656639099 257
1585083988099 0.9518159627914429 258
1585084020710 0.9540329575538635 259
1585084053332 0.9569574594497681 260
1585084086048 0.9591744542121887 261
1585084118684 0.9668159484863281 262
1585084152206 0.9591744542121887 263
1585084185251 0.9654244780540466 264
1585084217862 0.955424427986145 265
1585084250549 0.9615329504013062 266
1585084283373 0.955282986164093 267
1585084316103 0.9544575214385986 268
1585084348689 0.9637499451637268 269
1585084381249 0.9591745138168335 270
1585084413674 0.9468160271644592 271
1585084446261 0.9652829766273499 272
1585084478664 0.9602829217910767 273
1585084511019 0.9445990324020386 274
1585084543653 0.9663915038108826 275
1585084575805 0.9530659914016724 276
1585084610697 0.9613914489746094 277
1585084643394 0.9543160200119019 278
1585084678019 0.9568159580230713 279
1585084710529 0.9579244256019592 280
1585084743360 0.9690329432487488 281
1585084775926 0.9529244303703308 282
1585084808637 0.9627829790115356 283
1585084841331 0.9613914489746094 284
1585084873902 0.9604244828224182 285
1585084906624 0.9629244804382324 286
1585084939144 0.955282986164093 287
1585084972046 0.9677829742431641 288
1585085004589 0.9677829742431641 289
1585085037348 0.9701414108276367 290
1585085070366 0.9604244232177734 291
1585085103427 0.968891441822052 292
1585085135705 0.9615329504013062 293
1585085167973 0.9616745114326477 294
1585085201000 0.9641744494438171 295
1585085233619 0.9649999141693115 296
1585085266071 0.9627829790115356 297
1585085298836 0.9674999713897705 298
1585085331780 0.9666744470596313 299
1585085364337 0.9640330076217651 300
1585085397124 0.9687499403953552 301
1585085429501 0.9712499380111694 302
1585085462163 0.9637499451637268 303
1585085494638 0.9651414752006531 304
1585085527326 0.9616744518280029 305
1585085559757 0.9615329504013062 306
1585085592164 0.9580659866333008 307
1585085625003 0.9627829790115356 308
1585085657662 0.9641745090484619 309
1585085690466 0.9666744470596313 310
1585085722931 0.9649999737739563 311
1585085755584 0.961957573890686 312
1585085788060 0.9691744446754456 313
1585085820392 0.9666744470596313 314
1585085852947 0.9652829766273499 315
1585085885464 0.9555659890174866 316
1585085917973 0.9630659818649292 317
1585085950402 0.9643159508705139 318
1585085982971 0.9590330123901367 319
1585086015611 0.9615329504013062 320
1585086048108 0.9618160128593445 321
1585086081134 0.9602829813957214 322
1585086113682 0.9663914442062378 323
1585086146162 0.9615330100059509 324
1585086178665 0.9702829122543335 325
1585086211840 0.968891441822052 326
1585086244629 0.9699999690055847 327
1585086277133 0.9668160080909729 328
1585086310018 0.9597405195236206 329
1585086342580 0.971532940864563 330
1585086375355 0.9566744565963745 331
1585086407960 0.9651414752006531 332
1585086440479 0.9690329432487488 333
1585086473187 0.9655659794807434 334
1585086505780 0.9615329504013062 335
1585086538102 0.9713914394378662 336
1585086570502 0.9570990204811096 337
1585086602758 0.970424473285675 338
1585086635493 0.9665329456329346 339
1585086668098 0.9629244208335876 340
1585086700898 0.9626414775848389 341
1585086733572 0.9738914370536804 342
1585086766090 0.9627829790115356 343
1585086798512 0.9665329456329346 344
1585086831085 0.9669574499130249 345
1585086863567 0.968891441822052 346
1585086897469 0.958065927028656 347
1585086929988 0.9654244780540466 348
1585086962545 0.968891441822052 349
1585086995091 0.9663914442062378 350
1585087027806 0.96875 351
1585087060299 0.9616744518280029 352
1585087092961 0.9504244923591614 353
1585087125763 0.9665329456329346 354
1585087158093 0.9724999666213989 355
1585087190513 0.9715330004692078 356
1585087223215 0.9663914442062378 357
1585087256226 0.9666744470596313 358
1585087288732 0.9654244780540466 359
1585087321297 0.9751414060592651 360
1585087353861 0.9619574546813965 361
1585087386967 0.9699999094009399 362
1585087419417 0.9593160152435303 363
1585087451626 0.9724999666213989 364
1585087483858 0.968891441822052 365
1585087516380 0.9677829742431641 366
1585087548810 0.9663914442062378 367
1585087582891 0.9677829742431641 368
1585087615786 0.9688915014266968 369
1585087648393 0.9665330052375793 370
1585087681181 0.9712499380111694 371
1585087714811 0.9738914966583252 372
1585087748093 0.9663914442062378 373
1585087780867 0.9676414728164673 374
1585087813400 0.9699999690055847 375
1585087845983 0.9690330028533936 376
1585087878859 0.9702829718589783 377
1585087911751 0.968891441822052 378
1585087944287 0.960707426071167 379
1585087977003 0.9701414704322815 380
1585088009735 0.9666744470596313 381
1585088042286 0.9702829718589783 382
1585088075079 0.971532940864563 383
1585088107682 0.9665329456329346 384
1585088140121 0.9651414155960083 385
1585088172613 0.9690329432487488 386
1585088205319 0.9652829766273499 387
1585088237847 0.9712499380111694 388
1585088270585 0.960565984249115 389
1585088303195 0.9762499928474426 390
1585088336463 0.9663915038108826 391
1585088370121 0.9630659818649292 392
1585088402773 0.9777829647064209 393
1585088435080 0.9654244780540466 394
1585088467872 0.9724999666213989 395
1585088500132 0.9726414680480957 396
1585088533050 0.9699999690055847 397
1585088565520 0.9654244780540466 398
1585088598121 0.974174439907074 399
1585088630668 0.9666744470596313 400
