1585075546104 0.03446386754512787 0
1585075578518 1.5641545057296753 1
1585075611117 0.9524533152580261 2
1585075643911 0.05481606721878052 3
1585075676939 0.007993766106665134 4
1585075709263 0.04063597694039345 5
1585075741660 0.008181614801287651 6
1585075773901 0.003566635074093938 7
1585075806130 0.0026290554087609053 8
1585075838682 0.006548293866217136 9
1585075871666 0.03161656856536865 10
1585075904346 0.010153291746973991 11
1585075936896 0.0018712979508563876 12
1585075969376 0.001999136060476303 13
1585076001991 0.0026152157224714756 14
1585076034171 0.009665909223258495 15
1585076066583 0.02959982492029667 16
1585076099208 0.014256760478019714 17
1585076132549 0.005295265465974808 18
1585076165095 0.003046374535188079 19
1585076197800 0.0019653323106467724 20
1585076230507 0.0023784982040524483 21
1585076262989 0.0014094681246206164 22
1585076296245 0.0013370717642828822 23
1585076328665 0.0031538265757262707 24
1585076362244 0.002994018839672208 25
1585076394751 0.002924136118963361 26
1585076427798 0.0038685265462845564 27
1585076460569 0.0019329014467075467 28
1585076493408 0.0013033532304689288 29
1585076525781 0.002119683427736163 30
1585076558605 0.004115717485547066 31
1585076591427 0.003271502675488591 32
1585076624335 0.003531909314915538 33
1585076657220 0.004374610260128975 34
1585076689825 0.003923911135643721 35
1585076722326 0.003749492345377803 36
1585076754975 0.004858752712607384 37
1585076787662 0.005042798351496458 38
1585076819927 0.004580354783684015 39
1585076852714 0.0036867940798401833 40
1585076885546 0.0030033625662326813 41
1585076918758 0.004074969328939915 42
1585076951231 0.004771206062287092 43
1585076983662 0.005472587887197733 44
1585077016723 0.004946730099618435 45
1585077049499 0.005114426836371422 46
1585077082047 0.003928633872419596 47
1585077115082 0.004897823557257652 48
1585077147697 0.005149609409272671 49
1585077180224 0.0045151920057833195 50
1585077212644 0.005285415332764387 51
1585077245055 0.004663042724132538 52
1585077277601 0.004902211017906666 53
1585077310178 0.0059014130383729935 54
1585077342565 0.005319881718605757 55
1585077375175 0.00571287889033556 56
1585077408031 0.006446607410907745 57
1585077440816 0.00608557416126132 58
1585077473320 0.005689921323210001 59
1585077506197 0.00606193020939827 60
1585077538830 0.005659686401486397 61
1585077571336 0.0051432945765554905 62
1585077604028 0.006816498469561338 63
1585077636871 0.005901199299842119 64
1585077669336 0.005876271985471249 65
1585077701608 0.006878523621708155 66
1585077734162 0.006381799932569265 67
1585077766916 0.0068869865499436855 68
1585077800082 0.006457278970628977 69
1585077832644 0.005814311560243368 70
1585077865305 0.006678451783955097 71
1585077897486 0.005738242529332638 72
1585077929980 0.006206762511283159 73
1585077962781 0.0061487192288041115 74
1585077995709 0.006524344906210899 75
1585078028364 0.0066606272011995316 76
1585078060855 0.007233370561152697 77
1585078094160 0.006434602662920952 78
1585078126776 0.007170671597123146 79
1585078160186 0.006602381356060505 80
1585078192872 0.00627747131511569 81
1585078225536 0.004751803353428841 82
1585078258100 0.007008851505815983 83
1585078291262 0.006304810289293528 84
1585078324216 0.006677866913378239 85
1585078357698 0.006350187584757805 86
1585078390462 0.00641660438850522 87
1585078423643 0.007659869268536568 88
1585078456154 0.006806206423789263 89
1585078488856 0.007627679966390133 90
1585078521516 0.007752262055873871 91
1585078554071 0.00688980333507061 92
1585078586588 0.007191081997007132 93
1585078619364 0.007104525342583656 94
1585078652264 0.007016906514763832 95
1585078684695 0.006936628371477127 96
1585078717489 0.007979541085660458 97
1585078750135 0.006519482936710119 98
1585078782301 0.0069006080739200115 99
1585078814937 0.007434733211994171 100
1585078847576 0.007398200687021017 101
1585078879969 0.008031480014324188 102
1585078912366 0.007413885090500116 103
1585078944730 0.006940980441868305 104
1585078977376 0.007596008479595184 105
1585079010005 0.006330067757517099 106
1585079042702 0.005714245606213808 107
1585079075412 0.006927636452019215 108
1585079107972 0.006775478832423687 109
1585079140375 0.007428387645632029 110
1585079172925 0.007751775439828634 111
1585079205261 0.007900928147137165 112
1585079238722 0.007010588888078928 113
1585079271021 0.007080325856804848 114
1585079303420 0.007485108450055122 115
1585079336139 0.006387752015143633 116
1585079369567 0.006659769453108311 117
1585079402719 0.006449344102293253 118
1585079435289 0.006775309331715107 119
1585079467784 0.006880476605147123 120
1585079500246 0.007086171768605709 121
1585079532454 0.0066139274276793 122
1585079564693 0.00701349088922143 123
1585079597136 0.007041477598249912 124
1585079629559 0.006186129990965128 125
1585079662435 0.007080370560288429 126
1585079695168 0.006317335646599531 127
1585079727946 0.006264130584895611 128
1585079760907 0.007485086563974619 129
1585079793660 0.006559627130627632 130
1585079826291 0.005266312509775162 131
1585079859227 0.00615575909614563 132
1585079892660 0.005874229595065117 133
1585079925258 0.006240146234631538 134
1585079957970 0.0068529751151800156 135
1585079990627 0.006549334619194269 136
1585080023383 0.006385277956724167 137
1585080055708 0.005592460744082928 138
1585080088136 0.00660680839791894 139
1585080120784 0.006483167409896851 140
1585080153468 0.006257292814552784 141
1585080186069 0.007029622793197632 142
1585080218722 0.006096437573432922 143
1585080251188 0.005775186233222485 144
1585080284561 0.005966308061033487 145
1585080317153 0.0069298031739890575 146
1585080349591 0.006263286340981722 147
1585080382872 0.007015766575932503 148
1585080415451 0.007546081207692623 149
1585080448247 0.006576350424438715 150
1585080480661 0.006591463927179575 151
1585080512835 0.0067612286657094955 152
1585080545350 0.006311158183962107 153
1585080577783 0.006530574057251215 154
1585080610480 0.00703748082742095 155
1585080643220 0.006475763861089945 156
1585080676015 0.006266018841415644 157
1585080708534 0.007013140711933374 158
1585080740467 0.0063450695015490055 159
1585080773515 0.006599677260965109 160
1585080806287 0.007187590003013611 161
1585080838571 0.0067825899459421635 162
1585080871262 0.006014937534928322 163
1585080903878 0.005901407450437546 164
1585080936784 0.0065410989336669445 165
1585080969203 0.0059156459756195545 166
1585081001883 0.006103741470724344 167
1585081034706 0.006090330891311169 168
1585081067295 0.006254822015762329 169
1585081099860 0.0062421527691185474 170
1585081132275 0.0065203518606722355 171
1585081166103 0.0065249246545135975 172
1585081198796 0.006532963365316391 173
1585081231538 0.005856358911842108 174
1585081264355 0.006660930812358856 175
1585081296886 0.00635277945548296 176
1585081329282 0.005577540025115013 177
1585081362234 0.005894387606531382 178
1585081394959 0.005991771817207336 179
1585081429948 0.006464379373937845 180
1585081462442 0.005763305351138115 181
1585081494748 0.006557168904691935 182
1585081527227 0.0050940667279064655 183
1585081559829 0.0055620246566832066 184
1585081592117 0.005635547451674938 185
1585081624460 0.006685405503958464 186
1585081657895 0.00611409405246377 187
1585081690170 0.00582458870485425 188
1585081722698 0.00627329433336854 189
1585081755185 0.005465483758598566 190
1585081787591 0.006030612159520388 191
1585081819979 0.005843989551067352 192
1585081852467 0.005333669949322939 193
1585081884847 0.00645752577111125 194
1585081917491 0.006680595222860575 195
1585081950100 0.005721355322748423 196
1585081982821 0.005040759686380625 197
1585082016357 0.0055517652072012424 198
1585082048765 0.005918704438954592 199
1585082080885 0.005635995417833328 200
1585082113523 0.006509594153612852 201
1585082146143 0.006166018545627594 202
1585082178935 0.005781038198620081 203
1585082211429 0.005910445470362902 204
1585082244252 0.0062813120894134045 205
1585082277032 0.0055944728665053844 206
1585082309664 0.0062323384918272495 207
1585082342362 0.0060345628298819065 208
1585082375127 0.006239334587007761 209
1585082407738 0.005739232990890741 210
1585082440076 0.0060128760524094105 211
1585082472821 0.0051854741759598255 212
1585082505598 0.005764391273260117 213
1585082537970 0.0051147849299013615 214
1585082570423 0.00642917538061738 215
1585082603265 0.005912488792091608 216
1585082635626 0.005280838347971439 217
1585082668161 0.005456969607621431 218
1585082701203 0.005999519024044275 219
1585082734052 0.00462127011269331 220
1585082766501 0.005646141711622477 221
1585082799352 0.005595535971224308 222
1585082831976 0.005844085942953825 223
1585082864497 0.005409840494394302 224
1585082896711 0.004947609268128872 225
1585082929161 0.0056933872401714325 226
1585082962153 0.005450268276035786 227
1585082994884 0.005315511021763086 228
1585083027518 0.005389335099607706 229
1585083060220 0.004736720118671656 230
1585083093348 0.005986389704048634 231
1585083125898 0.004554831422865391 232
1585083158563 0.005629531107842922 233
1585083191561 0.0055353762581944466 234
1585083224143 0.0055686780251562595 235
1585083256827 0.0049199447967112064 236
1585083289379 0.005779776722192764 237
1585083321804 0.0057456581853330135 238
1585083354709 0.00587427755817771 239
1585083389016 0.005226749461144209 240
1585083421562 0.005499252583831549 241
1585083453825 0.005053328815847635 242
1585083486423 0.0055940113961696625 243
1585083518979 0.005351277533918619 244
1585083551840 0.005196085665374994 245
1585083584255 0.005472727119922638 246
1585083617001 0.005782866384834051 247
1585083649543 0.005978095345199108 248
1585083682477 0.005060975439846516 249
1585083714959 0.006340289954096079 250
1585083747478 0.00571153499186039 251
1585083780043 0.005194349680095911 252
1585083812778 0.00483407499268651 253
1585083845212 0.005017360206693411 254
1585083877688 0.005161347799003124 255
1585083910172 0.0055662645027041435 256
1585083943402 0.005699146538972855 257
1585083976078 0.004163951147347689 258
1585084009273 0.005430550314486027 259
1585084041865 0.005168141331523657 260
1585084074489 0.005536729469895363 261
1585084107192 0.004258600529283285 262
1585084140759 0.005770462565124035 263
1585084173628 0.00630565732717514 264
1585084206380 0.00539697939530015 265
1585084239117 0.004749228712171316 266
1585084271949 0.005499126855283976 267
1585084304640 0.005061099771410227 268
1585084337530 0.005144895985722542 269
1585084369668 0.005420992616564035 270
1585084402207 0.00528270797803998 271
1585084434816 0.004376365337520838 272
1585084467236 0.005436877720057964 273
1585084499515 0.005607642233371735 274
1585084532159 0.00521474564447999 275
1585084564475 0.005038215313106775 276
1585084598447 0.005136194638907909 277
1585084631832 0.004946073982864618 278
1585084666455 0.005422887392342091 279
1585084699114 0.004932228941470385 280
1585084731687 0.005854251328855753 281
1585084764579 0.005511289928108454 282
1585084797183 0.004615976940840483 283
1585084829859 0.0054808249697089195 284
1585084862390 0.00550068961456418 285
1585084895133 0.004717536270618439 286
1585084927741 0.005033665336668491 287
1585084960586 0.004799345973879099 288
1585084993137 0.0052704112604260445 289
1585085025630 0.0053829289972782135 290
1585085058327 0.004496993962675333 291
1585085091930 0.005186780355870724 292
1585085124392 0.0043636891059577465 293
1585085156668 0.005406242795288563 294
1585085189250 0.005212125834077597 295
1585085221989 0.005029552616178989 296
1585085254634 0.005149638745933771 297
1585085287127 0.005228182766586542 298
1585085320067 0.005274259019643068 299
1585085352903 0.0052729821763932705 300
1585085385499 0.005262002348899841 301
1585085418090 0.004480276256799698 302
1585085450725 0.005553038790822029 303
1585085483172 0.005272449925541878 304
1585085515637 0.005321076605468988 305
1585085548325 0.004618897568434477 306
1585085580569 0.004406077321618795 307
1585085613329 0.004574875347316265 308
1585085645999 0.0048184022307395935 309
1585085678917 0.0049190158024430275 310
1585085711560 0.0052528684027493 311
1585085744149 0.0048337895423173904 312
1585085776643 0.005166315007954836 313
1585085809027 0.005005986895412207 314
1585085841384 0.0054140291176736355 315
1585085873940 0.005316133610904217 316
1585085906524 0.004778552334755659 317
1585085938976 0.004690820816904306 318
1585085971384 0.004050749354064465 319
1585086004141 0.005169804207980633 320
1585086036637 0.005396742839366198 321
1585086069283 0.005658503156155348 322
1585086102096 0.0044835712760686874 323
1585086134688 0.005150031764060259 324
1585086167232 0.0039055836386978626 325
1585086200529 0.005054144654422998 326
1585086232948 0.005034019239246845 327
1585086265626 0.004878743086010218 328
1585086298364 0.004667641129344702 329
1585086331189 0.004672531969845295 330
1585086363803 0.004590360913425684 331
1585086396415 0.004705944564193487 332
1585086428974 0.004471051041036844 333
1585086461749 0.004870973527431488 334
1585086494252 0.00489789480343461 335
1585086526609 0.0038025155663490295 336
1585086559097 0.004386082291603088 337
1585086591466 0.004154277499765158 338
1585086623961 0.004002444911748171 339
1585086656549 0.004476630594581366 340
1585086689507 0.0039168731309473515 341
1585086722128 0.004954966716468334 342
1585086754692 0.004593260586261749 343
1585086787113 0.00436806958168745 344
1585086819624 0.0046770921908319 345
1585086852194 0.00422766525298357 346
1585086886014 0.004473316483199596 347
1585086918597 0.00392801221460104 348
1585086951103 0.004528933670371771 349
1585086983649 0.00425895256921649 350
1585087016335 0.004679590929299593 351
1585087048950 0.004665245767682791 352
1585087081506 0.004514992702752352 353
1585087114259 0.005239838734269142 354
1585087146759 0.0044478485360741615 355
1585087179059 0.004290957003831863 356
1585087211547 0.0047439755871891975 357
1585087244489 0.0050394111312925816 358
1585087277264 0.004499390721321106 359
1585087309796 0.005195483099669218 360
1585087342461 0.00450820941478014 361
1585087375011 0.005199384409934282 362
1585087408165 0.0047698551788926125 363
1585087440392 0.004718858748674393 364
1585087472690 0.004360986407846212 365
1585087504908 0.004159878008067608 366
1585087537389 0.0045414636842906475 367
1585087571071 0.004977087955921888 368
1585087604183 0.004679597448557615 369
1585087636971 0.004565144423395395 370
1585087669733 0.004797244444489479 371
1585087703326 0.004467082675546408 372
1585087735945 0.004650144837796688 373
1585087769395 0.004490633960813284 374
1585087801898 0.0042436555959284306 375
1585087834471 0.004818351939320564 376
1585087867312 0.0042442441917955875 377
1585087900065 0.004780908580869436 378
1585087932804 0.005339574534446001 379
1585087965480 0.004611806944012642 380
1585087998198 0.004351843614131212 381
1585088030975 0.004505216144025326 382
1585088063592 0.0044889324344694614 383
1585088096302 0.004867759998887777 384
1585088128689 0.0037342843133956194 385
1585088161215 0.004901806358247995 386
1585088193692 0.005343428812921047 387
1585088226387 0.004282800946384668 388
1585088258861 0.004724781960248947 389
1585088291731 0.003830003784969449 390
1585088324920 0.0040357583202421665 391
1585088357718 0.004429319407790899 392
1585088391268 0.004216891713440418 393
1585088423772 0.004695935174822807 394
1585088456369 0.004707430489361286 395
1585088488665 0.0038870174903422594 396
1585088521688 0.004434403032064438 397
1585088554165 0.004500680603086948 398
1585088586565 0.0041855680756270885 399
1585088619297 0.003970887046307325 400
