1585075546104 0.8505749702453613 0
1585075578518 1.3250712156295776 1
1585075611117 1.0815997123718262 2
1585075643911 0.5784674882888794 3
1585075676939 0.497720867395401 4
1585075709263 0.6851024627685547 5
1585075741660 0.53399258852005 6
1585075773901 0.35919469594955444 7
1585075806130 0.3355133831501007 8
1585075838682 0.3830135464668274 9
1585075871666 0.43497782945632935 10
1585075904346 0.3828856945037842 11
1585075936896 0.3271092474460602 12
1585075969376 0.28800269961357117 13
1585076001991 0.3073221743106842 14
1585076034171 0.3341994881629944 15
1585076066583 0.36026349663734436 16
1585076099208 0.3311987817287445 17
1585076132549 0.29715725779533386 18
1585076165095 0.26747411489486694 19
1585076197800 0.2658027708530426 20
1585076230507 0.2630956768989563 21
1585076262989 0.2849840223789215 22
1585076296245 0.280396044254303 23
1585076328665 0.2527270019054413 24
1585076362244 0.24669981002807617 25
1585076394751 0.241207554936409 26
1585076427798 0.24090859293937683 27
1585076460569 0.24527546763420105 28
1585076493408 0.24231429398059845 29
1585076525781 0.23601627349853516 30
1585076558605 0.22832709550857544 31
1585076591427 0.2297200858592987 32
1585076624335 0.22497476637363434 33
1585076657220 0.22109760344028473 34
1585076689825 0.2216557115316391 35
1585076722326 0.2366933524608612 36
1585076754975 0.21352191269397736 37
1585076787662 0.20682811737060547 38
1585076819927 0.20370489358901978 39
1585076852714 0.2099345475435257 40
1585076885546 0.2022544890642166 41
1585076918758 0.2029840350151062 42
1585076951231 0.20020456612110138 43
1585076983662 0.18922606110572815 44
1585077016723 0.20163662731647491 45
1585077049499 0.19851139187812805 46
1585077082047 0.20175236463546753 47
1585077115082 0.1892804652452469 48
1585077147697 0.18673592805862427 49
1585077180224 0.18973098695278168 50
1585077212644 0.17951352894306183 51
1585077245055 0.19297891855239868 52
1585077277601 0.1778678148984909 53
1585077310178 0.18984664976596832 54
1585077342565 0.18495981395244598 55
1585077375175 0.18059128522872925 56
1585077408031 0.1751289665699005 57
1585077440816 0.17586618661880493 58
1585077473320 0.18586111068725586 59
1585077506197 0.16883422434329987 60
1585077538830 0.1648431271314621 61
1585077571336 0.17200522124767303 62
1585077604028 0.18425139784812927 63
1585077636871 0.16455425322055817 64
1585077669336 0.16658683121204376 65
1585077701608 0.16728563606739044 66
1585077734162 0.162734717130661 67
1585077766916 0.1653035581111908 68
1585077800082 0.16077636182308197 69
1585077832644 0.16781803965568542 70
1585077865305 0.15529638528823853 71
1585077897486 0.171057790517807 72
1585077929980 0.15777774155139923 73
1585077962781 0.15662811696529388 74
1585077995709 0.15608513355255127 75
1585078028364 0.15381436049938202 76
1585078060855 0.15205912292003632 77
1585078094160 0.16169753670692444 78
1585078126776 0.1606447398662567 79
1585078160186 0.15133331716060638 80
1585078192872 0.1637730598449707 81
1585078225536 0.1641525775194168 82
1585078258100 0.18233703076839447 83
1585078291262 0.15071208775043488 84
1585078324216 0.1564905196428299 85
1585078357698 0.1449078917503357 86
1585078390462 0.15149636566638947 87
1585078423643 0.13873757421970367 88
1585078456154 0.14532649517059326 89
1585078488856 0.14217408001422882 90
1585078521516 0.1415083110332489 91
1585078554071 0.14580410718917847 92
1585078586588 0.1392865926027298 93
1585078619364 0.14027997851371765 94
1585078652264 0.13984590768814087 95
1585078684695 0.13670141994953156 96
1585078717489 0.13856907188892365 97
1585078750135 0.1457802802324295 98
1585078782301 0.14116807281970978 99
1585078814937 0.134390190243721 100
1585078847576 0.14004813134670258 101
1585078879969 0.13335108757019043 102
1585078912366 0.13716399669647217 103
1585078944730 0.13678784668445587 104
1585078977376 0.14733555912971497 105
1585079010005 0.13521519303321838 106
1585079042702 0.14407098293304443 107
1585079075412 0.1342659592628479 108
1585079107972 0.12921123206615448 109
1585079140375 0.1360311210155487 110
1585079172925 0.12446460872888565 111
1585079205261 0.12781532108783722 112
1585079238722 0.13877658545970917 113
1585079271021 0.12402668595314026 114
1585079303420 0.1320791393518448 115
1585079336139 0.13588693737983704 116
1585079369567 0.12836043536663055 117
1585079402719 0.1357944756746292 118
1585079435289 0.1304340660572052 119
1585079467784 0.12596483528614044 120
1585079500246 0.12979789078235626 121
1585079532454 0.13201701641082764 122
1585079564693 0.13039393723011017 123
1585079597136 0.12225434929132462 124
1585079629559 0.12865710258483887 125
1585079662435 0.1215495839715004 126
1585079695168 0.12304732948541641 127
1585079727946 0.12690359354019165 128
1585079760907 0.12090740352869034 129
1585079793660 0.13014861941337585 130
1585079826291 0.13587601482868195 131
1585079859227 0.12561532855033875 132
1585079892660 0.13940365612506866 133
1585079925258 0.1279909461736679 134
1585079957970 0.12001000344753265 135
1585079990627 0.12065809220075607 136
1585080023383 0.12517397105693817 137
1585080055708 0.12525399029254913 138
1585080088136 0.12333367764949799 139
1585080120784 0.11935271322727203 140
1585080153468 0.11742360144853592 141
1585080186069 0.11601506173610687 142
1585080218722 0.1250179260969162 143
1585080251188 0.12106834352016449 144
1585080284561 0.11788424104452133 145
1585080317153 0.11635412275791168 146
1585080349591 0.12155918031930923 147
1585080382872 0.11356103420257568 148
1585080415451 0.14064499735832214 149
1585080448247 0.11535213887691498 150
1585080480661 0.11667762696743011 151
1585080512835 0.112049899995327 152
1585080545350 0.11757739633321762 153
1585080577783 0.11291013658046722 154
1585080610480 0.11039651930332184 155
1585080643220 0.11680217832326889 156
1585080676015 0.1176392212510109 157
1585080708534 0.10592540353536606 158
1585080740467 0.11870912462472916 159
1585080773515 0.10559132695198059 160
1585080806287 0.10646256804466248 161
1585080838571 0.11197870224714279 162
1585080871262 0.1101517379283905 163
1585080903878 0.11684538424015045 164
1585080936784 0.10585848242044449 165
1585080969203 0.10942746698856354 166
1585081001883 0.11294158548116684 167
1585081034706 0.11135385930538177 168
1585081067295 0.10991020500659943 169
1585081099860 0.11110976338386536 170
1585081132275 0.10399418324232101 171
1585081166103 0.10705029219388962 172
1585081198796 0.1071239486336708 173
1585081231538 0.10815951973199844 174
1585081264355 0.1009829193353653 175
1585081296886 0.10239607095718384 176
1585081329282 0.11364666372537613 177
1585081362234 0.11340371519327164 178
1585081394959 0.11098867654800415 179
1585081429948 0.10426401346921921 180
1585081462442 0.10785330086946487 181
1585081494748 0.10405158251523972 182
1585081527227 0.11396132409572601 183
1585081559829 0.10471179336309433 184
1585081592117 0.11167231947183609 185
1585081624460 0.10134277492761612 186
1585081657895 0.10506166517734528 187
1585081690170 0.10296530276536942 188
1585081722698 0.10231892764568329 189
1585081755185 0.11069615930318832 190
1585081787591 0.10196249186992645 191
1585081819979 0.10199690610170364 192
1585081852467 0.10506707429885864 193
1585081884847 0.09996746480464935 194
1585081917491 0.09711422026157379 195
1585081950100 0.10480081290006638 196
1585081982821 0.10952629148960114 197
1585082016357 0.1063571348786354 198
1585082048765 0.10095106065273285 199
1585082080885 0.10613147914409637 200
1585082113523 0.09669391810894012 201
1585082146143 0.11467918008565903 202
1585082178935 0.09860347211360931 203
1585082211429 0.09368642419576645 204
1585082244252 0.10315696150064468 205
1585082277032 0.09714418649673462 206
1585082309664 0.10212431848049164 207
1585082342362 0.09787190705537796 208
1585082375127 0.09349948167800903 209
1585082407738 0.09693312644958496 210
1585082440076 0.10122071206569672 211
1585082472821 0.0983947291970253 212
1585082505598 0.09887542575597763 213
1585082537970 0.1058647632598877 214
1585082570423 0.09726554155349731 215
1585082603265 0.09309183061122894 216
1585082635626 0.09791294485330582 217
1585082668161 0.09801886230707169 218
1585082701203 0.09340033680200577 219
1585082734052 0.1088695228099823 220
1585082766501 0.09579981118440628 221
1585082799352 0.09246710687875748 222
1585082831976 0.09818703681230545 223
1585082864497 0.09427321702241898 224
1585082896711 0.09750518947839737 225
1585082929161 0.08949584513902664 226
1585082962153 0.09803815931081772 227
1585082994884 0.09893112629652023 228
1585083027518 0.09622444212436676 229
1585083060220 0.10912246257066727 230
1585083093348 0.09068453311920166 231
1585083125898 0.1070115938782692 232
1585083158563 0.09686122834682465 233
1585083191561 0.09800945222377777 234
1585083224143 0.09412817656993866 235
1585083256827 0.10008052736520767 236
1585083289379 0.09516552835702896 237
1585083321804 0.09329568594694138 238
1585083354709 0.08749964088201523 239
1585083389016 0.09884162247180939 240
1585083421562 0.08898745477199554 241
1585083453825 0.09317690134048462 242
1585083486423 0.09038680791854858 243
1585083518979 0.09455379098653793 244
1585083551840 0.08991853147745132 245
1585083584255 0.08916660398244858 246
1585083617001 0.08551718294620514 247
1585083649543 0.0850481167435646 248
1585083682477 0.09583700448274612 249
1585083714959 0.08899259567260742 250
1585083747478 0.08724867552518845 251
1585083780043 0.10038629174232483 252
1585083812778 0.09807362407445908 253
1585083845212 0.09047046303749084 254
1585083877688 0.09050726890563965 255
1585083910172 0.09415192157030106 256
1585083943402 0.08532023429870605 257
1585083976078 0.11228961497545242 258
1585084009273 0.0867566168308258 259
1585084041865 0.09627071022987366 260
1585084074489 0.09146544337272644 261
1585084107192 0.09550711512565613 262
1585084140759 0.08684898912906647 263
1585084173628 0.08146943897008896 264
1585084206380 0.08960268646478653 265
1585084239117 0.0896480455994606 266
1585084271949 0.08365816622972488 267
1585084304640 0.08882686495780945 268
1585084337530 0.0961010754108429 269
1585084369668 0.08234555274248123 270
1585084402207 0.0825466439127922 271
1585084434816 0.09999080002307892 272
1585084467236 0.0844549909234047 273
1585084499515 0.08085733652114868 274
1585084532159 0.08479806780815125 275
1585084564475 0.0920611098408699 276
1585084598447 0.08649417012929916 277
1585084631832 0.09468457847833633 278
1585084666455 0.08708701282739639 279
1585084699114 0.08557572960853577 280
1585084731687 0.0824529230594635 281
1585084764579 0.08653633296489716 282
1585084797183 0.09349546581506729 283
1585084829859 0.08050797879695892 284
1585084862390 0.08901569247245789 285
1585084895133 0.08632365614175797 286
1585084927741 0.07959405332803726 287
1585084960586 0.09851758182048798 288
1585084993137 0.0856301560997963 289
1585085025630 0.08062891662120819 290
1585085058327 0.10159561038017273 291
1585085091930 0.08597001433372498 292
1585085124392 0.08946028351783752 293
1585085156668 0.0799194797873497 294
1585085189250 0.07931875437498093 295
1585085221989 0.08790220320224762 296
1585085254634 0.07778167724609375 297
1585085287127 0.09072861075401306 298
1585085320067 0.09441068768501282 299
1585085352903 0.0755324736237526 300
1585085385499 0.079707071185112 301
1585085418090 0.09332466125488281 302
1585085450725 0.0835697203874588 303
1585085483172 0.09084796905517578 304
1585085515637 0.07813870906829834 305
1585085548325 0.08117728680372238 306
1585085580569 0.08122092485427856 307
1585085613329 0.08809348940849304 308
1585085645999 0.0859239473938942 309
1585085678917 0.08461508899927139 310
1585085711560 0.08104007691144943 311
1585085744149 0.08327702432870865 312
1585085776643 0.0814165323972702 313
1585085809027 0.07837873697280884 314
1585085841384 0.07965751737356186 315
1585085873940 0.074871726334095 316
1585085906524 0.07854249328374863 317
1585085938976 0.08656912297010422 318
1585085971384 0.0880512148141861 319
1585086004141 0.07551417499780655 320
1585086036637 0.07945563644170761 321
1585086069283 0.07804533839225769 322
1585086102096 0.08136732131242752 323
1585086134688 0.07571256160736084 324
1585086167232 0.08868279308080673 325
1585086200529 0.07651256024837494 326
1585086232948 0.08549991995096207 327
1585086265626 0.07657120376825333 328
1585086298364 0.07997401803731918 329
1585086331189 0.0761721134185791 330
1585086363803 0.07435445487499237 331
1585086396415 0.08227960020303726 332
1585086428974 0.07717612385749817 333
1585086461749 0.07591938227415085 334
1585086494252 0.07199959456920624 335
1585086526609 0.09736905246973038 336
1585086559097 0.08833911269903183 337
1585086591466 0.09639672189950943 338
1585086623961 0.08375828713178635 339
1585086656549 0.08908525854349136 340
1585086689507 0.08775944262742996 341
1585086722128 0.07596493512392044 342
1585086754692 0.0816420391201973 343
1585086787113 0.08555278927087784 344
1585086819624 0.07590366154909134 345
1585086852194 0.11205148696899414 346
1585086886014 0.08024300634860992 347
1585086918597 0.07977786660194397 348
1585086951103 0.08113189041614532 349
1585086983649 0.07687287777662277 350
1585087016335 0.07185517251491547 351
1585087048950 0.07558061927556992 352
1585087081506 0.07723485678434372 353
1585087114259 0.07540655881166458 354
1585087146759 0.08019722998142242 355
1585087179059 0.0838203877210617 356
1585087211547 0.07491877675056458 357
1585087244489 0.07023726403713226 358
1585087277264 0.0751434862613678 359
1585087309796 0.06864778697490692 360
1585087342461 0.07565119862556458 361
1585087375011 0.06795929372310638 362
1585087408165 0.07027676701545715 363
1585087440392 0.0696881040930748 364
1585087472690 0.07536915689706802 365
1585087504908 0.0837482139468193 366
1585087537389 0.0730784609913826 367
1585087571071 0.07088234275579453 368
1585087604183 0.0802939310669899 369
1585087636971 0.07941551506519318 370
1585087669733 0.07120119035243988 371
1585087703326 0.0864882841706276 372
1585087735945 0.06560467928647995 373
1585087769395 0.0765741840004921 374
1585087801898 0.07161732017993927 375
1585087834471 0.0764509066939354 376
1585087867312 0.07989242672920227 377
1585087900065 0.07326025515794754 378
1585087932804 0.07328387349843979 379
1585087965480 0.0737713947892189 380
1585087998198 0.07559116184711456 381
1585088030975 0.06878695636987686 382
1585088063592 0.07261855155229568 383
1585088096302 0.06572911888360977 384
1585088128689 0.07712119072675705 385
1585088161215 0.06982570141553879 386
1585088193692 0.06688471883535385 387
1585088226387 0.07056701928377151 388
1585088258861 0.07049668580293655 389
1585088291731 0.07959486544132233 390
1585088324920 0.07908300310373306 391
1585088357718 0.07877340912818909 392
1585088391268 0.07376362383365631 393
1585088423772 0.06930023431777954 394
1585088456369 0.06567022949457169 395
1585088488665 0.0723486915230751 396
1585088521688 0.0742775946855545 397
1585088554165 0.08045009523630142 398
1585088586565 0.07533777505159378 399
1585088619297 0.07256131619215012 400
