1585075557521 0.8315979242324829 0
1585075589919 1.278247356414795 1
1585075622759 1.0511740446090698 2
1585075655586 0.5451560616493225 3
1585075688262 0.4751345217227936 4
1585075720701 0.6495658755302429 5
1585075752987 0.490540087223053 6
1585075785206 0.32301467657089233 7
1585075817613 0.30624955892562866 8
1585075850112 0.36867985129356384 9
1585075883097 0.3990658223628998 10
1585075915792 0.37269580364227295 11
1585075948252 0.30609235167503357 12
1585075980870 0.27571478486061096 13
1585076013334 0.28631171584129333 14
1585076045505 0.30972835421562195 15
1585076078060 0.3249582052230835 16
1585076110883 0.31004011631011963 17
1585076144065 0.2819643020629883 18
1585076176623 0.2781897187232971 19
1585076209083 0.2765437662601471 20
1585076242029 0.2876151204109192 21
1585076274686 0.3199198246002197 22
1585076307752 0.2964179813861847 23
1585076340150 0.27622488141059875 24
1585076373661 0.26014137268066406 25
1585076406262 0.2532890737056732 26
1585076439244 0.25629347562789917 27
1585076472024 0.2670004069805145 28
1585076504809 0.2828741669654846 29
1585076537260 0.2711917459964752 30
1585076570143 0.2648172080516815 31
1585076603235 0.25618070363998413 32
1585076635980 0.2510165274143219 33
1585076668627 0.2501813471317291 34
1585076701361 0.2687741816043854 35
1585076733835 0.247585728764534 36
1585076766551 0.23619352281093597 37
1585076798992 0.22843322157859802 38
1585076831214 0.2349051833152771 39
1585076864244 0.23520919680595398 40
1585076896965 0.22493377327919006 41
1585076930061 0.235044926404953 42
1585076962646 0.23460517823696136 43
1585076995070 0.2201954871416092 44
1585077028176 0.22469347715377808 45
1585077061070 0.22365650534629822 46
1585077093729 0.22187229990959167 47
1585077126530 0.20906129479408264 48
1585077159234 0.22375436127185822 49
1585077191751 0.22475603222846985 50
1585077224119 0.21244966983795166 51
1585077256490 0.2115740180015564 52
1585077289025 0.2158447802066803 53
1585077321649 0.20641553401947021 54
1585077354160 0.20315369963645935 55
1585077386823 0.2057613581418991 56
1585077419477 0.20386956632137299 57
1585077452185 0.21895502507686615 58
1585077484837 0.2041550576686859 59
1585077517658 0.20816287398338318 60
1585077550358 0.20913514494895935 61
1585077582861 0.19695737957954407 62
1585077615716 0.19750496745109558 63
1585077648375 0.19881071150302887 64
1585077680576 0.18695548176765442 65
1585077712956 0.20585522055625916 66
1585077745751 0.20035241544246674 67
1585077778574 0.19565385580062866 68
1585077811591 0.18820711970329285 69
1585077844251 0.18746887147426605 70
1585077876748 0.18387025594711304 71
1585077908974 0.19570215046405792 72
1585077941461 0.18719977140426636 73
1585077974308 0.187438502907753 74
1585078007239 0.18097105622291565 75
1585078039939 0.19367913901805878 76
1585078072645 0.192513570189476 77
1585078105726 0.18032778799533844 78
1585078138144 0.18279236555099487 79
1585078171647 0.1862863153219223 80
1585078204321 0.18255561590194702 81
1585078237056 0.17470914125442505 82
1585078269600 0.17477335035800934 83
1585078303242 0.18680529296398163 84
1585078336732 0.17662125825881958 85
1585078368988 0.16824716329574585 86
1585078402021 0.17405012249946594 87
1585078434935 0.17986954748630524 88
1585078467590 0.17503173649311066 89
1585078500365 0.169265478849411 90
1585078533027 0.18042516708374023 91
1585078565500 0.1715259701013565 92
1585078598088 0.1636250615119934 93
1585078630862 0.17417994141578674 94
1585078663590 0.16214510798454285 95
1585078696162 0.17983710765838623 96
1585078728909 0.16525056958198547 97
1585078761424 0.16713924705982208 98
1585078793841 0.1704639494419098 99
1585078826445 0.17319835722446442 100
1585078858959 0.16245153546333313 101
1585078891299 0.16633515059947968 102
1585078923797 0.17372824251651764 103
1585078956078 0.16615146398544312 104
1585078988924 0.16371740400791168 105
1585079021505 0.1616429090499878 106
1585079054215 0.16245287656784058 107
1585079086785 0.16651220619678497 108
1585079119426 0.16526710987091064 109
1585079151728 0.170598566532135 110
1585079184295 0.15983927249908447 111
1585079217593 0.15740510821342468 112
1585079250085 0.16538144648075104 113
1585079282425 0.15323834121227264 114
1585079314761 0.15400587022304535 115
1585079347666 0.15235453844070435 116
1585079381075 0.15759265422821045 117
1585079414191 0.16631755232810974 118
1585079446759 0.15045827627182007 119
1585079479196 0.15432266891002655 120
1585079511538 0.16300426423549652 121
1585079543767 0.15916170179843903 122
1585079576171 0.1526907980442047 123
1585079608674 0.15255431830883026 124
1585079641319 0.1591668426990509 125
1585079674070 0.15212033689022064 126
1585079706439 0.15360820293426514 127
1585079739725 0.15517805516719818 128
1585079772228 0.15741261839866638 129
1585079805208 0.15183700621128082 130
1585079837783 0.1448425054550171 131
1585079871424 0.15290020406246185 132
1585079904150 0.16774700582027435 133
1585079936879 0.1658146232366562 134
1585079969509 0.15547551214694977 135
1585080002282 0.1445014625787735 136
1585080034768 0.14201109111309052 137
1585080067197 0.16073600947856903 138
1585080099843 0.1532551348209381 139
1585080132194 0.15022259950637817 140
1585080165266 0.16545675694942474 141
1585080197480 0.1485362946987152 142
1585080230289 0.14672459661960602 143
1585080262475 0.14087140560150146 144
1585080296067 0.14631634950637817 145
1585080328533 0.1402946412563324 146
1585080361152 0.1586887091398239 147
1585080394486 0.14214327931404114 148
1585080427103 0.14083102345466614 149
1585080459751 0.14181067049503326 150
1585080491936 0.1382354199886322 151
1585080524362 0.13964350521564484 152
1585080556801 0.14435409009456635 153
1585080589198 0.14494898915290833 154
1585080621979 0.15200069546699524 155
1585080654660 0.1433689296245575 156
1585080687598 0.1369951218366623 157
1585080719584 0.14021174609661102 158
1585080751915 0.13688892126083374 159
1585080785191 0.13941891491413116 160
1585080817761 0.14275649189949036 161
1585080850210 0.14883776009082794 162
1585080882790 0.14339551329612732 163
1585080915496 0.13687339425086975 164
1585080948165 0.1347295194864273 165
1585080980740 0.1403917521238327 166
1585081013466 0.1297779232263565 167
1585081046102 0.14435404539108276 168
1585081078814 0.15788383781909943 169
1585081111295 0.14023742079734802 170
1585081143926 0.13476015627384186 171
1585081177579 0.1380474716424942 172
1585081210300 0.155190110206604 173
1585081243041 0.1364370435476303 174
1585081275754 0.1351926177740097 175
1585081308297 0.14149965345859528 176
1585081341156 0.14480093121528625 177
1585081373680 0.13590852916240692 178
1585081408804 0.13180413842201233 179
1585081441464 0.13549770414829254 180
1585081473771 0.12967465817928314 181
1585081506220 0.1292087882757187 182
1585081538834 0.1393548846244812 183
1585081571261 0.13725341856479645 184
1585081603556 0.1388949304819107 185
1585081636708 0.13538269698619843 186
1585081669253 0.13302181661128998 187
1585081701704 0.127667635679245 188
1585081734140 0.1324964314699173 189
1585081766685 0.13742287456989288 190
1585081798957 0.13199424743652344 191
1585081831429 0.15176181495189667 192
1585081863886 0.1234339103102684 193
1585081896282 0.13595880568027496 194
1585081928892 0.13533875346183777 195
1585081961824 0.12779590487480164 196
1585081995112 0.13559117913246155 197
1585082027755 0.12882032990455627 198
1585082060151 0.13045114278793335 199
1585082092389 0.12547661364078522 200
1585082124955 0.1296699494123459 201
1585082157776 0.1369670331478119 202
1585082190360 0.12038848549127579 203
1585082222772 0.11962848156690598 204
1585082255814 0.12110719084739685 205
1585082288523 0.12777253985404968 206
1585082321307 0.125489741563797 207
1585082353959 0.1308310329914093 208
1585082386659 0.120231494307518 209
1585082419032 0.13674119114875793 210
1585082451587 0.11740073561668396 211
1585082484562 0.12441456317901611 212
1585082516868 0.13179154694080353 213
1585082549418 0.13191738724708557 214
1585082581874 0.12386253476142883 215
1585082614667 0.11907368153333664 216
1585082647115 0.1210697814822197 217
1585082680173 0.1284395456314087 218
1585082712904 0.11824559420347214 219
1585082745526 0.12778808176517487 220
1585082778305 0.12245196104049683 221
1585082810857 0.12320151180028915 222
1585082843239 0.126402348279953 223
1585082875750 0.12081638723611832 224
1585082908040 0.13054364919662476 225
1585082940781 0.12640762329101562 226
1585082973796 0.12631534039974213 227
1585083006505 0.12894046306610107 228
1585083039103 0.12865103781223297 229
1585083071976 0.11873254179954529 230
1585083104836 0.11824215948581696 231
1585083137395 0.12437596172094345 232
1585083170133 0.11578232049942017 233
1585083203061 0.12092238664627075 234
1585083235690 0.11946743726730347 235
1585083268169 0.12595732510089874 236
1585083300800 0.11963164061307907 237
1585083333368 0.11587576568126678 238
1585083366009 0.12697450816631317 239
1585083400510 0.11572449654340744 240
1585083432840 0.13286921381950378 241
1585083465005 0.1265450268983841 242
1585083497869 0.11746864765882492 243
1585083530376 0.11196483671665192 244
1585083563221 0.12353014945983887 245
1585083595726 0.11292063444852829 246
1585083628491 0.11383756250143051 247
1585083661347 0.11127375811338425 248
1585083693854 0.11684231460094452 249
1585083726348 0.11837182939052582 250
1585083758961 0.11513729393482208 251
1585083791571 0.11505161225795746 252
1585083824116 0.11851100623607635 253
1585083856653 0.1102575957775116 254
1585083889231 0.11465680599212646 255
1585083921677 0.10999645292758942 256
1585083954942 0.12807691097259521 257
1585083988099 0.12042088806629181 258
1585084020710 0.11971703171730042 259
1585084053332 0.11820179969072342 260
1585084086048 0.11427770555019379 261
1585084118684 0.10862578451633453 262
1585084152206 0.11062319576740265 263
1585084185251 0.11823815852403641 264
1585084217862 0.11599695682525635 265
1585084250549 0.11136952042579651 266
1585084283373 0.11868634074926376 267
1585084316103 0.12014250457286835 268
1585084348689 0.11208806931972504 269
1585084381249 0.11343420296907425 270
1585084413674 0.1281931847333908 271
1585084446261 0.10962093621492386 272
1585084478664 0.11588451266288757 273
1585084511019 0.1336236298084259 274
1585084543653 0.1120864525437355 275
1585084575805 0.11823220551013947 276
1585084610697 0.11061430722475052 277
1585084643394 0.12800396978855133 278
1585084678019 0.1167885959148407 279
1585084710529 0.11592259258031845 280
1585084743360 0.10791496187448502 281
1585084775926 0.10908787697553635 282
1585084808637 0.10729295760393143 283
1585084841331 0.11400603502988815 284
1585084873902 0.11161185801029205 285
1585084906624 0.10729815065860748 286
1585084939144 0.11752063035964966 287
1585084972046 0.10505847632884979 288
1585085004589 0.10815878957509995 289
1585085037348 0.1009867712855339 290
1585085070366 0.11090889573097229 291
1585085103427 0.10582296550273895 292
1585085135705 0.11104028671979904 293
1585085167973 0.11019860953092575 294
1585085201000 0.10972706973552704 295
1585085233619 0.10290888696908951 296
1585085266071 0.11112340539693832 297
1585085298836 0.1036626547574997 298
1585085331780 0.10618114471435547 299
1585085364337 0.11488712579011917 300
1585085397124 0.10191155225038528 301
1585085429501 0.09582814574241638 302
1585085462163 0.10550890862941742 303
1585085494638 0.10427753627300262 304
1585085527326 0.10829009115695953 305
1585085559757 0.10283786803483963 306
1585085592164 0.1038942039012909 307
1585085625003 0.10183975845575333 308
1585085657662 0.10830586403608322 309
1585085690466 0.1063021719455719 310
1585085722931 0.09753650426864624 311
1585085755584 0.11170074343681335 312
1585085788060 0.10562407225370407 313
1585085820392 0.09972268342971802 314
1585085852947 0.10514087229967117 315
1585085885464 0.10912074893712997 316
1585085917973 0.10333984345197678 317
1585085950402 0.10456360876560211 318
1585085982971 0.1135483905673027 319
1585086015611 0.10591208189725876 320
1585086048108 0.10746803134679794 321
1585086081134 0.10885598510503769 322
1585086113682 0.10058415681123734 323
1585086146162 0.10999062657356262 324
1585086178665 0.09848475456237793 325
1585086211840 0.10732954740524292 326
1585086244629 0.10107189416885376 327
1585086277133 0.10098825395107269 328
1585086310018 0.11664758622646332 329
1585086342580 0.0992467999458313 330
1585086375355 0.11643075942993164 331
1585086407960 0.10009320080280304 332
1585086440479 0.1012578085064888 333
1585086473187 0.10510842502117157 334
1585086505780 0.09839922934770584 335
1585086538102 0.09751642495393753 336
1585086570502 0.11222156882286072 337
1585086602758 0.0944746658205986 338
1585086635493 0.09912598133087158 339
1585086668098 0.0941326692700386 340
1585086700898 0.10756101459264755 341
1585086733572 0.09900529682636261 342
1585086766090 0.10081160813570023 343
1585086798512 0.10107296705245972 344
1585086831085 0.10398975014686584 345
1585086863567 0.09719018638134003 346
1585086897469 0.10805323719978333 347
1585086929988 0.1013660654425621 348
1585086962545 0.09452301263809204 349
1585086995091 0.09049149602651596 350
1585087027806 0.09315221756696701 351
1585087060299 0.11012855172157288 352
1585087092961 0.11119461059570312 353
1585087125763 0.10210804641246796 354
1585087158093 0.09122331440448761 355
1585087190513 0.09485805034637451 356
1585087223215 0.09895414113998413 357
1585087256226 0.09830804914236069 358
1585087288732 0.09260053932666779 359
1585087321297 0.09293064475059509 360
1585087353861 0.1085280030965805 361
1585087386967 0.09192848205566406 362
1585087419417 0.10473424196243286 363
1585087451626 0.0942501425743103 364
1585087483858 0.09504099935293198 365
1585087516380 0.09579427540302277 366
1585087548810 0.09830480813980103 367
1585087582891 0.09540152549743652 368
1585087615786 0.09599914401769638 369
1585087648393 0.09769561141729355 370
1585087681181 0.09182900935411453 371
1585087714811 0.09586159139871597 372
1585087748093 0.09423235058784485 373
1585087780867 0.09427621960639954 374
1585087813400 0.09549771994352341 375
1585087845983 0.09733616560697556 376
1585087878859 0.0961204394698143 377
1585087911751 0.10428479313850403 378
1585087944287 0.104336678981781 379
1585087977003 0.09346998482942581 380
1585088009735 0.10556840896606445 381
1585088042286 0.09378255903720856 382
1585088075079 0.09303442388772964 383
1585088107682 0.0940081998705864 384
1585088140121 0.09843485802412033 385
1585088172613 0.09463824331760406 386
1585088205319 0.09979097545146942 387
1585088237847 0.08956760168075562 388
1585088270585 0.10256260633468628 389
1585088303195 0.08369438350200653 390
1585088336463 0.09729719161987305 391
1585088370121 0.09590796381235123 392
1585088402773 0.08711713552474976 393
1585088435080 0.09665240347385406 394
1585088467872 0.09290216863155365 395
1585088500132 0.08782753348350525 396
1585088533050 0.09176643192768097 397
1585088565520 0.09829358756542206 398
1585088598121 0.08992672711610794 399
1585088630668 0.09927975386381149 400
