1585075565413 0.8410864472389221 0
1585075597793 1.301659345626831 1
1585075630566 1.0663869380950928 2
1585075663749 0.5618118047714233 3
1585075696037 0.4864276945590973 4
1585075728482 0.6673341989517212 5
1585075760690 0.5122663378715515 6
1585075792945 0.3411046862602234 7
1585075825492 0.3208814859390259 8
1585075858226 0.3758466839790344 9
1585075891181 0.41702181100845337 10
1585075923721 0.37779074907302856 11
1585075956174 0.3166007995605469 12
1585075988851 0.28185874223709106 13
1585076021176 0.29681694507598877 14
1585076053445 0.321963906288147 15
1585076086074 0.34261083602905273 16
1585076119326 0.32061946392059326 17
1585076151926 0.28956079483032227 18
1585076184557 0.27283191680908203 19
1585076217306 0.27117326855659485 20
1585076249942 0.27535539865493774 21
1585076282525 0.3024519085884094 22
1585076315659 0.28840702772140503 23
1585076348108 0.26447594165802 24
1585076381671 0.2534205913543701 25
1585076414242 0.2472483217716217 26
1585076447182 0.248601034283638 27
1585076479982 0.2561379373073578 28
1585076512618 0.26259422302246094 29
1585076545208 0.253603994846344 30
1585076578048 0.24657215178012848 31
1585076611183 0.24295039474964142 32
1585076643943 0.23799565434455872 33
1585076676679 0.23563948273658752 34
1585076709278 0.24521493911743164 35
1585076741761 0.2421395480632782 36
1585076774339 0.22485771775245667 37
1585076806862 0.21763066947460175 38
1585076839050 0.21930503845214844 39
1585076872115 0.22257187962532043 40
1585076905454 0.21359413862228394 41
1585076938011 0.2190144807100296 42
1585076970500 0.21740487217903137 43
1585077003104 0.20471078157424927 44
1585077036111 0.2131650447845459 45
1585077068884 0.21108394861221313 46
1585077101665 0.2118123322725296 47
1585077134516 0.19917088747024536 48
1585077167135 0.20524513721466064 49
1585077199652 0.20724350214004517 50
1585077232025 0.19598159193992615 51
1585077264384 0.20227646827697754 52
1585077296948 0.196856290102005 53
1585077329560 0.19813108444213867 54
1585077362071 0.19405674934387207 55
1585077394860 0.19317632913589478 56
1585077427584 0.18949925899505615 57
1585077460131 0.19741061329841614 58
1585077492773 0.1950080841779709 59
1585077525556 0.18849855661392212 60
1585077558232 0.18698912858963013 61
1585077591023 0.18448129296302795 62
1585077623595 0.19087818264961243 63
1585077656233 0.18168248236179352 64
1585077688413 0.1767711639404297 65
1585077720835 0.1865704357624054 66
1585077753700 0.18154355883598328 67
1585077786576 0.18047870695590973 68
1585077819530 0.1744917333126068 69
1585077852150 0.17764344811439514 70
1585077884571 0.16958332061767578 71
1585077916805 0.18337997794151306 72
1585077949412 0.1724887490272522 73
1585077982199 0.17203330993652344 74
1585078015072 0.16852809488773346 75
1585078047796 0.1737467497587204 76
1585078080543 0.17228634655475616 77
1585078113605 0.17101266980171204 78
1585078146138 0.1717185527086258 79
1585078179597 0.16880981624126434 80
1585078212246 0.17316433787345886 81
1585078244866 0.16943085193634033 82
1585078277555 0.1785551905632019 83
1585078311193 0.16875869035720825 84
1585078344552 0.16655588150024414 85
1585078376956 0.15657752752304077 86
1585078409887 0.1627732515335083 87
1585078442889 0.15930356085300446 88
1585078475513 0.16017910838127136 89
1585078508369 0.1557197868824005 90
1585078540952 0.16096673905849457 91
1585078573515 0.1586650311946869 92
1585078606128 0.151455819606781 93
1585078639028 0.1572299599647522 94
1585078671501 0.15099550783634186 95
1585078704090 0.1582692563533783 96
1585078736940 0.15190982818603516 97
1585078769304 0.1564597636461258 98
1585078801791 0.15581601858139038 99
1585078834374 0.1537942737340927 100
1585078866891 0.15124982595443726 101
1585078899318 0.14984312653541565 102
1585078931697 0.1554461121559143 103
1585078963941 0.1514696478843689 104
1585078996825 0.15552648901939392 105
1585079029397 0.1484290510416031 106
1585079062138 0.1532619297504425 107
1585079094722 0.15038907527923584 108
1585079127271 0.14723917841911316 109
1585079159678 0.15331484377384186 110
1585079192175 0.14215193688869476 111
1585079225475 0.14261022210121155 112
1585079257849 0.1520790159702301 113
1585079290352 0.13863250613212585 114
1585079322699 0.14304250478744507 115
1585079355625 0.1441207379102707 116
1585079388975 0.1429765522480011 117
1585079422155 0.15105602145195007 118
1585079454584 0.14044617116451263 119
1585079487118 0.1401437520980835 120
1585079519395 0.1464010775089264 121
1585079551701 0.14558935165405273 122
1585079583961 0.14154237508773804 123
1585079616452 0.13740433752536774 124
1585079649271 0.14391197264194489 125
1585079682002 0.13683496415615082 126
1585079714298 0.13832776248455048 127
1585079747690 0.1410408318042755 128
1585079780248 0.13916000723838806 129
1585079813202 0.14099282026290894 130
1585079845948 0.14035925269126892 131
1585079879366 0.1392577588558197 132
1585079912001 0.1535753309726715 133
1585079944708 0.14690278470516205 134
1585079977310 0.1377427577972412 135
1585080010198 0.1325797736644745 136
1585080042618 0.13359253108501434 137
1585080075087 0.14299499988555908 138
1585080107651 0.13829439878463745 139
1585080140286 0.1347876489162445 140
1585080173117 0.14144018292427063 141
1585080205545 0.13227567076683044 142
1585080238127 0.1358712613582611 143
1585080271396 0.13096988201141357 144
1585080303953 0.13210029900074005 145
1585080336419 0.12832438945770264 146
1585080369475 0.14012394845485687 147
1585080402325 0.1278521567583084 148
1585080435043 0.14073801040649414 149
1585080467575 0.12858140468597412 150
1585080499662 0.12745651602745056 151
1585080532153 0.12584669888019562 152
1585080564776 0.13096573948860168 153
1585080597325 0.12892955541610718 154
1585080629929 0.13119861483573914 155
1585080662694 0.1300855576992035 156
1585080695544 0.1273171752691269 157
1585080727409 0.12306857109069824 158
1585080760270 0.12779901921749115 159
1585080793102 0.12250512093305588 160
1585080825660 0.12460952997207642 161
1585080858101 0.13040822744369507 162
1585080890729 0.1267736256122589 163
1585080923539 0.1268593966960907 164
1585080956098 0.1202940046787262 165
1585080988671 0.12490960955619812 166
1585081021354 0.12135975062847137 167
1585081054130 0.12785395979881287 168
1585081086710 0.13389702141284943 169
1585081119165 0.1256735920906067 170
1585081153127 0.11937716603279114 171
1585081185447 0.12254887819290161 172
1585081218158 0.1311570256948471 173
1585081251098 0.12229828536510468 174
1585081283653 0.1180877685546875 175
1585081316238 0.12194786220788956 176
1585081349062 0.1292237937450409 177
1585081381827 0.12465612590312958 178
1585081416749 0.12139640748500824 179
1585081449290 0.11988085508346558 180
1585081481715 0.1187639832496643 181
1585081514011 0.1166301816701889 182
1585081546664 0.1266581118106842 183
1585081578962 0.12098260223865509 184
1585081611320 0.1252836287021637 185
1585081644721 0.11836273968219757 186
1585081677055 0.11904174089431763 187
1585081709581 0.1153164654970169 188
1585081741968 0.11740767955780029 189
1585081774494 0.1240595132112503 190
1585081806845 0.11697836965322495 191
1585081839357 0.12687936425209045 192
1585081871810 0.11425049602985382 193
1585081904235 0.11796313524246216 194
1585081936857 0.11622648686170578 195
1585081969571 0.1162983626127243 196
1585082002898 0.12255873531103134 197
1585082035682 0.11758872866630554 198
1585082068049 0.1157011017203331 199
1585082100449 0.1158040463924408 200
1585082132897 0.113181933760643 201
1585082165805 0.12582311034202576 202
1585082198173 0.10949598252773285 203
1585082230709 0.10665745288133621 204
1585082263771 0.11213207244873047 205
1585082296482 0.11245836317539215 206
1585082329221 0.11380703002214432 207
1585082362074 0.11435146629810333 208
1585082394364 0.10686548799276352 209
1585082426916 0.11683715879917145 210
1585082459682 0.10931072384119034 211
1585082492325 0.11140464246273041 212
1585082524740 0.11533348262310028 213
1585082557326 0.11889107525348663 214
1585082590080 0.11056403815746307 215
1585082622488 0.10608275234699249 216
1585082654940 0.10949136316776276 217
1585082688034 0.11322920024394989 218
1585082720843 0.10582296550273895 219
1585082753400 0.11832880228757858 220
1585082786225 0.10912588238716125 221
1585082818952 0.10783430933952332 222
1585082851327 0.11229468882083893 223
1585082883571 0.10754480212926865 224
1585082916000 0.11402441561222076 225
1585082948744 0.10795173048973083 226
1585082981524 0.11217674612998962 227
1585083014308 0.11393579840660095 228
1585083047046 0.11243773996829987 229
1585083080059 0.11392749845981598 230
1585083112771 0.10446334630250931 231
1585083145434 0.11569377779960632 232
1585083178180 0.1063217744231224 233
1585083211077 0.10946591943502426 234
1585083243433 0.10679780691862106 235
1585083276087 0.1130189299583435 236
1585083308674 0.10739858448505402 237
1585083341333 0.10458572208881378 238
1585083373855 0.1072370707988739 239
1585083408469 0.10728305578231812 240
1585083440772 0.11092833429574966 241
1585083473068 0.10986096411943436 242
1585083505981 0.10392773151397705 243
1585083538301 0.10325931012630463 244
1585083571224 0.1067243367433548 245
1585083603598 0.10104361921548843 246
1585083636410 0.09967736899852753 247
1585083669306 0.09816093742847443 248
1585083701675 0.10633966326713562 249
1585083734321 0.10368221253156662 250
1585083766853 0.10119298100471497 251
1585083799538 0.10771895200014114 252
1585083831920 0.10829231142997742 253
1585083864568 0.10036402940750122 254
1585083897150 0.10258203744888306 255
1585083929659 0.10207419097423553 256
1585083962723 0.10669857263565063 257
1585083996038 0.11635525524616241 258
1585084028687 0.10323682427406311 259
1585084061263 0.10723625123500824 260
1585084094050 0.10287157446146011 261
1585084126745 0.10206644982099533 262
1585084160224 0.09873609244823456 263
1585084193057 0.09985379874706268 264
1585084225777 0.10279981791973114 265
1585084258439 0.10050877928733826 266
1585084291370 0.10117225348949432 267
1585084324341 0.1044846847653389 268
1585084356621 0.10409457236528397 269
1585084389141 0.09788987785577774 270
1585084421610 0.10536991059780121 271
1585084454137 0.10480587184429169 272
1585084486499 0.10016974806785583 273
1585084518979 0.10724048316478729 274
1585084551424 0.09844225645065308 275
1585084583669 0.10514666140079498 276
1585084618613 0.09855423867702484 277
1585084653262 0.11134427785873413 278
1585084685865 0.10193780064582825 279
1585084718333 0.10074916481971741 280
1585084751310 0.09518393874168396 281
1585084784029 0.09781210124492645 282
1585084816429 0.10039421170949936 283
1585084849126 0.09725700318813324 284
1585084881777 0.10031377524137497 285
1585084914434 0.09681090712547302 286
1585084947045 0.09855733811855316 287
1585084980001 0.10178802907466888 288
1585085012504 0.09689447283744812 289
1585085045278 0.09080784022808075 290
1585085078639 0.10625225305557251 291
1585085111274 0.09589648991823196 292
1585085143504 0.10025028884410858 293
1585085176080 0.09505904465913773 294
1585085208892 0.09452290832996368 295
1585085241484 0.09540554881095886 296
1585085273955 0.09445254504680634 297
1585085306916 0.09719563275575638 298
1585085339673 0.10029591619968414 299
1585085372265 0.09520979970693588 300
1585085405062 0.09080931544303894 301
1585085437441 0.0945764034986496 302
1585085469950 0.09453931450843811 303
1585085502574 0.0975627526640892 304
1585085535072 0.09321440011262894 305
1585085567583 0.092007577419281 306
1585085600179 0.09255756437778473 307
1585085632802 0.09496662020683289 308
1585085665520 0.09711490571498871 309
1585085698402 0.09545862674713135 310
1585085730806 0.08928829431533813 311
1585085763420 0.0974888801574707 312
1585085795880 0.09352029860019684 313
1585085828182 0.08905071020126343 314
1585085860885 0.09239919483661652 315
1585085893368 0.09199623763561249 316
1585085925843 0.0909411683678627 317
1585085958238 0.09556636214256287 318
1585085990937 0.1007997989654541 319
1585086023441 0.09071312844753265 320
1585086055963 0.09346183389425278 321
1585086088941 0.09345066547393799 322
1585086121517 0.09097573906183243 323
1585086154127 0.09285159409046173 324
1585086186602 0.09358377754688263 325
1585086219980 0.09192105382680893 326
1585086252494 0.09328590333461761 327
1585086284971 0.08877973258495331 328
1585086317950 0.09831079840660095 329
1585086350601 0.0877094566822052 330
1585086383249 0.095392607152462 331
1585086415775 0.09118640422821045 332
1585086448580 0.08921696245670319 333
1585086481162 0.09051389992237091 334
1585086513606 0.08519941568374634 335
1585086546040 0.09744273871183395 336
1585086578415 0.10028034448623657 337
1585086610605 0.09543569386005402 338
1585086643456 0.09144213795661926 339
1585086676223 0.09160896390676498 340
1585086708941 0.09766022861003876 341
1585086741504 0.08748511970043182 342
1585086773971 0.09122682362794876 343
1585086806450 0.09331287443637848 344
1585086838991 0.0899467021226883 345
1585086871509 0.10462083667516708 346
1585086905442 0.09414812177419662 347
1585086937903 0.09057196974754333 348
1585086970459 0.08782745152711868 349
1585087003157 0.08368218690156937 350
1585087035755 0.08250369131565094 351
1585087068339 0.0928545892238617 352
1585087100924 0.09421473741531372 353
1585087133801 0.08875730633735657 354
1585087166021 0.08571027219295502 355
1585087198476 0.08933921903371811 356
1585087231148 0.08693645894527435 357
1585087264073 0.08427265286445618 358
1585087296614 0.08387201279401779 359
1585087329195 0.08078921586275101 360
1585087361725 0.09208960086107254 361
1585087395032 0.07994388788938522 362
1585087427170 0.08750550448894501 363
1585087459672 0.08196912705898285 364
1585087491794 0.085205078125 365
1585087524283 0.08977124094963074 366
1585087557941 0.08569163084030151 367
1585087590813 0.08314193785190582 368
1585087623914 0.08814653754234314 369
1585087656444 0.08855555951595306 370
1585087689123 0.0815151035785675 371
1585087722783 0.09117493778467178 372
1585087756039 0.0799185186624527 373
1585087788774 0.08542519807815552 374
1585087821308 0.08355751633644104 375
1585087853933 0.08689353615045547 376
1585087886909 0.08800643682479858 377
1585087919577 0.08877252042293549 378
1585087952325 0.0888102799654007 379
1585087984991 0.08362068980932236 380
1585088017693 0.09057978540658951 381
1585088050222 0.08128476142883301 382
1585088083091 0.08282648772001266 383
1585088115522 0.07986865937709808 384
1585088148126 0.08777802437543869 385
1585088180482 0.08223196864128113 386
1585088213215 0.08333784341812134 387
1585088245759 0.08006730675697327 388
1585088278599 0.08652964234352112 389
1585088311379 0.08164462447166443 390
1585088344439 0.08819009363651276 391
1585088378256 0.08734068274497986 392
1585088410730 0.08044037967920303 393
1585088443055 0.0829763188958168 394
1585088475664 0.07928620278835297 395
1585088508139 0.08008810877799988 396
1585088540919 0.08302201330661774 397
1585088573538 0.08937184512615204 398
1585088605945 0.08263225108385086 399
1585088638592 0.0859205350279808 400
