1585075565413 0.30811119079589844 0
1585075597793 0.6827036142349243 1
1585075630566 0.6797804236412048 2
1585075663749 0.6819438934326172 3
1585075696037 0.8133237957954407 4
1585075728482 0.7209924459457397 5
1585075760690 0.8067383766174316 6
1585075792945 0.8417657017707825 7
1585075825492 0.834753155708313 8
1585075858226 0.7432334423065186 9
1585075891181 0.7197762131690979 10
1585075923721 0.7525466680526733 11
1585075956174 0.8275479674339294 12
1585075988851 0.8588047027587891 13
1585076021176 0.8666910529136658 14
1585076053445 0.8549457788467407 15
1585076086074 0.8490992188453674 16
1585076119326 0.8600376844406128 17
1585076151926 0.867770791053772 18
1585076184557 0.8736789226531982 19
1585076217306 0.8712352514266968 20
1585076249942 0.8721813559532166 21
1585076282525 0.8452879190444946 22
1585076315659 0.8600834608078003 23
1585076348108 0.8791638612747192 24
1585076381671 0.8803718090057373 25
1585076414242 0.88724684715271 26
1585076447182 0.8858973979949951 27
1585076479982 0.8817737698554993 28
1585076512618 0.8752642869949341 29
1585076545208 0.8853311538696289 30
1585076578048 0.8903757929801941 31
1585076611183 0.8957922458648682 32
1585076643943 0.8932178020477295 33
1585076676679 0.8958762288093567 34
1585076709278 0.8824682235717773 35
1585076741761 0.8917043209075928 36
1585076774339 0.906797468662262 37
1585076806862 0.9102053046226501 38
1585076839050 0.902677595615387 39
1585076872115 0.9002172946929932 40
1585076905454 0.9068392515182495 41
1585076938011 0.9041482210159302 42
1585076970500 0.9085087776184082 43
1585077003104 0.9191335439682007 44
1585077036111 0.9130094051361084 45
1585077068884 0.9207727909088135 46
1585077101665 0.9105120301246643 47
1585077134516 0.9132137894630432 48
1585077167135 0.9160821437835693 49
1585077199652 0.9107714891433716 50
1585077232025 0.9229398965835571 51
1585077264384 0.9133553504943848 52
1585077296948 0.9217056632041931 53
1585077329560 0.9190484285354614 54
1585077362071 0.9225614070892334 55
1585077394860 0.9206207990646362 56
1585077427584 0.9233528971672058 57
1585077460131 0.9189306497573853 58
1585077492773 0.9211868047714233 59
1585077525556 0.9237995743751526 60
1585077558232 0.9236620664596558 61
1585077591023 0.924048662185669 62
1585077623595 0.9236069917678833 63
1585077656233 0.9366980195045471 64
1585077688413 0.9267266988754272 65
1585077720835 0.9264267683029175 66
1585077753700 0.9278260469436646 67
1585077786576 0.9311867952346802 68
1585077819530 0.9271172881126404 69
1585077852150 0.9314371347427368 70
1585077884571 0.9361593723297119 71
1585077916805 0.9327592849731445 72
1585077949412 0.9278010129928589 73
1585077982199 0.9324815273284912 74
1585078015072 0.9325888156890869 75
1585078047796 0.933942437171936 76
1585078080543 0.9313730001449585 77
1585078113605 0.9339228868484497 78
1585078146138 0.9348110556602478 79
1585078179597 0.9338126182556152 80
1585078212246 0.9323580265045166 81
1585078244866 0.9308252334594727 82
1585078277555 0.9243756532669067 83
1585078311193 0.9319429397583008 84
1585078344552 0.9342700242996216 85
1585078376956 0.941544771194458 86
1585078409887 0.9412131309509277 87
1585078442889 0.9409366846084595 88
1585078475513 0.940272331237793 89
1585078508369 0.9462405443191528 90
1585078540952 0.9425352811813354 91
1585078573515 0.9436699151992798 92
1585078606128 0.9440040588378906 93
1585078639028 0.9423650503158569 94
1585078671501 0.942380428314209 95
1585078704090 0.935259222984314 96
1585078736940 0.9508503079414368 97
1585078769304 0.9424224495887756 98
1585078801791 0.9449120759963989 99
1585078834374 0.9471592903137207 100
1585078866891 0.9459735155105591 101
1585078899318 0.9471147060394287 102
1585078931697 0.9417189359664917 103
1585078963941 0.9477121829986572 104
1585078996825 0.9466860294342041 105
1585079029397 0.9410873651504517 106
1585079062138 0.9429216384887695 107
1585079094722 0.9472154378890991 108
1585079127271 0.9503798484802246 109
1585079159678 0.9392870664596558 110
1585079192175 0.9546172618865967 111
1585079225475 0.9543105363845825 112
1585079257849 0.9407310485839844 113
1585079290352 0.9543355703353882 114
1585079322699 0.9417149424552917 115
1585079355625 0.9424055218696594 116
1585079388975 0.9486056566238403 117
1585079422155 0.9430474638938904 118
1585079454584 0.948616087436676 119
1585079487118 0.9525183439254761 120
1585079519395 0.9481732845306396 121
1585079551701 0.9429506063461304 122
1585079583961 0.9480724930763245 123
1585079616452 0.9565877914428711 124
1585079649271 0.948344886302948 125
1585079682002 0.9529349207878113 126
1585079714298 0.9528117179870605 127
1585079747690 0.9492687582969666 128
1585079780248 0.9520609378814697 129
1585079813202 0.9498085975646973 130
1585079845948 0.9466440677642822 131
1585079879366 0.9482871294021606 132
1585079912001 0.9412482976913452 133
1585079944708 0.9409550428390503 134
1585079977310 0.9547405242919922 135
1585080010198 0.9573911428451538 136
1585080042618 0.9528391361236572 137
1585080075087 0.9500733613967896 138
1585080107651 0.9552527070045471 139
1585080140286 0.9484341144561768 140
1585080173117 0.9503156542778015 141
1585080205545 0.9553511142730713 142
1585080238127 0.9508489370346069 143
1585080271396 0.9528928995132446 144
1585080303953 0.9530317783355713 145
1585080336419 0.9611411094665527 146
1585080369475 0.9507834911346436 147
1585080402325 0.9565171003341675 148
1585080435043 0.9550755023956299 149
1585080467575 0.9547796845436096 150
1585080499662 0.9525456428527832 151
1585080532153 0.955558180809021 152
1585080564776 0.9595451951026917 153
1585080597325 0.9543381929397583 154
1585080629929 0.9548125863075256 155
1585080662694 0.953368604183197 156
1585080695544 0.9611567258834839 157
1585080727409 0.9588363766670227 158
1585080760270 0.95878005027771 159
1585080793102 0.9610468149185181 160
1585080825660 0.9570321440696716 161
1585080858101 0.954298734664917 162
1585080890729 0.9601558446884155 163
1585080923539 0.9616128206253052 164
1585080956098 0.9630004167556763 165
1585080988671 0.9565877914428711 166
1585081021354 0.956670343875885 167
1585081054130 0.9570491313934326 168
1585081086710 0.9511633515357971 169
1585081119165 0.9600338935852051 170
1585081153127 0.960852861404419 171
1585081185447 0.9602149128913879 172
1585081218158 0.9531955718994141 173
1585081251098 0.9592831134796143 174
1585081283653 0.9618919491767883 175
1585081316238 0.963755190372467 176
1585081349062 0.9561281204223633 177
1585081381827 0.9578534960746765 178
1585081416749 0.9631980657577515 179
1585081449290 0.9565303921699524 180
1585081481715 0.9641966819763184 181
1585081514011 0.9614909887313843 182
1585081546664 0.9537695646286011 183
1585081578962 0.960326075553894 184
1585081611320 0.9601727724075317 185
1585081644721 0.96528160572052 186
1585081677055 0.9622246026992798 187
1585081709581 0.9667543768882751 188
1585081741968 0.9607100486755371 189
1585081774494 0.958895206451416 190
1585081806845 0.9591979384422302 191
1585081839357 0.9551740884780884 192
1585081871810 0.9663350582122803 193
1585081904235 0.9629899263381958 194
1585081936857 0.9637826085090637 195
1585081969571 0.9635429382324219 196
1585082002898 0.9557835459709167 197
1585082035682 0.9643763303756714 198
1585082068049 0.9609341621398926 199
1585082100449 0.9628535509109497 200
1585082132897 0.9682114124298096 201
1585082165805 0.9598112106323242 202
1585082198173 0.9651689529418945 203
1585082230709 0.9670858979225159 204
1585082263771 0.9635729789733887 205
1585082296482 0.9662681818008423 206
1585082329221 0.9645334482192993 207
1585082362074 0.9602266550064087 208
1585082394364 0.9700013399124146 209
1585082426916 0.959266185760498 210
1585082459682 0.9641979932785034 211
1585082492325 0.9630750417709351 212
1585082524740 0.9624396562576294 213
1585082557326 0.9605200290679932 214
1585082590080 0.959597647190094 215
1585082622488 0.9702252149581909 216
1585082654940 0.9652396440505981 217
1585082688034 0.9625365734100342 218
1585082720843 0.9711110591888428 219
1585082753400 0.9602120518684387 220
1585082786225 0.9693238735198975 221
1585082818952 0.964947521686554 222
1585082851327 0.963660717010498 223
1585082883571 0.9687787294387817 224
1585082916000 0.9601885080337524 225
1585082948744 0.9674332141876221 226
1585082981524 0.9657244682312012 227
1585083014308 0.9613690376281738 228
1585083047046 0.9643932580947876 229
1585083080059 0.961642861366272 230
1585083112771 0.9672378897666931 231
1585083145434 0.9614883661270142 232
1585083178180 0.9686424136161804 233
1585083211077 0.9620177745819092 234
1585083243433 0.9681563377380371 235
1585083276087 0.965449333190918 236
1585083308674 0.9694063067436218 237
1585083341333 0.9710022211074829 238
1585083373855 0.9702135324478149 239
1585083408469 0.9660873413085938 240
1585083440772 0.9629912376403809 241
1585083473068 0.9655030369758606 242
1585083505981 0.9688402414321899 243
1585083538301 0.9682257175445557 244
1585083571224 0.9674631357192993 245
1585083603598 0.9739753007888794 246
1585083636410 0.9700720310211182 247
1585083669306 0.9749331474304199 248
1585083701675 0.965782105922699 249
1585083734321 0.9734734296798706 250
1585083766853 0.9704899787902832 251
1585083799538 0.9647010564804077 252
1585083831920 0.9716585874557495 253
1585083864568 0.970795214176178 254
1585083897150 0.9692569971084595 255
1585083929659 0.971127986907959 256
1585083962723 0.9601832628250122 257
1585083996038 0.9580918550491333 258
1585084028687 0.9670164585113525 259
1585084061263 0.9674251079559326 260
1585084094050 0.9669626951217651 261
1585084126745 0.9659367203712463 262
1585084160224 0.970698356628418 263
1585084193057 0.9766011238098145 264
1585084225777 0.9663520455360413 265
1585084258439 0.9694063067436218 266
1585084291370 0.9694614410400391 267
1585084324341 0.9660217761993408 268
1585084356621 0.9709171056747437 269
1585084389141 0.970698356628418 270
1585084421610 0.9650746583938599 271
1585084454137 0.9714345932006836 272
1585084486499 0.9693368077278137 273
1585084518979 0.9634106159210205 274
1585084551424 0.972793459892273 275
1585084583669 0.9633529186248779 276
1585084618613 0.9710022211074829 277
1585084653262 0.9656445980072021 278
1585084685865 0.9696723222732544 279
1585084718333 0.9680043458938599 280
1585084751310 0.976738691329956 281
1585084784029 0.9673242568969727 282
1585084816429 0.9700312614440918 283
1585084849126 0.9740290641784668 284
1585084881777 0.9699631929397583 285
1585084914434 0.9721710085868835 286
1585084947045 0.9681970477104187 287
1585084980001 0.9696577787399292 288
1585085012504 0.9744470119476318 289
1585085045278 0.9772928953170776 290
1585085078639 0.9663807153701782 291
1585085111274 0.9740434288978577 292
1585085143504 0.9674331545829773 293
1585085176080 0.9726572036743164 294
1585085208892 0.9748649597167969 295
1585085241484 0.9715421199798584 296
1585085273955 0.973517894744873 297
1585085306916 0.975014328956604 298
1585085339673 0.968796968460083 299
1585085372265 0.9738364219665527 300
1585085405062 0.9769036769866943 301
1585085437441 0.9721958041191101 302
1585085469950 0.9742504358291626 303
1585085502574 0.9720151424407959 304
1585085535072 0.9715459942817688 305
1585085567583 0.9703642129898071 306
1585085600179 0.9686306715011597 307
1585085632802 0.9693225622177124 308
1585085665520 0.9695202112197876 309
1585085698402 0.9736437201499939 310
1585085730806 0.9737643003463745 311
1585085763420 0.9722431898117065 312
1585085795880 0.9744914174079895 313
1585085828182 0.974045991897583 314
1585085860885 0.9759747982025146 315
1585085893368 0.9712695479393005 316
1585085925843 0.9746172428131104 317
1585085958238 0.9727135300636292 318
1585085990937 0.966738760471344 319
1585086023441 0.9735442399978638 320
1585086055963 0.9747968912124634 321
1585086088941 0.9714058637619019 322
1585086121517 0.9722378253936768 323
1585086154127 0.9736975431442261 324
1585086186602 0.9733789563179016 325
1585086219980 0.9768211841583252 326
1585086252494 0.9771263599395752 327
1585086284971 0.9739635586738586 328
1585086317950 0.9694679975509644 329
1585086350601 0.9777395725250244 330
1585086383249 0.971114993095398 331
1585086415775 0.9725707173347473 332
1585086448580 0.9772942066192627 333
1585086481162 0.9733385443687439 334
1585086513606 0.9736974835395813 335
1585086546040 0.9698910713195801 336
1585086578415 0.9688559770584106 337
1585086610605 0.9700206518173218 338
1585086643456 0.9706993699073792 339
1585086676223 0.9677265882492065 340
1585086708941 0.9703629016876221 341
1585086741504 0.9780568480491638 342
1585086773971 0.969878077507019 343
1585086806450 0.9713507294654846 344
1585086838991 0.9741874933242798 345
1585086871509 0.963257908821106 346
1585086905442 0.9676728248596191 347
1585086937903 0.9750876426696777 348
1585086970459 0.9751545190811157 349
1585087003157 0.9735022187232971 350
1585087035755 0.9777082800865173 351
1585087068339 0.9716992378234863 352
1585087100924 0.966476559638977 353
1585087133801 0.9756419658660889 354
1585087166021 0.9758477210998535 355
1585087198476 0.9766285419464111 356
1585087231148 0.9755712151527405 357
1585087264073 0.9784904718399048 358
1585087296614 0.9761987924575806 359
1585087329195 0.9823216795921326 360
1585087361725 0.9727986454963684 361
1585087395032 0.9805554747581482 362
1585087427170 0.9725890159606934 363
1585087459672 0.9779167175292969 364
1585087491794 0.9747521877288818 365
1585087524283 0.9726845026016235 366
1585087557941 0.975417971611023 367
1585087590813 0.9769757986068726 368
1585087623914 0.9755568504333496 369
1585087656444 0.9717531204223633 370
1585087689123 0.9791115522384644 371
1585087722783 0.9739189147949219 372
1585087756039 0.9781957268714905 373
1585087788774 0.9756406545639038 374
1585087821308 0.977222204208374 375
1585087853933 0.976738691329956 376
1585087886909 0.9765591025352478 377
1585087919577 0.9768211841583252 378
1585087952325 0.9720203876495361 379
1585087984991 0.9784040451049805 380
1585088017693 0.9762682318687439 381
1585088050222 0.9801415205001831 382
1585088083091 0.9775863885879517 383
1585088115522 0.977155327796936 384
1585088148126 0.9700994491577148 385
1585088180482 0.980072021484375 386
1585088213215 0.9765303134918213 387
1585088245759 0.9791115522384644 388
1585088278599 0.9726585149765015 389
1585088311379 0.9774736166000366 390
1585088344439 0.9743068814277649 391
1585088378256 0.9720885753631592 392
1585088410730 0.9800026416778564 393
1585088443055 0.9766011238098145 394
1585088475664 0.9797365665435791 395
1585088508139 0.9777383804321289 396
1585088540919 0.976417601108551 397
1585088573538 0.9730187654495239 398
1585088605945 0.9748649597167969 399
1585088638592 0.9772260785102844 400
