1585075565413 0.03085637465119362 0
1585075597793 1.5118720531463623 1
1585075630566 0.9118247032165527 2
1585075663749 0.044930532574653625 3
1585075696037 0.010404317639768124 4
1585075728482 0.032154329121112823 5
1585075760690 0.004802959971129894 6
1585075792945 0.0050193509086966515 7
1585075825492 0.00253192987293005 8
1585075858226 0.005752436816692352 9
1585075891181 0.028625696897506714 10
1585075923721 0.012647934257984161 11
1585075956174 0.0015911830123513937 12
1585075988851 0.002664240077137947 13
1585076021176 0.003987051546573639 14
1585076053445 0.011783434078097343 15
1585076086074 0.02676711231470108 16
1585076119326 0.018119491636753082 17
1585076151926 0.009644685313105583 18
1585076184557 0.00600806949660182 19
1585076217306 0.004963509738445282 20
1585076249942 0.003037684131413698 21
1585076282525 0.005483995657414198 22
1585076315659 0.005108266603201628 23
1585076348108 0.002387206768617034 24
1585076381671 0.003083945717662573 25
1585076414242 0.004661583807319403 26
1585076447182 0.00451941043138504 27
1585076479982 0.006223960313946009 28
1585076512618 0.012296162545681 29
1585076545208 0.007764345500618219 30
1585076578048 0.007047002203762531 31
1585076611183 0.0038940897211432457 32
1585076643943 0.004193681757897139 33
1585076676679 0.003173405770212412 34
1585076709278 0.0042676376178860664 35
1585076741761 0.0028758924454450607 36
1585076774339 0.005038764327764511 37
1585076806862 0.0035253181122243404 38
1585076839050 0.005617435090243816 39
1585076872115 0.0027423773426562548 40
1585076905454 0.0026045518461614847 41
1585076938011 0.004948784597218037 42
1585076970500 0.004007525742053986 43
1585077003104 0.0034661157988011837 44
1585077036111 0.0036905701272189617 45
1585077068884 0.003863987512886524 46
1585077101665 0.002652448834851384 47
1585077134516 0.0037772362120449543 48
1585077167135 0.003137743566185236 49
1585077199652 0.004077386111021042 50
1585077232025 0.003226466244086623 51
1585077264384 0.003462577238678932 52
1585077296948 0.004991395398974419 53
1585077329560 0.003898053430020809 54
1585077362071 0.003590936306864023 55
1585077394860 0.00427808566018939 56
1585077427584 0.004009576980024576 57
1585077460131 0.0035419429186731577 58
1585077492773 0.003643955569714308 59
1585077525556 0.00500047393143177 60
1585077558232 0.0042462097480893135 61
1585077591023 0.0034870312083512545 62
1585077623595 0.0037896702997386456 63
1585077656233 0.0037692440673708916 64
1585077688413 0.004431901499629021 65
1585077720835 0.004491356201469898 66
1585077753700 0.004317470360547304 67
1585077786576 0.004484639037400484 68
1585077819530 0.004092041403055191 69
1585077852150 0.004070468246936798 70
1585077884571 0.004491684027016163 71
1585077916805 0.003962051123380661 72
1585077949412 0.004183453507721424 73
1585077982199 0.004014492034912109 74
1585078015072 0.004403115250170231 75
1585078047796 0.005251672118902206 76
1585078080543 0.005519069731235504 77
1585078113605 0.0044320933520793915 78
1585078146138 0.0050714462995529175 79
1585078179597 0.004375968594104052 80
1585078212246 0.004313475452363491 81
1585078244866 0.003625050885602832 82
1585078277555 0.004731830675154924 83
1585078311193 0.004794008564203978 84
1585078344552 0.004319295287132263 85
1585078376956 0.004540334455668926 86
1585078409887 0.004284543916583061 87
1585078442889 0.005255230702459812 88
1585078475513 0.0047663673758506775 89
1585078508369 0.005742461886256933 90
1585078540952 0.005489122588187456 91
1585078573515 0.005467364564538002 92
1585078606128 0.0053349388763308525 93
1585078639028 0.004894612822681665 94
1585078671501 0.005408775992691517 95
1585078704090 0.004805922508239746 96
1585078736940 0.006056956015527248 97
1585078769304 0.005037578754127026 98
1585078801791 0.005056862719357014 99
1585078834374 0.00561175774782896 100
1585078866891 0.0055143083445727825 101
1585078899318 0.00561860715970397 102
1585078931697 0.005083656404167414 103
1585078963941 0.0054603335447609425 104
1585078996825 0.005196808837354183 105
1585079029397 0.004840606823563576 106
1585079062138 0.004689110908657312 107
1585079094722 0.005312520079314709 108
1585079127271 0.004892854019999504 109
1585079159678 0.0050782994367182255 110
1585079192175 0.005730305798351765 111
1585079225475 0.0059494804590940475 112
1585079257849 0.005660405382514 113
1585079290352 0.005463645327836275 114
1585079322699 0.005400447640568018 115
1585079355625 0.004729041829705238 116
1585079388975 0.00491439551115036 117
1585079422155 0.004762640222907066 118
1585079454584 0.00524037703871727 119
1585079487118 0.0050589414313435555 120
1585079519395 0.0051382617093622684 121
1585079551701 0.004799491725862026 122
1585079583961 0.005170092917978764 123
1585079616452 0.00527078565210104 124
1585079649271 0.004997352138161659 125
1585079682002 0.005257710348814726 126
1585079714298 0.004649519920349121 127
1585079747690 0.00481112115085125 128
1585079780248 0.00553405936807394 129
1585079813202 0.0053236233070492744 130
1585079845948 0.005201142281293869 131
1585079879366 0.005136436782777309 132
1585079912001 0.0049140118062496185 133
1585079944708 0.004382002633064985 134
1585079977310 0.00532967085018754 135
1585080010198 0.005359357222914696 136
1585080042618 0.0054801590740680695 137
1585080075087 0.0047380062751472 138
1585080107651 0.005506412126123905 139
1585080140286 0.004776960238814354 140
1585080173117 0.004477782174944878 141
1585080205545 0.00528611009940505 142
1585080238127 0.005188225768506527 143
1585080271396 0.004972629249095917 144
1585080303953 0.004910765681415796 145
1585080336419 0.005666036158800125 146
1585080369475 0.004649790935218334 147
1585080402325 0.005560059100389481 148
1585080435043 0.0056903488002717495 149
1585080467575 0.005250276066362858 150
1585080499662 0.005165429320186377 151
1585080532153 0.004994035232812166 152
1585080564776 0.0050138491205871105 153
1585080597325 0.004792684223502874 154
1585080629929 0.005004750099033117 155
1585080662694 0.005018418654799461 156
1585080695544 0.005039154551923275 157
1585080727409 0.005066151265054941 158
1585080760270 0.005101347342133522 159
1585080793102 0.004987167194485664 160
1585080825660 0.005330687388777733 161
1585080858101 0.005004401784390211 162
1585080890729 0.004962188191711903 163
1585080923539 0.005167290568351746 164
1585080956098 0.005414582788944244 165
1585080988671 0.0047304145991802216 166
1585081021354 0.00525539368391037 167
1585081054130 0.004720835015177727 168
1585081086710 0.004964183550328016 169
1585081119165 0.004738302901387215 170
1585081153127 0.0051806531846523285 171
1585081185447 0.005259164609014988 172
1585081218158 0.0047849975526332855 173
1585081251098 0.004448960535228252 174
1585081283653 0.0049814749509096146 175
1585081316238 0.004848565440624952 176
1585081349062 0.00415536155924201 177
1585081381827 0.00446914229542017 178
1585081416749 0.0051195695996284485 179
1585081449290 0.004837444052100182 180
1585081481715 0.004872286692261696 181
1585081514011 0.005377389024943113 182
1585081546664 0.004134723916649818 183
1585081578962 0.004738309420645237 184
1585081611320 0.004491285886615515 185
1585081644721 0.005501336883753538 186
1585081677055 0.005406247451901436 187
1585081709581 0.004835247993469238 188
1585081741968 0.00547367986291647 189
1585081774494 0.0042175711132586 190
1585081806845 0.004349392373114824 191
1585081839357 0.0047766887582838535 192
1585081871810 0.004395921714603901 193
1585081904235 0.004741663578897715 194
1585081936857 0.004877121653407812 195
1585081969571 0.00481173861771822 196
1585082002898 0.003996323328465223 197
1585082035682 0.004715170245617628 198
1585082068049 0.004334148019552231 199
1585082100449 0.004765805322676897 200
1585082132897 0.005189565010368824 201
1585082165805 0.0058327848091721535 202
1585082198173 0.004925915971398354 203
1585082230709 0.004822541493922472 204
1585082263771 0.0049698231741786 205
1585082296482 0.004543250892311335 206
1585082329221 0.00510072335600853 207
1585082362074 0.0049730828031897545 208
1585082394364 0.004913599696010351 209
1585082426916 0.00487469881772995 210
1585082459682 0.004977199714630842 211
1585082492325 0.0044674621894955635 212
1585082524740 0.0049588559195399284 213
1585082557326 0.003982232883572578 214
1585082590080 0.005027441307902336 215
1585082622488 0.004853281192481518 216
1585082654940 0.004507355857640505 217
1585082688034 0.004785889759659767 218
1585082720843 0.005083461292088032 219
1585082753400 0.004940785467624664 220
1585082786225 0.004718190990388393 221
1585082818952 0.004507672972977161 222
1585082851327 0.004646183457225561 223
1585082883571 0.0049804202280938625 224
1585082916000 0.003974029794335365 225
1585082948744 0.004672106355428696 226
1585082981524 0.004822494462132454 227
1585083014308 0.004515521228313446 228
1585083047046 0.004594890400767326 229
1585083080059 0.0042699906043708324 230
1585083112771 0.004767206963151693 231
1585083145434 0.00383609626442194 232
1585083178180 0.004943646490573883 233
1585083211077 0.004391990602016449 234
1585083243433 0.004664462059736252 235
1585083276087 0.004006672650575638 236
1585083308674 0.005018977448344231 237
1585083341333 0.004933152347803116 238
1585083373855 0.004894379526376724 239
1585083408469 0.004586889408528805 240
1585083440772 0.004128699190914631 241
1585083473068 0.004555252380669117 242
1585083505981 0.0047742389142513275 243
1585083538301 0.004511283244937658 244
1585083571224 0.004118143115192652 245
1585083603598 0.004643532447516918 246
1585083636410 0.004696788266301155 247
1585083669306 0.005222820211201906 248
1585083701675 0.004262886475771666 249
1585083734321 0.004850389435887337 250
1585083766853 0.004581029526889324 251
1585083799538 0.004533197730779648 252
1585083831920 0.004339017905294895 253
1585083864568 0.004584894515573978 254
1585083897150 0.004329849034547806 255
1585083929659 0.004804087802767754 256
1585083962723 0.004516651853919029 257
1585083996038 0.004052415490150452 258
1585084028687 0.004509917460381985 259
1585084061263 0.004220374394208193 260
1585084094050 0.004360032267868519 261
1585084126745 0.004168598912656307 262
1585084160224 0.004865695256739855 263
1585084193057 0.005051388405263424 264
1585084225777 0.004570450633764267 265
1585084258439 0.004226570948958397 266
1585084291370 0.00423434516415 267
1585084324341 0.00443222327157855 268
1585084356621 0.004417837597429752 269
1585084389141 0.004396098665893078 270
1585084421610 0.004447450861334801 271
1585084454137 0.004140445031225681 272
1585084486499 0.004393960814923048 273
1585084518979 0.004111808259040117 274
1585084551424 0.0046278322115540504 275
1585084583669 0.0038955174386501312 276
1585084618613 0.004309577867388725 277
1585084653262 0.004019045736640692 278
1585084685865 0.0042417533695697784 279
1585084718333 0.004152263514697552 280
1585084751310 0.004660937935113907 281
1585084784029 0.004323284141719341 282
1585084816429 0.0041078440845012665 283
1585084849126 0.004353868309408426 284
1585084881777 0.004577812273055315 285
1585084914434 0.004296194761991501 286
1585084947045 0.0039127119816839695 287
1585084980001 0.004191963002085686 288
1585085012504 0.004446262493729591 289
1585085045278 0.005007178522646427 290
1585085078639 0.003997497260570526 291
1585085111274 0.004792336840182543 292
1585085143504 0.0038816824089735746 293
1585085176080 0.0043704928830266 294
1585085208892 0.0042103733867406845 295
1585085241484 0.004361321683973074 296
1585085273955 0.004273127298802137 297
1585085306916 0.004892698489129543 298
1585085339673 0.004512587562203407 299
1585085372265 0.004612366668879986 300
1585085405062 0.004510614089667797 301
1585085437441 0.00427912175655365 302
1585085469950 0.004605671390891075 303
1585085502574 0.004156963899731636 304
1585085535072 0.004626147449016571 305
1585085567583 0.004077044315636158 306
1585085600179 0.0038644555024802685 307
1585085632802 0.004015511367470026 308
1585085665520 0.004042732063680887 309
1585085698402 0.004176873713731766 310
1585085730806 0.004515334963798523 311
1585085763420 0.004211282357573509 312
1585085795880 0.00447677681222558 313
1585085828182 0.004441570956259966 314
1585085860885 0.004625244997441769 315
1585085893368 0.003972325008362532 316
1585085925843 0.004009384661912918 317
1585085958238 0.003894824767485261 318
1585085990937 0.0037080873735249043 319
1585086023441 0.004165757447481155 320
1585086055963 0.004487947560846806 321
1585086088941 0.004412126261740923 322
1585086121517 0.004209117032587528 323
1585086154127 0.004162658005952835 324
1585086186602 0.0038009285926818848 325
1585086219980 0.004300511442124844 326
1585086252494 0.004395877942442894 327
1585086284971 0.004223495721817017 328
1585086317950 0.004016455262899399 329
1585086350601 0.004234562627971172 330
1585086383249 0.003897379618138075 331
1585086415775 0.004161332733929157 332
1585086448580 0.003789044450968504 333
1585086481162 0.004438665695488453 334
1585086513606 0.004253985360264778 335
1585086546040 0.0036726724356412888 336
1585086578415 0.0041234903037548065 337
1585086610605 0.004144649021327496 338
1585086643456 0.003615965135395527 339
1585086676223 0.004071079660207033 340
1585086708941 0.0031712993513792753 341
1585086741504 0.004439513199031353 342
1585086773971 0.004185046069324017 343
1585086806450 0.003954567015171051 344
1585086838991 0.004298198968172073 345
1585086871509 0.0039520906284451485 346
1585086905442 0.003887108527123928 347
1585086937903 0.0036382051184773445 348
1585086970459 0.0038931947201490402 349
1585087003157 0.004119317978620529 350
1585087035755 0.004434836562722921 351
1585087068339 0.00444836588576436 352
1585087100924 0.003598970826715231 353
1585087133801 0.0043793935328722 354
1585087166021 0.004080634564161301 355
1585087198476 0.003932698164135218 356
1585087231148 0.004032832570374012 357
1585087264073 0.004263874609023333 358
1585087296614 0.004382509738206863 359
1585087329195 0.004521491006016731 360
1585087361725 0.003966703545302153 361
1585087395032 0.004628029651939869 362
1585087427170 0.004041031002998352 363
1585087459672 0.003974434919655323 364
1585087491794 0.0037929017562419176 365
1585087524283 0.003792907577008009 366
1585087557941 0.004038446117192507 367
1585087590813 0.004269770812243223 368
1585087623914 0.004159166011959314 369
1585087656444 0.003974675666540861 370
1585087689123 0.004418936558067799 371
1585087722783 0.004488664213567972 372
1585087756039 0.004083120264112949 373
1585087788774 0.0038253760430961847 374
1585087821308 0.0036005752626806498 375
1585087853933 0.004111053887754679 376
1585087886909 0.004118569195270538 377
1585087919577 0.004170428495854139 378
1585087952325 0.004329393617808819 379
1585087984991 0.0038953139446675777 380
1585088017693 0.0034975209273397923 381
1585088050222 0.003658366622403264 382
1585088083091 0.003793544601649046 383
1585088115522 0.003950851503759623 384
1585088148126 0.0034816469997167587 385
1585088180482 0.004162374418228865 386
1585088213215 0.004027459304779768 387
1585088245759 0.0039549823850393295 388
1585088278599 0.003635448170825839 389
1585088311379 0.003785352222621441 390
1585088344439 0.003801169339567423 391
1585088378256 0.003982467111200094 392
1585088410730 0.0038571760524064302 393
1585088443055 0.004263502545654774 394
1585088475664 0.004209435079246759 395
1585088508139 0.0036969156935811043 396
1585088540919 0.004083878360688686 397
1585088573538 0.003960822243243456 398
1585088605945 0.003921414725482464 399
1585088638592 0.0035869430284947157 400
