1585247382865 0.3327358365058899 0
1585247415327 0.45575475692749023 1
1585247447615 0.6072877049446106 2
1585247479956 0.6711556911468506 3
1585247512402 0.683089554309845 4
1585247545339 0.6742216944694519 5
1585247577737 0.677688717842102 6
1585247610109 0.6865566372871399 7
1585247642384 0.6810141801834106 8
1585247674650 0.6765801906585693 9
1585247707204 0.6876651048660278 10
1585247739648 0.6767216920852661 11
1585247771907 0.6981132626533508 12
1585247804072 0.7204481363296509 13
1585247839039 0.7607311010360718 14
1585247871275 0.7886556386947632 15
1585247903927 0.7928065657615662 16
1585247936370 0.8247405290603638 17
1585247969329 0.8241744637489319 18
1585248001921 0.8312735557556152 19
1585248034811 0.8280660510063171 20
1585248067436 0.8144810795783997 21
1585248099950 0.8050471544265747 22
1585248132460 0.8336321115493774 23
1585248164990 0.8021225929260254 24
1585248197392 0.8205659985542297 25
1585248230356 0.8126650452613831 26
1585248262735 0.8237736225128174 27
1585248295011 0.8175235986709595 28
1585248327379 0.832382082939148 29
1585248359848 0.8229480385780334 30
1585248392196 0.8364151120185852 31
1585248424817 0.8515565395355225 32
1585248457773 0.8695990443229675 33
1585248490262 0.8673820495605469 34
1585248522659 0.8484905958175659 35
1585248555182 0.8633490800857544 36
1585248587533 0.8694576025009155 37
1585248619871 0.8794574737548828 38
1585248652396 0.8683490753173828 39
1585248685640 0.8794574737548828 40
1585248718307 0.8768159747123718 41
1585248751184 0.8722405433654785 42
1585248783578 0.8698821067810059 43
1585248815926 0.8805660009384155 44
1585248848467 0.8775235414505005 45
1585248880646 0.8757075071334839 46
1585248914086 0.8809905648231506 47
1585248946654 0.8815329074859619 48
1585248980198 0.8794575929641724 49
1585249012545 0.870707631111145 50
1585249044819 0.874457597732544 51
1585249076919 0.8769575357437134 52
1585249109319 0.8748820424079895 53
1585249141612 0.8754244446754456 54
1585249174022 0.8744574785232544 55
1585249206378 0.875990629196167 56
1585249238899 0.8770990967750549 57
1585249272709 0.8857074975967407 58
1585249305471 0.869316041469574 59
1585249338196 0.8786320686340332 60
1585249372314 0.8725235462188721 61
1585249404969 0.865165114402771 62
1585249437629 0.8725236058235168 63
1585249469912 0.8786320686340332 64
1585249502114 0.8780660033226013 65
1585249534728 0.8757075071334839 66
1585249567447 0.8782075643539429 67
1585249599760 0.8757076263427734 68
1585249633638 0.8830659985542297 69
1585249666102 0.8830659985542297 70
1585249698659 0.8703065514564514 71
1585249731050 0.8772405982017517 72
1585249763619 0.8833490610122681 73
1585249795951 0.8725236058235168 74
1585249828509 0.882924497127533 75
1585249861047 0.8739150762557983 76
1585249893641 0.8751651048660278 77
1585249925954 0.8818159699440002 78
1585249958747 0.8695990443229675 79
1585249991306 0.8770990967750549 80
1585250023740 0.8772406578063965 81
1585250056119 0.8816745281219482 82
1585250088059 0.8784905672073364 83
1585250120478 0.8689150810241699 84
1585250152846 0.8783490657806396 85
1585250185393 0.8794575929641724 86
1585250217806 0.8807075023651123 87
1585250250399 0.8784905672073364 88
1585250283260 0.8773820996284485 89
1585250316008 0.8834905624389648 90
1585250348553 0.8747406005859375 91
1585250380911 0.8772405982017517 92
1585250413935 0.8791744709014893 93
1585250446394 0.8808490633964539 94
1585250478981 0.8739151358604431 95
1585250511187 0.8723820447921753 96
1585250543938 0.8794575929641724 97
1585250576615 0.8805660009384155 98
1585250609109 0.8680896162986755 99
1585250641560 0.8758490085601807 100
1585250674119 0.8782075643539429 101
1585250706971 0.8769575357437134 102
1585250739441 0.8737736344337463 103
1585250773216 0.8772405982017517 104
1585250805864 0.8793160319328308 105
1585250839003 0.8807076215744019 106
1585250871414 0.8748821020126343 107
1585250903894 0.874599039554596 108
1585250936315 0.8736320734024048 109
1585250968882 0.874457597732544 110
1585251001207 0.8675236105918884 111
1585251034027 0.8761321306228638 112
1585251067147 0.8722406029701233 113
1585251099574 0.8768160343170166 114
1585251131970 0.8734905123710632 115
1585251164422 0.8732075691223145 116
1585251197028 0.8733490705490112 117
1585251230166 0.8684905767440796 118
1585251262832 0.879315972328186 119
1585251295538 0.8784905672073364 120
