1585247371548 0.8505749702453613 0
1585247403910 0.7585116624832153 1
1585247436228 0.7089470028877258 2
1585247468360 0.6807082295417786 3
1585247500964 0.674106240272522 4
1585247534011 0.6565452218055725 5
1585247566361 0.6397882103919983 6
1585247598787 0.6151897311210632 7
1585247631047 0.5986522436141968 8
1585247663288 0.5684323906898499 9
1585247695655 0.5553660988807678 10
1585247728257 0.5339029431343079 11
1585247760600 0.5198601484298706 12
1585247792734 0.506274938583374 13
1585247827778 0.49064505100250244 14
1585247859912 0.47962135076522827 15
1585247892495 0.46864187717437744 16
1585247924908 0.4581456780433655 17
1585247957930 0.4508223533630371 18
1585247990559 0.43744340538978577 19
1585248023315 0.43292465806007385 20
1585248056238 0.42328906059265137 21
1585248088597 0.4203903079032898 22
1585248121160 0.41304123401641846 23
1585248153597 0.40301600098609924 24
1585248185987 0.4023699164390564 25
1585248218918 0.395912766456604 26
1585248251484 0.39316362142562866 27
1585248283660 0.38746052980422974 28
1585248316299 0.38242197036743164 29
1585248348288 0.3762267827987671 30
1585248380828 0.37420931458473206 31
1585248413363 0.37446290254592896 32
1585248445802 0.36484843492507935 33
1585248478870 0.3601154088973999 34
1585248511220 0.35502317547798157 35
1585248543759 0.35827669501304626 36
1585248576231 0.3489896357059479 37
1585248608497 0.3458871841430664 38
1585248640946 0.3422679007053375 39
1585248673725 0.34353354573249817 40
1585248706941 0.3384924829006195 41
1585248739703 0.33826199173927307 42
1585248772291 0.3365025222301483 43
1585248804563 0.3327013850212097 44
1585248837083 0.33698350191116333 45
1585248869274 0.3337990343570709 46
1585248902706 0.3336719572544098 47
1585248935040 0.3282320201396942 48
1585248967652 0.3282967209815979 49
1585249001208 0.32719510793685913 50
1585249033622 0.322846919298172 51
1585249065669 0.32886409759521484 52
1585249098004 0.31862619519233704 53
1585249130350 0.32820025086402893 54
1585249162643 0.328861802816391 55
1585249195120 0.3262898027896881 56
1585249227502 0.32286325097084045 57
1585249260005 0.32276391983032227 58
1585249293889 0.3239573836326599 59
1585249326653 0.3195103704929352 60
1585249360976 0.31560298800468445 61
1585249393514 0.32233327627182007 62
1585249425957 0.33004269003868103 63
1585249458634 0.3188244700431824 64
1585249490892 0.3229001760482788 65
1585249523046 0.3240031898021698 66
1585249555781 0.3190961480140686 67
1585249588265 0.32252010703086853 68
1585249622300 0.3217707872390747 69
1585249654654 0.32773557305336 70
1585249687294 0.3169604539871216 71
1585249719687 0.3272629678249359 72
1585249752116 0.3215470314025879 73
1585249784586 0.32025983929634094 74
1585249816993 0.3225844204425812 75
1585249849679 0.32305142283439636 76
1585249882166 0.3240356743335724 77
1585249914560 0.3284774422645569 78
1585249947280 0.32439377903938293 79
1585249979911 0.3175644874572754 80
1585250012290 0.3283231556415558 81
1585250044662 0.3318101167678833 82
1585250076783 0.3429422676563263 83
1585250108963 0.3286356031894684 84
1585250141452 0.3328600823879242 85
1585250174027 0.32424500584602356 86
1585250206348 0.3320585787296295 87
1585250238911 0.3234739303588867 88
1585250271773 0.33025631308555603 89
1585250304511 0.33085694909095764 90
1585250336808 0.3319951295852661 91
1585250369597 0.33532729744911194 92
1585250401946 0.33581823110580444 93
1585250434960 0.3372862935066223 94
1585250467477 0.3336593210697174 95
1585250499904 0.3397219181060791 96
1585250532423 0.3378945291042328 97
1585250565200 0.347038596868515 98
1585250597650 0.3457029163837433 99
1585250630262 0.34350815415382385 100
1585250662653 0.35013729333877563 101
1585250695415 0.35327020287513733 102
1585250728161 0.3561248481273651 103
1585250761838 0.3538179397583008 104
1585250794464 0.36062324047088623 105
1585250827495 0.3565196394920349 106
1585250860028 0.3609752058982849 107
1585250892542 0.3576963245868683 108
1585250925017 0.3582572042942047 109
1585250957338 0.3592357635498047 110
1585250989857 0.357160747051239 111
1585251022366 0.35972556471824646 112
1585251055441 0.36339226365089417 113
1585251088217 0.3592042922973633 114
1585251120670 0.3624936044216156 115
1585251152948 0.36253178119659424 116
1585251185538 0.3572345972061157 117
1585251218505 0.3640718162059784 118
1585251251294 0.3571637272834778 119
1585251283914 0.3527158796787262 120
