1585247371548 0.03446386754512787 0
1585247403910 0.00872707087546587 1
1585247436228 0.006109172012656927 2
1585247468360 0.009392562322318554 3
1585247500964 0.013821033760905266 4
1585247534011 0.018103163689374924 5
1585247566361 0.015930524095892906 6
1585247598787 0.007306827697902918 7
1585247631047 0.004953581374138594 8
1585247663288 0.0018094953848049045 9
1585247695655 0.0023316810838878155 10
1585247728257 0.003064873395487666 11
1585247760600 0.0052277385257184505 12
1585247792734 0.007812274154275656 13
1585247827778 0.010297452099621296 14
1585247859912 0.011695245280861855 15
1585247892495 0.012949653901159763 16
1585247924908 0.013875805772840977 17
1585247957930 0.013529224321246147 18
1585247990559 0.013809174299240112 19
1585248023315 0.013000774197280407 20
1585248056238 0.011601967737078667 21
1585248088597 0.010426986031234264 22
1585248121160 0.009490149095654488 23
1585248153597 0.009379999712109566 24
1585248185987 0.008078070357441902 25
1585248218918 0.008551022969186306 26
1585248251484 0.007102102041244507 27
1585248283660 0.0069264802150428295 28
1585248316299 0.007523783482611179 29
1585248348288 0.008011101745069027 30
1585248380828 0.0073691862635314465 31
1585248413363 0.007983947172760963 32
1585248445802 0.008677252568304539 33
1585248478870 0.00844729132950306 34
1585248511220 0.008928847499191761 35
1585248543759 0.009093505330383778 36
1585248576231 0.009765650145709515 37
1585248608497 0.009889734908938408 38
1585248640946 0.009583169594407082 39
1585248673725 0.008667975664138794 40
1585248706941 0.009189775213599205 41
1585248739703 0.008702637627720833 42
1585248772291 0.008603938855230808 43
1585248804563 0.008582323789596558 44
1585248837083 0.007966314442455769 45
1585248869274 0.007798092905431986 46
1585248902706 0.0072425371035933495 47
1585248935040 0.007676017936319113 48
1585248967652 0.0071437060832977295 49
1585249001208 0.007049958687275648 50
1585249033622 0.007384170312434435 51
1585249065669 0.006522893439978361 52
1585249098004 0.007664990145713091 53
1585249130350 0.006644456181675196 54
1585249162643 0.006039055529981852 55
1585249195120 0.006278397981077433 56
1585249227502 0.006491159554570913 57
1585249260005 0.006596342660486698 58
1585249293889 0.00612609414383769 59
1585249326653 0.007352479733526707 60
1585249360976 0.006816984154284 61
1585249393514 0.005743712652474642 62
1585249425957 0.006036160979419947 63
1585249458634 0.005718572530895472 64
1585249490892 0.005247112829238176 65
1585249523046 0.005672710482031107 66
1585249555781 0.005602798890322447 67
1585249588265 0.005131627898663282 68
1585249622300 0.005272107198834419 69
1585249654654 0.004881287459284067 70
1585249687294 0.005487456917762756 71
1585249719687 0.00428183376789093 72
1585249752116 0.004659845493733883 73
1585249784586 0.0050461930222809315 74
1585249816993 0.00429032975807786 75
1585249849679 0.0047397431917488575 76
1585249882166 0.0043496862053871155 77
1585249914560 0.004102928563952446 78
1585249947280 0.003995997831225395 79
1585249979911 0.004591920413076878 80
1585250012290 0.0043931263498961926 81
1585250044662 0.00275709037669003 82
1585250076783 0.00321509363129735 83
1585250108963 0.0033067085314542055 84
1585250141452 0.003538360120728612 85
1585250174027 0.0032544201239943504 86
1585250206348 0.0030637262389063835 87
1585250238911 0.003937708679586649 88
1585250271773 0.002367566106840968 89
1585250304511 0.002706361236050725 90
1585250336808 0.0031794693786650896 91
1585250369597 0.0037030838429927826 92
1585250401946 0.001961694797500968 93
1585250434960 0.0020192109514027834 94
1585250467477 0.0027844528667628765 95
1585250499904 0.001342853531241417 96
1585250532423 0.002977972151711583 97
1585250565200 0.0022810203954577446 98
1585250597650 0.0024441529531031847 99
1585250630262 0.0014825047692283988 100
1585250662653 0.002772438107058406 101
1585250695415 0.0017596464604139328 102
1585250728161 0.001229548710398376 103
1585250761838 0.0010956438491120934 104
1585250794464 0.00288887950591743 105
1585250827495 0.001593800145201385 106
1585250860028 0.0030609529931098223 107
1585250892542 0.002071885857731104 108
1585250925017 0.0006844090530648828 109
1585250957338 0.00276987929828465 110
1585250989857 0.002275141654536128 111
1585251022366 0.0014933027559891343 112
1585251055441 0.002293414669111371 113
1585251088217 0.0007041060016490519 114
1585251120670 0.0010498311603441834 115
1585251152948 0.0019226454896852374 116
1585251185538 0.0006554715218953788 117
1585251218505 0.003133990801870823 118
1585251251294 0.0028148326091468334 119
1585251283914 0.0014318018220365047 120
