1585247371548 0.28348657488822937 0
1585247403910 0.42678162455558777 1
1585247436228 0.6097701191902161 2
1585247468360 0.6762068867683411 3
1585247500964 0.676436722278595 4
1585247534011 0.6772413849830627 5
1585247566361 0.677241325378418 6
1585247598787 0.6796551942825317 7
1585247631047 0.676436722278595 8
1585247663288 0.6812644004821777 9
1585247695655 0.6756321787834167 10
1585247728257 0.6852107644081116 11
1585247760600 0.700766384601593 12
1585247792734 0.6980459690093994 13
1585247827778 0.7150958180427551 14
1585247859912 0.7324903607368469 15
1585247892495 0.7373180389404297 16
1585247924908 0.7441762089729309 17
1585247957930 0.7490421533584595 18
1585247990559 0.7568965554237366 19
1585248023315 0.7641761898994446 20
1585248056238 0.7600383758544922 21
1585248088597 0.7397701740264893 22
1585248121160 0.7590421438217163 23
1585248153597 0.7633715867996216 24
1585248185987 0.7601532340049744 25
1585248218918 0.7651723623275757 26
1585248251484 0.7642912268638611 27
1585248283660 0.7654022574424744 28
1585248316299 0.7844827771186829 29
1585248348288 0.8032566905021667 30
1585248380828 0.8059003949165344 31
1585248413363 0.7986589670181274 32
1585248445802 0.8205364346504211 33
1585248478870 0.8203448057174683 34
1585248511220 0.8346743583679199 35
1585248543759 0.8294252753257751 36
1585248576231 0.8286206722259521 37
1585248608497 0.8384292125701904 38
1585248640946 0.837011456489563 39
1585248673725 0.8311493992805481 40
1585248706941 0.8385440111160278 41
1585248739703 0.8463984727859497 42
1585248772291 0.8394253253936768 43
1585248804563 0.8503448963165283 44
1585248837083 0.8376244902610779 45
1585248869274 0.8365134000778198 46
1585248902706 0.8383141756057739 47
1585248935040 0.8463984727859497 48
1585248967652 0.8391187787055969 49
1585249001208 0.8405364155769348 50
1585249033622 0.8594253659248352 51
1585249065669 0.8372030258178711 52
1585249098004 0.8610345125198364 53
1585249130350 0.8477011919021606 54
1585249162643 0.8413410186767578 55
1585249195120 0.8500382900238037 56
1585249227502 0.8513410687446594 57
1585249260005 0.8524520993232727 58
1585249293889 0.8580076694488525 59
1585249326653 0.8554789423942566 60
1585249360976 0.8596168756484985 61
1585249393514 0.8462835550308228 62
1585249425957 0.8513409495353699 63
1585249458634 0.8477010726928711 64
1585249490892 0.8427585959434509 65
1585249523046 0.8496168255805969 66
1585249555781 0.8510344624519348 67
1585249588265 0.8594253659248352 68
1585249622300 0.8440612554550171 69
1585249654654 0.8328736424446106 70
1585249687294 0.8499233722686768 71
1585249719687 0.8360918760299683 72
1585249752116 0.8568965196609497 73
1585249784586 0.8527586460113525 74
1585249816993 0.8467049598693848 75
1585249849679 0.8519540429115295 76
1585249882166 0.8446743488311768 77
1585249914560 0.837701141834259 78
1585249947280 0.8422605395317078 79
1585249979911 0.8529502749443054 80
1585250012290 0.8350958228111267 81
1585250044662 0.8327586650848389 82
1585250076783 0.815632164478302 83
1585250108963 0.8350957632064819 84
1585250141452 0.8306514024734497 85
1585250174027 0.8499233722686768 86
1585250206348 0.8362069129943848 87
1585250238911 0.8418391346931458 88
1585250271773 0.8405364155769348 89
1585250304511 0.8322604894638062 90
1585250336808 0.8360919952392578 91
1585250369597 0.8319540023803711 92
1585250401946 0.8322605490684509 93
1585250434960 0.8286207318305969 94
1585250467477 0.83003830909729 95
1585250499904 0.8244827389717102 96
1585250532423 0.82478928565979 97
1585250565200 0.8200382590293884 98
1585250597650 0.8327586054801941 99
1585250630262 0.8213409781455994 100
1585250662653 0.8188121914863586 101
1585250695415 0.8157087564468384 102
1585250728161 0.8149808049201965 103
1585250761838 0.8152874112129211 104
1585250794464 0.8162068724632263 105
1585250827495 0.8202298283576965 106
1585250860028 0.8197318315505981 107
1585250892542 0.8167049884796143 108
1585250925017 0.8163984417915344 109
1585250957338 0.8204214572906494 110
1585250989857 0.8145977258682251 111
1585251022366 0.8167049884796143 112
1585251055441 0.8111494183540344 113
1585251088217 0.8136780858039856 114
1585251120670 0.8112643957138062 115
1585251152948 0.8122604489326477 116
1585251185538 0.8183141946792603 117
1585251218505 0.8167049884796143 118
1585251251294 0.820842981338501 119
1585251283914 0.8221455812454224 120
