1585247382865 0.8315979242324829 0
1585247415327 0.7384952306747437 1
1585247447615 0.6887212991714478 2
1585247479956 0.6601724624633789 3
1585247512402 0.6443091034889221 4
1585247545339 0.6354579925537109 5
1585247577737 0.6134381890296936 6
1585247610109 0.5819135904312134 7
1585247642384 0.5667967796325684 8
1585247674650 0.5498716831207275 9
1585247707204 0.5233531594276428 10
1585247739648 0.5119046568870544 11
1585247771907 0.49418047070503235 12
1585247804072 0.47899940609931946 13
1585247839039 0.4668614864349365 14
1585247871275 0.4554387629032135 15
1585247903927 0.44550999999046326 16
1585247936370 0.4336460530757904 17
1585247969329 0.420783668756485 18
1585248001921 0.413210391998291 19
1585248034811 0.4005080461502075 20
1585248067436 0.39590972661972046 21
1585248099950 0.3935951292514801 22
1585248132460 0.37979426980018616 23
1585248164990 0.3792198598384857 24
1585248197392 0.36621057987213135 25
1585248230356 0.36276310682296753 26
1585248262735 0.3579680919647217 27
1585248295011 0.35575973987579346 28
1585248327379 0.35071003437042236 29
1585248359848 0.35204508900642395 30
1585248392196 0.34353333711624146 31
1585248424817 0.3406102657318115 32
1585248457773 0.329974889755249 33
1585248490262 0.3273528814315796 34
1585248522659 0.32781079411506653 35
1585248555182 0.31928494572639465 36
1585248587533 0.31437569856643677 37
1585248619871 0.30876684188842773 38
1585248652396 0.3079606592655182 39
1585248685640 0.3086010217666626 40
1585248718307 0.3013606667518616 41
1585248751184 0.30382153391838074 42
1585248783578 0.30694568157196045 43
1585248815926 0.2958061099052429 44
1585248848467 0.30290985107421875 45
1585248880646 0.2990056276321411 46
1585248914086 0.298921138048172 47
1585248946654 0.2922511100769043 48
1585248980198 0.29816460609436035 49
1585249012545 0.29972341656684875 50
1585249044819 0.2902974486351013 51
1585249076919 0.29176685214042664 52
1585249109319 0.29540249705314636 53
1585249141612 0.2876715064048767 54
1585249174022 0.2892846465110779 55
1585249206378 0.29070261120796204 56
1585249238899 0.2900576889514923 57
1585249272709 0.30050188302993774 58
1585249305471 0.2917672395706177 59
1585249338196 0.29655471444129944 60
1585249372314 0.29626211524009705 61
1585249404969 0.2912825345993042 62
1585249437629 0.2920547127723694 63
1585249469912 0.2923927903175354 64
1585249502114 0.2851906418800354 65
1585249534728 0.29671183228492737 66
1585249567447 0.2939966917037964 67
1585249599760 0.2882210612297058 68
1585249633638 0.2876574695110321 69
1585249666102 0.28651151061058044 70
1585249698659 0.29032039642333984 71
1585249731050 0.294268935918808 72
1585249763619 0.2904723286628723 73
1585249795951 0.2901802361011505 74
1585249828509 0.28409165143966675 75
1585249861047 0.29189035296440125 76
1585249893641 0.2938573360443115 77
1585249925954 0.28608137369155884 78
1585249958747 0.28982990980148315 79
1585249991306 0.2907831072807312 80
1585250023740 0.2927698791027069 81
1585250056119 0.2813044488430023 82
1585250088059 0.29118478298187256 83
1585250120478 0.29670384526252747 84
1585250152846 0.289301335811615 85
1585250185393 0.28540146350860596 86
1585250217806 0.28836002945899963 87
1585250250399 0.2934744954109192 88
1585250283260 0.2933012843132019 89
1585250316008 0.29256099462509155 90
1585250348553 0.30148428678512573 91
1585250380911 0.2964361608028412 92
1585250413935 0.28889936208724976 93
1585250446394 0.30260294675827026 94
1585250478981 0.2995959222316742 95
1585250511187 0.30903175473213196 96
1585250543938 0.2967115342617035 97
1585250576615 0.29941657185554504 98
1585250609109 0.3134559988975525 99
1585250641560 0.3093401789665222 100
1585250674119 0.3045012354850769 101
1585250706971 0.3081408441066742 102
1585250739441 0.3188726007938385 103
1585250773216 0.3065366744995117 104
1585250805864 0.3046392798423767 105
1585250839003 0.309255450963974 106
1585250871414 0.31349027156829834 107
1585250903894 0.313505619764328 108
1585250936315 0.31651023030281067 109
1585250968882 0.3144262433052063 110
1585251001207 0.31848928332328796 111
1585251034027 0.31414464116096497 112
1585251067147 0.3177315592765808 113
1585251099574 0.30856335163116455 114
1585251131970 0.31184259057044983 115
1585251164422 0.3081710934638977 116
1585251197028 0.31264728307724 117
1585251230166 0.31674203276634216 118
1585251262832 0.30865058302879333 119
1585251295538 0.3087063431739807 120
