1585247382865 0.027248883619904518 0
1585247415327 0.0051950919441878796 1
1585247447615 0.002842918736860156 2
1585247479956 0.004186602775007486 3
1585247512402 0.007154326420277357 4
1585247545339 0.010270440019667149 5
1585247577737 0.00832584872841835 6
1585247610109 0.004029661882668734 7
1585247642384 0.0019249331671744585 8
1585247674650 0.0009818400721997023 9
1585247707204 0.004953898023813963 10
1585247739648 0.006399425212293863 11
1585247771907 0.009429310448467731 12
1585247804072 0.013539775274693966 13
1585247839039 0.01641278900206089 14
1585247871275 0.018537767231464386 15
1585247903927 0.019847970455884933 16
1585247936370 0.021075788885354996 17
1585247969329 0.022096728906035423 18
1585248001921 0.02001669816672802 19
1585248034811 0.01991729810833931 20
1585248067436 0.018058273941278458 21
1585248099950 0.01585688441991806 22
1585248132460 0.01554941013455391 23
1585248164990 0.014172178693115711 24
1585248197392 0.014581115916371346 25
1585248230356 0.012750016525387764 26
1585248262735 0.012444324791431427 27
1585248295011 0.010970319621264935 28
1585248327379 0.01060222927480936 29
1585248359848 0.010518212802708149 30
1585248392196 0.011320722289383411 31
1585248424817 0.010868648067116737 32
1585248457773 0.01207573153078556 33
1585248490262 0.012297844514250755 34
1585248522659 0.012236286886036396 35
1585248555182 0.0124254385009408 36
1585248587533 0.012696555815637112 37
1585248619871 0.01317288912832737 38
1585248652396 0.013088072650134563 39
1585248685640 0.011270119808614254 40
1585248718307 0.01214594952762127 41
1585248751184 0.010532118380069733 42
1585248783578 0.00949103944003582 43
1585248815926 0.010726859793066978 44
1585248848467 0.009481221437454224 45
1585248880646 0.009627729654312134 46
1585248914086 0.009028274565935135 47
1585248946654 0.011074362322688103 48
1585248980198 0.008783292956650257 49
1585249012545 0.008498083800077438 50
1585249044819 0.00859789177775383 51
1585249076919 0.008314622566103935 52
1585249109319 0.0075955516658723354 53
1585249141612 0.00847971998155117 54
1585249174022 0.008211152628064156 55
1585249206378 0.008432078175246716 56
1585249238899 0.007196631748229265 57
1585249272709 0.006027912255376577 58
1585249305471 0.007035930175334215 59
1585249338196 0.00677774241194129 60
1585249372314 0.005562779493629932 61
1585249404969 0.00608523003757 62
1585249437629 0.0054652635008096695 63
1585249469912 0.007042244542390108 64
1585249502114 0.006812566891312599 65
1585249534728 0.006245918571949005 66
1585249567447 0.005453352816402912 67
1585249599760 0.006116264965385199 68
1585249633638 0.005827402696013451 69
1585249666102 0.006616824306547642 70
1585249698659 0.004935906734317541 71
1585249731050 0.005422158166766167 72
1585249763619 0.005970222409814596 73
1585249795951 0.004428028594702482 74
1585249828509 0.005648629739880562 75
1585249861047 0.004637398757040501 76
1585249893641 0.004411256406456232 77
1585249925954 0.005325863137841225 78
1585249958747 0.004926060326397419 79
1585249991306 0.004298156592994928 80
1585250023740 0.003724323585629463 81
1585250056119 0.0054867141880095005 82
1585250088059 0.004189713858067989 83
1585250120478 0.003919367212802172 84
1585250152846 0.004088596906512976 85
1585250185393 0.0057814172469079494 86
1585250217806 0.003441285341978073 87
1585250250399 0.0041510420851409435 88
1585250283260 0.003076310269534588 89
1585250316008 0.002579417312517762 90
1585250348553 0.0032097334042191505 91
1585250380911 0.0036820932291448116 92
1585250413935 0.004144889302551746 93
1585250446394 0.003294328460469842 94
1585250478981 0.004243143834173679 95
1585250511187 0.0028102202340960503 96
1585250543938 0.003932669758796692 97
1585250576615 0.003530009649693966 98
1585250609109 0.004007322713732719 99
1585250641560 0.0019279631087556481 100
1585250674119 0.0016891880659386516 101
1585250706971 0.0015185391530394554 102
1585250739441 0.003940170165151358 103
1585250773216 0.0025565247051417828 104
1585250805864 0.00246187811717391 105
1585250839003 0.003471407573670149 106
1585250871414 0.002166483551263809 107
1585250903894 0.0020253818947821856 108
1585250936315 0.0018598473398014903 109
1585250968882 0.002978775417432189 110
1585251001207 0.0021071843802928925 111
1585251034027 0.00210531591437757 112
1585251067147 0.0010810482781380415 113
1585251099574 0.0026916516944766045 114
1585251131970 0.0028133008163422346 115
1585251164422 0.0019609893206506968 116
1585251197028 0.0022797647397965193 117
1585251230166 0.0011812894372269511 118
1585251262832 0.0014227936044335365 119
1585251295538 0.0015914265532046556 120
