1585247390909 0.30811119079589844 0
1585247423142 0.4412682056427002 1
1585247455426 0.6085289120674133 2
1585247487882 0.6736812591552734 3
1585247520295 0.67976313829422 4
1585247553231 0.6757315397262573 5
1585247585614 0.67746502161026 6
1585247618030 0.6831059455871582 7
1585247650128 0.6787254810333252 8
1585247682569 0.6789222955703735 9
1585247715082 0.6816486120223999 10
1585247747550 0.6809662580490112 11
1585247779681 0.6994398236274719 12
1585247811985 0.7092470526695251 13
1585247846913 0.7379134893417358 14
1585247879207 0.7605730295181274 15
1585247911749 0.7650623321533203 16
1585247944359 0.7844583988189697 17
1585247977421 0.7866083383560181 18
1585248009804 0.7940850257873535 19
1585248042944 0.7961211204528809 20
1585248075445 0.7872596979141235 21
1585248107875 0.772408664226532 22
1585248140463 0.7963371276855469 23
1585248172986 0.7827470898628235 24
1585248205838 0.790359616279602 25
1585248238254 0.7889187335968018 26
1585248270538 0.7940324544906616 27
1585248302787 0.7914628982543945 28
1585248335129 0.8084324598312378 29
1585248367685 0.8131023645401001 30
1585248400089 0.8211577534675598 31
1585248432672 0.825107753276825 32
1585248465734 0.8450677394866943 33
1585248498091 0.8438634276390076 34
1585248530675 0.8415824770927429 35
1585248563082 0.8463871479034424 36
1585248595407 0.8490391373634338 37
1585248627669 0.8589433431625366 38
1585248660423 0.8526802659034729 39
1585248693547 0.8553034067153931 40
1585248726560 0.8576799631118774 41
1585248759157 0.8593195080757141 42
1585248791527 0.8546537160873413 43
1585248823940 0.8654554486274719 44
1585248856257 0.8575739860534668 45
1585248889579 0.8561104536056519 46
1585248921923 0.8596524000167847 47
1585248954458 0.8639656901359558 48
1585248988097 0.859288215637207 49
1585249020496 0.8556220531463623 50
1585249052501 0.8669414520263672 51
1585249084744 0.8570802807807922 52
1585249117191 0.8679583072662354 53
1585249149485 0.8615628480911255 54
1585249181960 0.8578992486000061 55
1585249214339 0.8630144596099854 56
1585249246919 0.8642200827598572 57
1585249280796 0.8690798282623291 58
1585249313356 0.8636618852615356 59
1585249346105 0.8670555353164673 60
1585249380427 0.8660702109336853 61
1585249412876 0.8557243347167969 62
1585249445563 0.8619322776794434 63
1585249477790 0.8631665706634521 64
1585249509905 0.8604122996330261 65
1585249542667 0.8626621961593628 66
1585249575303 0.8646210432052612 67
1585249607914 0.8675664663314819 68
1585249641586 0.8635636568069458 69
1585249674012 0.8579698204994202 70
1585249706599 0.8601149320602417 71
1585249738971 0.8566662073135376 72
1585249771483 0.8701227903366089 73
1585249803894 0.8626410961151123 74
1585249836636 0.8648147583007812 75
1585249869096 0.8629345893859863 76
1585249901533 0.8599197268486023 77
1585249933874 0.8597585558891296 78
1585249966678 0.8559297919273376 79
1585249999236 0.8650246858596802 80
1585250031643 0.856168270111084 81
1585250063891 0.8572165966033936 82
1585250096002 0.8470613956451416 83
1585250128343 0.8520054221153259 84
1585250160918 0.8545002341270447 85
1585250193305 0.8646904826164246 86
1585250225740 0.8584572076797485 87
1585250258770 0.8601648807525635 88
1585250291316 0.8589592576026917 89
1585250323789 0.8578755259513855 90
1585250356454 0.8554162979125977 91
1585250388938 0.8545973300933838 92
1585250421851 0.8557175397872925 93
1585250454178 0.8547348976135254 94
1585250486783 0.851976752281189 95
1585250519246 0.8484324216842651 96
1585250551819 0.8521234393119812 97
1585250584373 0.8503021001815796 98
1585250617072 0.8504241108894348 99
1585250649418 0.8485950231552124 100
1585250682072 0.8485099077224731 101
1585250714976 0.8463331460952759 102
1585250747378 0.8443772196769714 103
1585250781296 0.8462640047073364 104
1585250814146 0.8477614521980286 105
1585250846934 0.8504687547683716 106
1585250879498 0.8473069667816162 107
1585250911843 0.8456519842147827 108
1585250944218 0.845015287399292 109
1585250976702 0.8474395275115967 110
1585251009160 0.8410606384277344 111
1585251041977 0.846418559551239 112
1585251074983 0.8416950106620789 113
1585251107565 0.8452470302581787 114
1585251139843 0.8423774242401123 115
1585251172330 0.8427339792251587 116
1585251205093 0.8458316326141357 117
1585251238090 0.8425977826118469 118
1585251270884 0.8500794768333435 119
1585251303679 0.8503180742263794 120
