1585247390909 0.8410864472389221 0
1585247423142 0.7485034465789795 1
1585247455426 0.6988341808319092 2
1585247487882 0.6704403162002563 3
1585247520295 0.6592077016830444 4
1585247553231 0.6460015773773193 5
1585247585614 0.626613199710846 6
1585247618030 0.5985516309738159 7
1585247650128 0.5827245116233826 8
1585247682569 0.5591520071029663 9
1585247715082 0.5393596291542053 10
1585247747550 0.5229038000106812 11
1585247779681 0.5070202946662903 12
1585247811985 0.49263715744018555 13
1585247846913 0.4787532687187195 14
1585247879207 0.4675300717353821 15
1585247911749 0.45707595348358154 16
1585247944359 0.44589585065841675 17
1585247977421 0.43580299615859985 18
1585248009804 0.4253268837928772 19
1585248042944 0.4167163372039795 20
1585248075445 0.4095993936061859 21
1585248107875 0.40699273347854614 22
1585248140463 0.3964177370071411 23
1585248172986 0.3911179304122925 24
1585248205838 0.38429024815559387 25
1585248238254 0.37933793663978577 26
1585248270538 0.37556585669517517 27
1585248302787 0.3716101348400116 28
1585248335129 0.366566002368927 29
1585248367685 0.3641359210014343 30
1585248400089 0.35887134075164795 31
1585248432672 0.35753658413887024 32
1585248465734 0.3474116623401642 33
1585248498091 0.34373414516448975 34
1585248530675 0.34141698479652405 35
1585248563082 0.33878082036972046 36
1585248595407 0.3316826820373535 37
1585248627669 0.32732701301574707 38
1585248660423 0.32511427998542786 39
1585248693547 0.3260672688484192 40
1585248726560 0.31992655992507935 41
1585248759157 0.3210417628288269 42
1585248791527 0.3217241168022156 43
1585248823940 0.3142537474632263 44
1585248856257 0.31994667649269104 45
1585248889579 0.3164023160934448 46
1585248921923 0.3162965476512909 47
1585248954458 0.31024158000946045 48
1585248988097 0.3132306635379791 49
1585249020496 0.31345927715301514 50
1585249052501 0.30657219886779785 51
1585249084744 0.31031548976898193 52
1585249117191 0.3070143461227417 53
1585249149485 0.307935893535614 54
1585249181960 0.30907320976257324 55
1585249214339 0.3084962069988251 56
1585249246919 0.3064604699611664 57
1585249280796 0.31163290143013 58
1585249313356 0.3078623116016388 59
1585249346105 0.3080325424671173 60
1585249380427 0.30593255162239075 61
1585249412876 0.30680790543556213 62
1585249445563 0.311048686504364 63
1585249477790 0.3056086301803589 64
1585249509905 0.3040454089641571 65
1585249542667 0.3103575110435486 66
1585249575303 0.3065464198589325 67
1585249607914 0.305370569229126 68
1585249641586 0.3047141432762146 69
1585249674012 0.3071235418319702 70
1585249706599 0.3036404252052307 71
1585249738971 0.31076595187187195 72
1585249771483 0.3060096800327301 73
1585249803894 0.3052200376987457 74
1585249836636 0.30333805084228516 75
1585249869096 0.3074708878993988 76
1585249901533 0.30894649028778076 77
1585249933874 0.30727940797805786 78
1585249966678 0.30711185932159424 79
1585249999236 0.3041737973690033 80
1585250031643 0.31054651737213135 81
1585250063891 0.306557297706604 82
1585250096002 0.31706351041793823 83
1585250128343 0.3126697242259979 84
1585250160918 0.3110806941986084 85
1585250193305 0.30482321977615356 86
1585250225740 0.3102093040943146 87
1585250258770 0.30847421288490295 88
1585250291316 0.3117787837982178 89
1585250323789 0.3117089867591858 90
1585250356454 0.3167397081851959 91
1585250388938 0.31588172912597656 92
1585250421851 0.3123587965965271 93
1585250454178 0.3199446201324463 94
1585250486783 0.3166276216506958 95
1585250519246 0.32437682151794434 96
1585250551819 0.31730303168296814 97
1585250584373 0.32322758436203003 98
1585250617072 0.3295794725418091 99
1585250649418 0.32642418146133423 100
1585250682072 0.32731926441192627 101
1585250714976 0.33070552349090576 102
1585250747378 0.3374987244606018 103
1585250781296 0.33017730712890625 104
1585250814146 0.33263126015663147 105
1585250846934 0.33288753032684326 106
1585250879498 0.3372327387332916 107
1585250911843 0.33560097217559814 108
1585250944218 0.3373837172985077 109
1585250976702 0.3368310034275055 110
1585251009160 0.3378250002861023 111
1585251041977 0.3369351029396057 112
1585251074983 0.3405619263648987 113
1585251107565 0.3338838219642639 114
1585251139843 0.3371680974960327 115
1585251172330 0.33535143733024597 116
1585251205093 0.33494094014167786 117
1585251238090 0.3404069244861603 118
1585251270884 0.33290714025497437 119
1585251303679 0.33071112632751465 120
