1585247390909 0.03085637465119362 0
1585247423142 0.006961081176996231 1
1585247455426 0.00447604525834322 2
1585247487882 0.006789582781493664 3
1585247520295 0.010487680323421955 4
1585247553231 0.014186801388859749 5
1585247585614 0.012128186412155628 6
1585247618030 0.005668244790285826 7
1585247650128 0.003439257387071848 8
1585247682569 0.0013956676702946424 9
1585247715082 0.003642789553850889 10
1585247747550 0.004732149187475443 11
1585247779681 0.007328524254262447 12
1585247811985 0.010676024481654167 13
1585247846913 0.01335512101650238 14
1585247879207 0.01511650625616312 15
1585247911749 0.01639881171286106 16
1585247944359 0.0174757968634367 17
1585247977421 0.017812976613640785 18
1585248009804 0.01691293716430664 19
1585248042944 0.016459036618471146 20
1585248075445 0.014830120839178562 21
1585248107875 0.01314193569123745 22
1585248140463 0.012519779615104198 23
1585248172986 0.011776089668273926 24
1585248205838 0.011329593136906624 25
1585248238254 0.010650519281625748 26
1585248270538 0.009773213416337967 27
1585248302787 0.008948399685323238 28
1585248335129 0.00906300637871027 29
1585248367685 0.009264657273888588 30
1585248400089 0.009344954043626785 31
1585248432672 0.00942629761993885 32
1585248465734 0.010376492515206337 33
1585248498091 0.010372567921876907 34
1585248530675 0.010582567192614079 35
1585248563082 0.010759471915662289 36
1585248595407 0.011231102980673313 37
1585248627669 0.011531312018632889 38
1585248660423 0.011335620656609535 39
1585248693547 0.009969048202037811 40
1585248726560 0.010667862370610237 41
1585248759157 0.009617378003895283 42
1585248791527 0.009047489613294601 43
1585248823940 0.009654591791331768 44
1585248856257 0.008723767474293709 45
1585248889579 0.008712911047041416 46
1585248921923 0.00813540630042553 47
1585248954458 0.009375190362334251 48
1585248988097 0.007963499054312706 49
1585249020496 0.007774021476507187 50
1585249052501 0.007991030812263489 51
1585249084744 0.007418758235871792 52
1585249117191 0.007630270905792713 53
1585249149485 0.007562087848782539 54
1585249181960 0.00712510384619236 55
1585249214339 0.007355238310992718 56
1585249246919 0.006843895651400089 57
1585249280796 0.006312127225100994 58
1585249313356 0.006581012159585953 59
1585249346105 0.007065110839903355 60
1585249380427 0.006189881823956966 61
1585249412876 0.005914471112191677 62
1585249445563 0.005750712007284164 63
1585249477790 0.00638040853664279 64
1585249509905 0.006029839627444744 65
1585249542667 0.005959314294159412 66
1585249575303 0.005528075620532036 67
1585249607914 0.0056239464320242405 68
1585249641586 0.005549754947423935 69
1585249674012 0.005749056115746498 70
1585249706599 0.005211682058870792 71
1585249738971 0.004851995967328548 72
1585249771483 0.005315033718943596 73
1585249803894 0.004737110808491707 74
1585249836636 0.004969479516148567 75
1585249869096 0.004688571207225323 76
1585249901533 0.00438047107309103 77
1585249933874 0.004714395850896835 78
1585249966678 0.004461029078811407 79
1585249999236 0.004445038735866547 80
1585250031643 0.0040587252005934715 81
1585250063891 0.004121902398765087 82
1585250096002 0.0037024037446826696 83
1585250128343 0.0036130379885435104 84
1585250160918 0.0038134786300361156 85
1585250193305 0.004517918452620506 86
1585250225740 0.0032525057904422283 87
1585250258770 0.004044375382363796 88
1585250291316 0.0027219383046031 89
1585250323789 0.0026428892742842436 90
1585250356454 0.0031946012750267982 91
1585250388938 0.003692588536068797 92
1585250421851 0.003053292166441679 93
1585250454178 0.0026567697059363127 94
1585250486783 0.003513798350468278 95
1585250519246 0.0020765368826687336 96
1585250551819 0.0034553208388388157 97
1585250584373 0.0029055150225758553 98
1585250617072 0.0032257377170026302 99
1585250649418 0.0017052339389920235 100
1585250682072 0.002230813028290868 101
1585250714976 0.001639092806726694 102
1585250747378 0.0025848594959825277 103
1585250781296 0.0018260842189192772 104
1585250814146 0.002675378695130348 105
1585250846934 0.002532603917643428 106
1585250879498 0.002613718155771494 107
1585250911843 0.0020486339926719666 108
1585250944218 0.0012721281964331865 109
1585250976702 0.0028743273578584194 110
1585251009160 0.002191163133829832 111
1585251041977 0.0017993093933910131 112
1585251074983 0.0016872314736247063 113
1585251107565 0.0016978788189589977 114
1585251139843 0.00193156604655087 115
1585251172330 0.0019418173469603062 116
1585251205093 0.0014676181599497795 117
1585251238090 0.002157640177756548 118
1585251270884 0.002118813106790185 119
1585251303679 0.0015116141876205802 120
