1585175489892 0.8505749702453613 0
1585175521935 0.7582588195800781 1
1585175554022 0.7078867554664612 2
1585175586040 0.6801301836967468 3
1585175618165 0.6754475235939026 4
1585175650144 0.6602656841278076 5
1585175682565 0.6457200646400452 6
1585175714618 0.6216797232627869 7
1585175747336 0.6052224636077881 8
1585175779498 0.5718501210212708 9
1585175811416 0.5562986135482788 10
1585175843233 0.5302959084510803 11
1585175875365 0.5130652189254761 12
1585175907522 0.4972380995750427 13
1585175939435 0.4811260402202606 14
1585175971090 0.47060686349868774 15
1585176002759 0.4617390036582947 16
1585176034444 0.4516615867614746 17
1585176066876 0.44345393776893616 18
1585176098751 0.4297003746032715 19
1585176130930 0.42340755462646484 20
