1585175501167 0.027248883619904518 0
1585175533285 0.005162789952009916 1
1585175565291 0.0029155605006963015 2
1585175597369 0.004876166582107544 3
1585175629348 0.009218226186931133 4
1585175661621 0.014619134366512299 5
1585175693891 0.014036579057574272 6
1585175726635 0.00861402228474617 7
1585175758668 0.005139211192727089 8
1585175790655 0.0018668542616069317 9
1585175822608 0.004083855543285608 10
1585175854454 0.004304359667003155 11
1585175886675 0.00766279362142086 12
1585175918819 0.013428299687802792 13
1585175950526 0.01796228066086769 14
1585175982035 0.021438414230942726 15
1585176013809 0.02346467599272728 16
1585176045811 0.02509208768606186 17
1585176077988 0.026517488062381744 18
1585176110093 0.025525305420160294 19
1585176142470 0.025511084124445915 20
