1585175489892 0.28348657488822937 0
1585175521935 0.42678162455558777 1
1585175554022 0.6142145395278931 2
1585175586040 0.67954021692276 3
1585175618165 0.676436722278595 4
1585175650144 0.6772413849830627 5
1585175682565 0.677241325378418 6
1585175714618 0.6796551942825317 7
1585175747336 0.676436722278595 8
1585175779498 0.6812644004821777 9
1585175811416 0.6756321787834167 10
1585175843233 0.680766224861145 11
1585175875365 0.6963217854499817 12
1585175907522 0.6991570591926575 13
1585175939435 0.7262069582939148 14
1585175971090 0.7579310536384583 15
1585176002759 0.7760153412818909 16
1585176034444 0.7924520969390869 17
1585176066876 0.7950958013534546 18
1585176098751 0.8160919547080994 19
1585176130930 0.802758514881134 20
