1585175501167 0.3327358365058899 0
1585175533285 0.4533962607383728 1
1585175565291 0.6108961701393127 2
1585175597369 0.6711556911468506 3
1585175629348 0.683089554309845 4
1585175661621 0.6754716634750366 5
1585175693891 0.677688717842102 6
1585175726635 0.6865566372871399 7
1585175758668 0.6810141801834106 8
1585175790655 0.6765801906585693 9
1585175822608 0.6876651048660278 10
1585175854454 0.6754717230796814 11
1585175886675 0.6881131529808044 12
1585175918819 0.7179480791091919 13
1585175950526 0.7853065729141235 14
1585175982035 0.8255895972251892 15
1585176013809 0.8512735962867737 16
1585176045811 0.8584905862808228 17
1585176077988 0.876533031463623 18
1585176110093 0.8722405433654785 19
1585176142470 0.8770990371704102 20
