1585175489892 0.03446386754512787 0
1585175521935 0.008651548065245152 1
1585175554022 0.006249952130019665 2
1585175586040 0.010491324588656425 3
1585175618165 0.016841942444443703 4
1585175650144 0.024015722796320915 5
1585175682565 0.023849589750170708 6
1585175714618 0.014409825205802917 7
1585175747336 0.01124334242194891 8
1585175779498 0.004561466630548239 9
1585175811416 0.0033765940461307764 10
1585175843233 0.001988479634746909 11
1585175875365 0.004057682119309902 12
1585175907522 0.007535768207162619 13
1585175939435 0.011294458992779255 14
1585175971090 0.013886358588933945 15
1585176002759 0.015702281147241592 16
1585176034444 0.017148489132523537 17
1585176066876 0.017338179051876068 18
1585176098751 0.01791561022400856 19
1585176130930 0.017161458730697632 20
