1585175501167 0.8315979242324829 0
1585175533285 0.7384100556373596 1
1585175565291 0.6876856088638306 2
1585175597369 0.6595292091369629 3
1585175629348 0.6449902057647705 4
1585175661621 0.6386979222297668 5
1585175693891 0.6186585426330566 6
1585175726635 0.5867530703544617 7
1585175758668 0.5716400146484375 8
1585175790655 0.5527991056442261 9
1585175822608 0.5212072730064392 10
1585175854454 0.5071694254875183 11
1585175886675 0.4858704209327698 12
1585175918819 0.46813687682151794 13
1585175950526 0.4556286334991455 14
1585175982035 0.44511324167251587 15
1585176013809 0.4364745020866394 16
1585176045811 0.4260742962360382 17
1585176077988 0.4143030345439911 18
1585176110093 0.40266454219818115 19
1585176142470 0.3901216685771942 20
