1585175508978 0.03085637465119362 0
1585175541108 0.00690716877579689 1
1585175573130 0.004582756198942661 2
1585175605214 0.007683745585381985 3
1585175637019 0.01303008385002613 4
1585175669486 0.01931742951273918 5
1585175701761 0.01894308440387249 6
1585175734369 0.011511923745274544 7
1585175766492 0.008191276341676712 8
1585175798684 0.0032141604460775852 9
1585175830248 0.003730224911123514 10
1585175862463 0.0031464197672903538 11
1585175894498 0.005860237870365381 12
1585175926498 0.010482033714652061 13
1585175958346 0.014628369361162186 14
1585175989570 0.01766238734126091 15
1585176021456 0.019583478569984436 16
1585176053679 0.021120287477970123 17
1585176085685 0.021927833557128906 18
1585176117950 0.021720457822084427 19
1585176150293 0.021336272358894348 20
