1585175508978 0.30811119079589844 0
1585175541108 0.4400889277458191 1
1585175573130 0.6125553846359253 2
1585175605214 0.6753479242324829 3
1585175637019 0.67976313829422 4
1585175669486 0.6763565540313721 5
1585175701761 0.67746502161026 6
1585175734369 0.6831059455871582 7
1585175766492 0.6787254810333252 8
1585175798684 0.6789222955703735 9
1585175830248 0.6816486120223999 10
1585175862463 0.6781189441680908 11
1585175894498 0.6922174692153931 12
1585175926498 0.7085525989532471 13
1585175958346 0.7557567358016968 14
1585175989570 0.7917603254318237 15
1585176021456 0.8136444687843323 16
1585176053679 0.8254713416099548 17
1585176085685 0.8358144164085388 18
1585176117950 0.8441662788391113 19
1585176150293 0.8399287462234497 20
