1585175508978 0.8410864472389221 0
1585175541108 0.7483344078063965 1
1585175573130 0.6977862119674683 2
1585175605214 0.6698297262191772 3
1585175637019 0.6602188348770142 4
1585175669486 0.6494817733764648 5
1585175701761 0.6321892738342285 6
1585175734369 0.6042163968086243 7
1585175766492 0.5884312391281128 8
1585175798684 0.5623246431350708 9
1585175830248 0.5387529134750366 10
1585175862463 0.5187326669692993 11
1585175894498 0.4994678199291229 12
1585175926498 0.48268747329711914 13
1585175958346 0.46837735176086426 14
1585175989570 0.4578600525856018 15
1585176021456 0.44910675287246704 16
1585176053679 0.4388679265975952 17
1585176085685 0.4288784861564636 18
1585176117950 0.4161824584007263 19
1585176150293 0.4067646265029907 20
