1585069848869 0.8505749702453613 0
1585069881242 1.3250712156295776 1
1585069922342 1.0815997123718262 2
1585069963715 0.5784674882888794 3
1585070006538 0.497720867395401 4
1585070039673 0.6851024627685547 5
1585070072171 0.53399258852005 6
1585070105370 0.35919469594955444 7
1585070137975 0.3355133831501007 8
1585070170524 0.3830135464668274 9
1585070203106 0.43497782945632935 10
1585070235613 0.3828856945037842 11
1585070268291 0.3271092474460602 12
1585070301463 0.28800269961357117 13
1585070335220 0.3073221743106842 14
1585070367843 0.3341994881629944 15
1585070400335 0.36026349663734436 16
1585070432885 0.3311987817287445 17
1585070465327 0.29715725779533386 18
1585070497853 0.26747411489486694 19
1585070530300 0.2658027708530426 20
1585070562656 0.2630956768989563 21
1585070596383 0.2849840223789215 22
1585070629161 0.280396044254303 23
1585070661699 0.2527270019054413 24
1585070699391 0.24669981002807617 25
1585070741311 0.241207554936409 26
1585070787494 0.24090859293937683 27
1585070829966 0.24527546763420105 28
1585070869257 0.24231429398059845 29
1585070910344 0.23601627349853516 30
1585070946718 0.22832709550857544 31
1585070979007 0.2297200858592987 32
1585071011393 0.22497476637363434 33
1585071044066 0.22109760344028473 34
1585071076366 0.2216557115316391 35
1585071108664 0.2366933524608612 36
1585071141093 0.21352191269397736 37
1585071173737 0.20682811737060547 38
1585071213235 0.20370489358901978 39
1585071258140 0.2099345475435257 40
1585071301548 0.2022544890642166 41
1585071347161 0.2029840350151062 42
1585071389456 0.20020456612110138 43
1585071422029 0.18922606110572815 44
1585071454689 0.20163662731647491 45
1585071487097 0.19851139187812805 46
1585071519639 0.20175236463546753 47
1585071552707 0.1892804652452469 48
1585071585412 0.18673592805862427 49
1585071617925 0.18973098695278168 50
1585071655980 0.17951352894306183 51
1585071697551 0.19297891855239868 52
1585071740038 0.1778678148984909 53
1585071783044 0.18984664976596832 54
1585071822332 0.18495981395244598 55
1585071862755 0.18059128522872925 56
1585071905171 0.1751289665699005 57
1585071949801 0.17586618661880493 58
1585071988149 0.18586111068725586 59
1585072021766 0.16883422434329987 60
1585072054254 0.1648431271314621 61
1585072087128 0.17200522124767303 62
1585072119737 0.18425139784812927 63
1585072152220 0.16455425322055817 64
1585072184897 0.16658683121204376 65
1585072217727 0.16728563606739044 66
1585072250342 0.162734717130661 67
1585072282860 0.1653035581111908 68
1585072315544 0.16077636182308197 69
1585072348817 0.16781803965568542 70
1585072381220 0.15529638528823853 71
1585072413999 0.171057790517807 72
1585072446770 0.15777774155139923 73
1585072479754 0.15662811696529388 74
1585072525918 0.15608513355255127 75
1585072568841 0.15381436049938202 76
1585072614353 0.15205912292003632 77
1585072655991 0.16169753670692444 78
1585072699703 0.1606447398662567 79
1585072739716 0.15133331716060638 80
1585072784420 0.1637730598449707 81
1585072823582 0.1641525775194168 82
1585072855981 0.18233703076839447 83
1585072888671 0.15071208775043488 84
1585072921265 0.1564905196428299 85
1585072953684 0.1449078917503357 86
1585072986163 0.15149636566638947 87
1585073018713 0.13873757421970367 88
1585073051638 0.14532649517059326 89
1585073084208 0.14217408001422882 90
1585073116600 0.1415083110332489 91
1585073148525 0.14580410718917847 92
1585073188974 0.1392865926027298 93
1585073238285 0.14027997851371765 94
1585073283168 0.13984590768814087 95
1585073328763 0.13670141994953156 96
1585073374073 0.13856907188892365 97
1585073415511 0.1457802802324295 98
1585073460566 0.14116807281970978 99
1585073494260 0.134390190243721 100
