1585069860248 0.8315979242324829 0
1585069892961 1.278247356414795 1
1585069936338 1.0511740446090698 2
1585069980560 0.5451560616493225 3
1585070017999 0.4751345217227936 4
1585070051200 0.6495658755302429 5
1585070083745 0.490540087223053 6
1585070116842 0.32301467657089233 7
1585070149608 0.30624955892562866 8
1585070182088 0.36867985129356384 9
1585070214641 0.3990658223628998 10
1585070247216 0.37269580364227295 11
1585070280195 0.30609235167503357 12
1585070313665 0.27571478486061096 13
1585070346836 0.28631171584129333 14
1585070379315 0.30972835421562195 15
1585070412040 0.3249582052230835 16
1585070444451 0.31004011631011963 17
1585070476854 0.2819643020629883 18
1585070509323 0.2781897187232971 19
1585070541703 0.2765437662601471 20
1585070575368 0.2876151204109192 21
1585070608239 0.3199198246002197 22
1585070640696 0.2964179813861847 23
1585070673274 0.27622488141059875 24
1585070714431 0.26014137268066406 25
1585070756927 0.2532890737056732 26
1585070803110 0.25629347562789917 27
1585070842541 0.2670004069805145 28
1585070883399 0.2828741669654846 29
1585070925456 0.2711917459964752 30
1585070958076 0.2648172080516815 31
1585070990472 0.25618070363998413 32
1585071022840 0.2510165274143219 33
1585071055514 0.2501813471317291 34
1585071087768 0.2687741816043854 35
1585071120103 0.247585728764534 36
1585071152590 0.23619352281093597 37
1585071186175 0.22843322157859802 38
1585071228873 0.2349051833152771 39
1585071274325 0.23520919680595398 40
1585071317051 0.22493377327919006 41
1585071362335 0.235044926404953 42
1585071400854 0.23460517823696136 43
1585071433632 0.2201954871416092 44
1585071466176 0.22469347715377808 45
1585071498660 0.22365650534629822 46
1585071531236 0.22187229990959167 47
1585071564287 0.20906129479408264 48
1585071596978 0.22375436127185822 49
1585071632759 0.22475603222846985 50
1585071669903 0.21244966983795166 51
1585071712794 0.2115740180015564 52
1585071756378 0.2158447802066803 53
1585071796976 0.20641553401947021 54
1585071836054 0.20315369963645935 55
1585071879450 0.2057613581418991 56
1585071921765 0.20386956632137299 57
1585071964340 0.21895502507686615 58
1585072000879 0.2041550576686859 59
1585072033246 0.20816287398338318 60
1585072065826 0.20913514494895935 61
1585072098679 0.19695737957954407 62
1585072131218 0.19750496745109558 63
1585072163632 0.19881071150302887 64
1585072196217 0.18695548176765442 65
1585072229201 0.20585522055625916 66
1585072261862 0.20035241544246674 67
1585072294287 0.19565385580062866 68
1585072326929 0.18820711970329285 69
1585072360231 0.18746887147426605 70
1585072392892 0.18387025594711304 71
1585072425512 0.19570215046405792 72
1585072458622 0.18719977140426636 73
1585072493887 0.187438502907753 74
1585072540743 0.18097105622291565 75
1585072585672 0.19367913901805878 76
1585072628002 0.192513570189476 77
1585072671140 0.18032778799533844 78
1585072714455 0.18279236555099487 79
1585072755826 0.1862863153219223 80
1585072801263 0.18255561590194702 81
1585072834967 0.17470914125442505 82
1585072867707 0.17477335035800934 83
