1585069860248 0.3327358365058899 0
1585069892961 0.6865565776824951 1
1585069936338 0.6799056529998779 2
1585069980560 0.6810141801834106 3
1585070017999 0.8353065848350525 4
1585070051200 0.725165069103241 5
1585070083745 0.8262736201286316 6
1585070116842 0.8723820447921753 7
1585070149608 0.8550235629081726 8
1585070182088 0.7524056434631348 9
1585070214641 0.7316980361938477 10
1585070247216 0.7717217206954956 11
1585070280195 0.8503065705299377 12
1585070313665 0.8684905767440796 13
1585070346836 0.8855659365653992 14
1585070379315 0.8823820352554321 15
1585070412040 0.8772405385971069 16
1585070444451 0.8857074975967407 17
1585070476854 0.8827829957008362 18
1585070509323 0.8745990991592407 19
1585070541703 0.8722406029701233 20
1585070575368 0.86252361536026 21
1585070608239 0.8433727025985718 22
1585070640696 0.8659905791282654 23
1585070673274 0.8759905695915222 24
1585070714431 0.8733490705490112 25
1585070756927 0.887099027633667 26
1585070803110 0.8894575834274292 27
1585070842541 0.8869575262069702 28
1585070883399 0.8836320638656616 29
1585070925456 0.887099027633667 30
1585070958076 0.8900235891342163 31
1585070990472 0.8959906101226807 32
1585071022840 0.8857076168060303 33
1585071055514 0.8862735629081726 34
1585071087768 0.869457483291626 35
1585071120103 0.8857074975967407 36
1585071152590 0.8979244232177734 37
1585071186175 0.903207540512085 38
1585071228873 0.9005659222602844 39
1585071274325 0.8944574594497681 40
1585071317051 0.9015330076217651 41
1585071362335 0.899599015712738 42
1585071400854 0.8908490538597107 43
1585071433632 0.910565972328186 44
1585071466176 0.9119575023651123 45
1585071498660 0.9144575595855713 46
1585071531236 0.904740571975708 47
1585071564287 0.909032940864563 48
1585071596978 0.9037735462188721 49
1585071632759 0.8955659866333008 50
1585071669903 0.9107074737548828 51
1585071712794 0.9093160033226013 52
1585071756378 0.9145990610122681 53
1585071796976 0.9129244685173035 54
1585071836054 0.9116744995117188 55
1585071879450 0.9133490920066833 56
1585071921765 0.9130659699440002 57
1585071964340 0.9039150476455688 58
1585072000879 0.9141744375228882 59
1585072033246 0.9144574403762817 60
1585072065826 0.9108490943908691 61
1585072098679 0.9144574403762817 62
1585072131218 0.9170990586280823 63
1585072163632 0.9227830171585083 64
1585072196217 0.9177830219268799 65
1585072229201 0.9122405648231506 66
1585072261862 0.9180660247802734 67
1585072294287 0.9241744875907898 68
1585072326929 0.9180660247802734 69
1585072360231 0.9230660200119019 70
1585072392892 0.9280659556388855 71
1585072425512 0.9245990514755249 72
1585072458622 0.9182075262069702 73
1585072493887 0.9195990562438965 74
1585072540743 0.9177830219268799 75
1585072585672 0.9136320352554321 76
1585072628002 0.9173821210861206 77
1585072671140 0.9205660223960876 78
1585072714455 0.9277830123901367 79
1585072755826 0.9230659604072571 80
1585072801263 0.9219574928283691 81
1585072834967 0.9304244518280029 82
1585072867707 0.9233490228652954 83
