1585069848869 0.03446386754512787 0
1585069881242 1.5641545057296753 1
1585069922342 0.9524533152580261 2
1585069963715 0.05481606721878052 3
1585070006538 0.007993766106665134 4
1585070039673 0.04063597694039345 5
1585070072171 0.008181614801287651 6
1585070105370 0.003566635074093938 7
1585070137975 0.0026290554087609053 8
1585070170524 0.006548293866217136 9
1585070203106 0.03161656856536865 10
1585070235613 0.010153291746973991 11
1585070268291 0.0018712979508563876 12
1585070301463 0.001999136060476303 13
1585070335220 0.0026152157224714756 14
1585070367843 0.009665909223258495 15
1585070400335 0.02959982492029667 16
1585070432885 0.014256760478019714 17
1585070465327 0.005295265465974808 18
1585070497853 0.003046374535188079 19
1585070530300 0.0019653323106467724 20
1585070562656 0.0023784982040524483 21
1585070596383 0.0014094681246206164 22
1585070629161 0.0013370717642828822 23
1585070661699 0.0031538265757262707 24
1585070699391 0.002994018839672208 25
1585070741311 0.002924136118963361 26
1585070787494 0.0038685265462845564 27
1585070829966 0.0019329014467075467 28
1585070869257 0.0013033532304689288 29
1585070910344 0.002119683427736163 30
1585070946718 0.004115717485547066 31
1585070979007 0.003271502675488591 32
1585071011393 0.003531909314915538 33
1585071044066 0.004374610260128975 34
1585071076366 0.003923911135643721 35
1585071108664 0.003749492345377803 36
1585071141093 0.004858752712607384 37
1585071173737 0.005042798351496458 38
1585071213235 0.004580354783684015 39
1585071258140 0.0036867940798401833 40
1585071301548 0.0030033625662326813 41
1585071347161 0.004074969328939915 42
1585071389456 0.004771206062287092 43
1585071422029 0.005472587887197733 44
1585071454689 0.004946730099618435 45
1585071487097 0.005114426836371422 46
1585071519639 0.003928633872419596 47
1585071552707 0.004897823557257652 48
1585071585412 0.005149609409272671 49
1585071617925 0.0045151920057833195 50
1585071655980 0.005285415332764387 51
1585071697551 0.004663042724132538 52
1585071740038 0.004902211017906666 53
1585071783044 0.0059014130383729935 54
1585071822332 0.005319881718605757 55
1585071862755 0.00571287889033556 56
1585071905171 0.006446607410907745 57
1585071949801 0.00608557416126132 58
1585071988149 0.005689921323210001 59
1585072021766 0.00606193020939827 60
1585072054254 0.005659686401486397 61
1585072087128 0.0051432945765554905 62
1585072119737 0.006816498469561338 63
1585072152220 0.005901199299842119 64
1585072184897 0.005876271985471249 65
1585072217727 0.006878523621708155 66
1585072250342 0.006381799932569265 67
1585072282860 0.0068869865499436855 68
1585072315544 0.006457278970628977 69
1585072348817 0.005814311560243368 70
1585072381220 0.006678451783955097 71
1585072413999 0.005738242529332638 72
1585072446770 0.006206762511283159 73
1585072479754 0.0061487192288041115 74
1585072525918 0.006524344906210899 75
1585072568841 0.0066606272011995316 76
1585072614353 0.007233370561152697 77
1585072655991 0.006434602662920952 78
1585072699703 0.007170671597123146 79
1585072739716 0.006602381356060505 80
1585072784420 0.00627747131511569 81
1585072823582 0.004751803353428841 82
1585072855981 0.007008851505815983 83
1585072888671 0.006304810289293528 84
1585072921265 0.006677866913378239 85
1585072953684 0.006350187584757805 86
1585072986163 0.00641660438850522 87
1585073018713 0.007659869268536568 88
1585073051638 0.006806206423789263 89
1585073084208 0.007627679966390133 90
1585073116600 0.007752262055873871 91
1585073148525 0.00688980333507061 92
1585073188974 0.007191081997007132 93
1585073238285 0.007104525342583656 94
1585073283168 0.007016906514763832 95
1585073328763 0.006936628371477127 96
1585073374073 0.007979541085660458 97
1585073415511 0.006519482936710119 98
1585073460566 0.0069006080739200115 99
1585073494260 0.007434733211994171 100
