1585069860248 0.027248883619904518 0
1585069892961 1.4595897197723389 1
1585069936338 0.8711960315704346 2
1585069980560 0.035044994205236435 3
1585070017999 0.012814869172871113 4
1585070051200 0.02367267943918705 5
1585070083745 0.0014243049081414938 6
1585070116842 0.006472066976130009 7
1585070149608 0.002434804104268551 8
1585070182088 0.0049565802328288555 9
1585070214641 0.025634825229644775 10
1585070247216 0.015142576768994331 11
1585070280195 0.0013110680738463998 12
1585070313665 0.0033293443266302347 13
1585070346836 0.0053588878363370895 14
1585070379315 0.013900958932936192 15
1585070412040 0.02393440157175064 16
1585070444451 0.02198222279548645 17
1585070476854 0.013994104228913784 18
1585070509323 0.008969764225184917 19
1585070541703 0.007961687631905079 20
1585070575368 0.003696870058774948 21
1585070608239 0.009558523073792458 22
1585070640696 0.008879461325705051 23
1585070673274 0.001620587077923119 24
1585070714431 0.003173872595652938 25
1585070756927 0.006399031262844801 26
1585070803110 0.0051702940836548805 27
1585070842541 0.010515019297599792 28
1585070883399 0.023288972675800323 29
1585070925456 0.013409007340669632 30
1585070958076 0.009978286921977997 31
1585070990472 0.004516676999628544 32
1585071022840 0.004855454433709383 33
1585071055514 0.001972201280295849 34
1585071087768 0.004611364100128412 35
1585071120103 0.0020022925455123186 36
1585071152590 0.0052187759429216385 37
1585071186175 0.0020078381057828665 38
1585071228873 0.006654515862464905 39
1585071274325 0.001797960721887648 40
1585071317051 0.002205741126090288 41
1585071362335 0.005822599865496159 42
1585071400854 0.0032438456546515226 43
1585071433632 0.0014596439432352781 44
1585071466176 0.002434410387650132 45
1585071498660 0.0026135481894016266 46
1585071531236 0.0013762637972831726 47
1585071564287 0.0026566488668322563 48
1585071596978 0.0011258777230978012 49
1585071632759 0.0036395799834281206 50
1585071669903 0.0011675170389935374 51
1585071712794 0.0022621117532253265 52
1585071756378 0.0050805797800421715 53
1585071796976 0.0018946940544992685 54
1585071836054 0.0018619911279529333 55
1585071879450 0.002843292662873864 56
1585071921765 0.001572546549141407 57
1585071964340 0.0009983116760849953 58
1585072000879 0.0015979900490492582 59
1585072033246 0.003939018119126558 60
1585072065826 0.002832733327522874 61
1585072098679 0.0018307679565623403 62
1585072131218 0.0007628420135006309 63
1585072163632 0.0016372890677303076 64
1585072196217 0.0029875310137867928 65
1585072229201 0.0021041883155703545 66
1585072261862 0.002253140788525343 67
1585072294287 0.0020822917576879263 68
1585072326929 0.0017268036026507616 69
1585072360231 0.0023266253992915154 70
1585072392892 0.0023049158044159412 71
1585072425512 0.002185859950259328 72
1585072458622 0.0021601449698209763 73
1585072493887 0.0018802646081894636 74
1585072540743 0.0022818860597908497 75
1585072585672 0.0038427170366048813 76
1585072628002 0.0038047691341489553 77
1585072671140 0.002429584041237831 78
1585072714455 0.002972221467643976 79
1585072755826 0.002149556064978242 80
1585072801263 0.002349479589611292 81
1585072834967 0.002498298417776823 82
1585072867707 0.0024548096116632223 83
