1585069848869 0.28348657488822937 0
1585069881242 0.6788505911827087 1
1585069922342 0.6796551942825317 2
1585069963715 0.6828736066818237 3
1585070006538 0.7913410067558289 4
1585070039673 0.7168198823928833 5
1585070072171 0.7872030735015869 6
1585070105370 0.8111493587493896 7
1585070137975 0.8144827485084534 8
1585070170524 0.7340612411499023 9
1585070203106 0.7078543901443481 10
1585070235613 0.7333716154098511 11
1585070268291 0.8047893643379211 12
1585070301463 0.8491188287734985 13
1585070335220 0.8478161692619324 14
1585070367843 0.8275095820426941 15
1585070400335 0.8209578990936279 16
1585070432885 0.8343678712844849 17
1585070465327 0.8527586460113525 18
1585070497853 0.872758686542511 19
1585070530300 0.8702298998832703 20
1585070562656 0.8818390965461731 21
1585070596383 0.8472030758857727 22
1585070629161 0.8541762828826904 23
1585070661699 0.882337212562561 24
1585070699391 0.8873946070671082 25
1585070741311 0.8873946070671082 26
1585070787494 0.8823371529579163 27
1585070829966 0.8765900135040283 28
1585070869257 0.8668965697288513 29
1585070910344 0.883563220500946 30
1585070946718 0.8907279968261719 31
1585070979007 0.8955938816070557 32
1585071011393 0.9007280468940735 33
1585071044066 0.9054788947105408 34
1585071076366 0.8954789042472839 35
1585071108664 0.8977011442184448 36
1585071141093 0.9156705141067505 37
1585071173737 0.9172030687332153 38
1585071213235 0.9047892689704895 39
1585071258140 0.9059770703315735 40
1585071301548 0.9121454954147339 41
1585071347161 0.9086973667144775 42
1585071389456 0.9261685609817505 43
1585071422029 0.9277011156082153 44
1585071454689 0.9140612483024597 45
1585071487097 0.9270880222320557 46
1585071519639 0.9162834882736206 47
1585071552707 0.9173946380615234 48
1585071585412 0.9283908009529114 49
1585071617925 0.9259769916534424 50
1585071655980 0.9351723790168762 51
1585071697551 0.9173946380615234 52
1585071740038 0.9288122653961182 53
1585071783044 0.9251723885536194 54
1585071822332 0.9334482550621033 55
1585071862755 0.9278925657272339 56
1585071905171 0.9336398243904114 57
1585071949801 0.9339463114738464 58
1585071988149 0.9281991124153137 59
1585072021766 0.9331417083740234 60
1585072054254 0.9364750981330872 61
1585072087128 0.9336398243904114 62
1585072119737 0.9301148653030396 63
1585072152220 0.9506130218505859 64
1585072184897 0.9356704354286194 65
1585072217727 0.9406130313873291 66
1585072250342 0.9375861287117004 67
1585072282860 0.9381991624832153 68
1585072315544 0.9361685514450073 69
1585072348817 0.9398083090782166 70
1585072381220 0.9442528486251831 71
1585072413999 0.9409194588661194 72
1585072446770 0.9373945593833923 73
1585072479754 0.9453639984130859 74
1585072525918 0.947394609451294 75
1585072568841 0.9542528986930847 76
1585072614353 0.9453638792037964 77
1585072655991 0.9472797513008118 78
1585072699703 0.9418390989303589 79
1585072739716 0.9445593357086182 80
1585072784420 0.9427585601806641 81
1585072823582 0.9312260150909424 82
1585072855981 0.9254022240638733 83
1585072888671 0.9490037560462952 84
1585072921265 0.9417241215705872 85
1585072953684 0.9503065943717957 86
1585072986163 0.9495018720626831 87
1585073018713 0.9550574421882629 88
1585073051638 0.9523371458053589 89
1585073084208 0.9634482264518738 90
1585073116600 0.960612952709198 91
1585073148525 0.9534482955932617 92
1585073188974 0.9564750790596008 93
1585073238285 0.9555556178092957 94
1585073283168 0.9507279992103577 95
1585073328763 0.9509194493293762 96
1585073374073 0.9614176154136658 97
1585073415511 0.9556704759597778 98
1585073460566 0.9564750790596008 99
1585073494260 0.9611110687255859 100
