1585069868018 0.03085637465119362 0
1585069904151 1.5118720531463623 1
1585069946747 0.9118247032165527 2
1585069991438 0.044930532574653625 3
1585070025944 0.010404317639768124 4
1585070059023 0.032154329121112823 5
1585070091575 0.004802959971129894 6
1585070124817 0.0050193509086966515 7
1585070157500 0.00253192987293005 8
1585070189973 0.005752436816692352 9
1585070222522 0.028625696897506714 10
1585070255027 0.012647934257984161 11
1585070288133 0.0015911830123513937 12
1585070321628 0.002664240077137947 13
1585070354744 0.003987051546573639 14
1585070387112 0.011783434078097343 15
1585070419824 0.02676711231470108 16
1585070452293 0.018119491636753082 17
1585070484716 0.009644685313105583 18
1585070517153 0.00600806949660182 19
1585070549652 0.004963509738445282 20
1585070583324 0.003037684131413698 21
1585070616069 0.005483995657414198 22
1585070648618 0.005108266603201628 23
1585070682352 0.002387206768617034 24
1585070724989 0.003083945717662573 25
1585070767230 0.004661583807319403 26
1585070814244 0.00451941043138504 27
1585070853302 0.006223960313946009 28
1585070894574 0.012296162545681 29
1585070933539 0.007764345500618219 30
1585070965881 0.007047002203762531 31
1585070998309 0.0038940897211432457 32
1585071030825 0.004193681757897139 33
1585071063244 0.003173405770212412 34
1585071095586 0.0042676376178860664 35
1585071127891 0.0028758924454450607 36
1585071160659 0.005038764327764511 37
1585071197196 0.0035253181122243404 38
1585071239732 0.005617435090243816 39
1585071284903 0.0027423773426562548 40
1585071326825 0.0026045518461614847 41
1585071374956 0.004948784597218037 42
1585071408868 0.004007525742053986 43
1585071441502 0.0034661157988011837 44
1585071474012 0.0036905701272189617 45
1585071506605 0.003863987512886524 46
1585071539398 0.002652448834851384 47
1585071572105 0.0037772362120449543 48
1585071604700 0.003137743566185236 49
1585071640829 0.004077386111021042 50
1585071681182 0.003226466244086623 51
1585071723102 0.003462577238678932 52
1585071766194 0.004991395398974419 53
1585071806336 0.003898053430020809 54
1585071845590 0.003590936306864023 55
1585071889581 0.00427808566018939 56
1585071930791 0.004009576980024576 57
1585071974919 0.0035419429186731577 58
1585072008761 0.003643955569714308 59
1585072041199 0.00500047393143177 60
1585072073756 0.0042462097480893135 61
1585072106515 0.0034870312083512545 62
1585072139021 0.0037896702997386456 63
1585072171486 0.0037692440673708916 64
1585072204157 0.004431901499629021 65
1585072237146 0.004491356201469898 66
1585072269746 0.004317470360547304 67
1585072302169 0.004484639037400484 68
1585072334971 0.004092041403055191 69
1585072368129 0.004070468246936798 70
1585072400828 0.004491684027016163 71
1585072433574 0.003962051123380661 72
1585072466593 0.004183453507721424 73
1585072506643 0.004014492034912109 74
1585072550883 0.004403115250170231 75
1585072596995 0.005251672118902206 76
1585072638734 0.005519069731235504 77
1585072683227 0.0044320933520793915 78
1585072723074 0.0050714462995529175 79
1585072766484 0.004375968594104052 80
1585072809983 0.004313475452363491 81
1585072842792 0.003625050885602832 82
