1585069868018 0.30811119079589844 0
1585069904151 0.6827036142349243 1
1585069946747 0.6797804236412048 2
1585069991438 0.6819438934326172 3
1585070025944 0.8133237957954407 4
1585070059023 0.7209924459457397 5
1585070091575 0.8067383766174316 6
1585070124817 0.8417657017707825 7
1585070157500 0.834753155708313 8
1585070189973 0.7432334423065186 9
1585070222522 0.7197762131690979 10
1585070255027 0.7525466680526733 11
1585070288133 0.8275479674339294 12
1585070321628 0.8588047027587891 13
1585070354744 0.8666910529136658 14
1585070387112 0.8549457788467407 15
1585070419824 0.8490992188453674 16
1585070452293 0.8600376844406128 17
1585070484716 0.867770791053772 18
1585070517153 0.8736789226531982 19
1585070549652 0.8712352514266968 20
1585070583324 0.8721813559532166 21
1585070616069 0.8452879190444946 22
1585070648618 0.8600834608078003 23
1585070682352 0.8791638612747192 24
1585070724989 0.8803718090057373 25
1585070767230 0.88724684715271 26
1585070814244 0.8858973979949951 27
1585070853302 0.8817737698554993 28
1585070894574 0.8752642869949341 29
1585070933539 0.8853311538696289 30
1585070965881 0.8903757929801941 31
1585070998309 0.8957922458648682 32
1585071030825 0.8932178020477295 33
1585071063244 0.8958762288093567 34
1585071095586 0.8824682235717773 35
1585071127891 0.8917043209075928 36
1585071160659 0.906797468662262 37
1585071197196 0.9102053046226501 38
1585071239732 0.902677595615387 39
1585071284903 0.9002172946929932 40
1585071326825 0.9068392515182495 41
1585071374956 0.9041482210159302 42
1585071408868 0.9085087776184082 43
1585071441502 0.9191335439682007 44
1585071474012 0.9130094051361084 45
1585071506605 0.9207727909088135 46
1585071539398 0.9105120301246643 47
1585071572105 0.9132137894630432 48
1585071604700 0.9160821437835693 49
1585071640829 0.9107714891433716 50
1585071681182 0.9229398965835571 51
1585071723102 0.9133553504943848 52
1585071766194 0.9217056632041931 53
1585071806336 0.9190484285354614 54
1585071845590 0.9225614070892334 55
1585071889581 0.9206207990646362 56
1585071930791 0.9233528971672058 57
1585071974919 0.9189306497573853 58
1585072008761 0.9211868047714233 59
1585072041199 0.9237995743751526 60
1585072073756 0.9236620664596558 61
1585072106515 0.924048662185669 62
1585072139021 0.9236069917678833 63
1585072171486 0.9366980195045471 64
1585072204157 0.9267266988754272 65
1585072237146 0.9264267683029175 66
1585072269746 0.9278260469436646 67
1585072302169 0.9311867952346802 68
1585072334971 0.9271172881126404 69
1585072368129 0.9314371347427368 70
1585072400828 0.9361593723297119 71
1585072433574 0.9327592849731445 72
1585072466593 0.9278010129928589 73
1585072506643 0.9324815273284912 74
1585072550883 0.9325888156890869 75
1585072596995 0.933942437171936 76
1585072638734 0.9313730001449585 77
1585072683227 0.9339228868484497 78
1585072723074 0.9348110556602478 79
1585072766484 0.9338126182556152 80
1585072809983 0.9323580265045166 81
1585072842792 0.9308252334594727 82
1585072875566 0.9243756532669067 83
1585072907957 0.9319429397583008 84
1585072940641 0.9342700242996216 85
1585072972930 0.941544771194458 86
1585073005540 0.9412131309509277 87
1585073038130 0.9409366846084595 88
1585073071033 0.940272331237793 89
1585073103565 0.9462405443191528 90
1585073135522 0.9425352811813354 91
1585073173153 0.9436699151992798 92
1585073218170 0.9440040588378906 93
1585073265783 0.9423650503158569 94
1585073308888 0.942380428314209 95
1585073355741 0.935259222984314 96
1585073399716 0.9508503079414368 97
1585073444732 0.9424224495887756 98
1585073481076 0.9449120759963989 99
1585073513665 0.9471592903137207 100
