1585069868018 0.8410864472389221 0
1585069904151 1.301659345626831 1
1585069946747 1.0663869380950928 2
1585069991438 0.5618118047714233 3
1585070025944 0.4864276945590973 4
1585070059023 0.6673341989517212 5
1585070091575 0.5122663378715515 6
1585070124817 0.3411046862602234 7
1585070157500 0.3208814859390259 8
1585070189973 0.3758466839790344 9
1585070222522 0.41702181100845337 10
1585070255027 0.37779074907302856 11
1585070288133 0.3166007995605469 12
1585070321628 0.28185874223709106 13
1585070354744 0.29681694507598877 14
1585070387112 0.321963906288147 15
1585070419824 0.34261083602905273 16
1585070452293 0.32061946392059326 17
1585070484716 0.28956079483032227 18
1585070517153 0.27283191680908203 19
1585070549652 0.27117326855659485 20
1585070583324 0.27535539865493774 21
1585070616069 0.3024519085884094 22
1585070648618 0.28840702772140503 23
1585070682352 0.26447594165802 24
1585070724989 0.2534205913543701 25
1585070767230 0.2472483217716217 26
1585070814244 0.248601034283638 27
1585070853302 0.2561379373073578 28
1585070894574 0.26259422302246094 29
1585070933539 0.253603994846344 30
1585070965881 0.24657215178012848 31
1585070998309 0.24295039474964142 32
1585071030825 0.23799565434455872 33
1585071063244 0.23563948273658752 34
1585071095586 0.24521493911743164 35
1585071127891 0.2421395480632782 36
1585071160659 0.22485771775245667 37
1585071197196 0.21763066947460175 38
1585071239732 0.21930503845214844 39
1585071284903 0.22257187962532043 40
1585071326825 0.21359413862228394 41
1585071374956 0.2190144807100296 42
1585071408868 0.21740487217903137 43
1585071441502 0.20471078157424927 44
1585071474012 0.2131650447845459 45
1585071506605 0.21108394861221313 46
1585071539398 0.2118123322725296 47
1585071572105 0.19917088747024536 48
1585071604700 0.20524513721466064 49
1585071640829 0.20724350214004517 50
1585071681182 0.19598159193992615 51
1585071723102 0.20227646827697754 52
1585071766194 0.196856290102005 53
1585071806336 0.19813108444213867 54
1585071845590 0.19405674934387207 55
1585071889581 0.19317632913589478 56
1585071930791 0.18949925899505615 57
1585071974919 0.19741061329841614 58
1585072008761 0.1950080841779709 59
1585072041199 0.18849855661392212 60
1585072073756 0.18698912858963013 61
1585072106515 0.18448129296302795 62
1585072139021 0.19087818264961243 63
1585072171486 0.18168248236179352 64
1585072204157 0.1767711639404297 65
1585072237146 0.1865704357624054 66
1585072269746 0.18154355883598328 67
1585072302169 0.18047870695590973 68
1585072334971 0.1744917333126068 69
1585072368129 0.17764344811439514 70
1585072400828 0.16958332061767578 71
1585072433574 0.18337997794151306 72
1585072466593 0.1724887490272522 73
1585072506643 0.17203330993652344 74
1585072550883 0.16852809488773346 75
1585072596995 0.1737467497587204 76
1585072638734 0.17228634655475616 77
1585072683227 0.17101266980171204 78
1585072723074 0.1717185527086258 79
1585072766484 0.16880981624126434 80
1585072809983 0.17316433787345886 81
1585072842792 0.16943085193634033 82
1585072875566 0.1785551905632019 83
1585072907957 0.16875869035720825 84
1585072940641 0.16655588150024414 85
1585072972930 0.15657752752304077 86
1585073005540 0.1627732515335083 87
1585073038130 0.15930356085300446 88
1585073071033 0.16017910838127136 89
1585073103565 0.1557197868824005 90
1585073135522 0.16096673905849457 91
1585073173153 0.1586650311946869 92
1585073218170 0.151455819606781 93
1585073265783 0.1572299599647522 94
1585073308888 0.15099550783634186 95
1585073355741 0.1582692563533783 96
1585073399716 0.15190982818603516 97
1585073444732 0.1564597636461258 98
1585073481076 0.15581601858139038 99
1585073513665 0.1537942737340927 100
