1585247410084 0.3327358365058899 0
1585247442435 0.4533962607383728 1
1585247475004 0.6108961701393127 2
1585247507225 0.6711556911468506 3
1585247539547 0.683089554309845 4
1585247572135 0.6754716634750366 5
1585247604806 0.677688717842102 6
1585247637495 0.6865566372871399 7
1585247669908 0.6810141801834106 8
1585247702297 0.6765801906585693 9
1585247734763 0.6876651048660278 10
1585247767282 0.6754717230796814 11
1585247800008 0.6881131529808044 12
1585247835221 0.7179480791091919 13
1585247867638 0.7853065729141235 14
1585247900024 0.8255895972251892 15
1585247932794 0.8512735962867737 16
1585247965469 0.8584905862808228 17
1585247997790 0.876533031463623 18
1585248030371 0.8722405433654785 19
1585248062947 0.8770990371704102 20
1585248095374 0.8698821067810059 21
1585248127462 0.8601650595664978 22
1585248159802 0.8733490109443665 23
1585248192209 0.8700235486030579 24
1585248225066 0.8643159866333008 25
1585248257686 0.8673820495605469 26
1585248290334 0.8670990467071533 27
1585248322986 0.8672405481338501 28
1585248355952 0.8523820638656616 29
1585248388264 0.8647405505180359 30
1585248420443 0.8562735319137573 31
1585248453037 0.865306556224823 32
1585248485549 0.8744574785232544 33
1585248518089 0.8772405385971069 34
1585248550803 0.8572406768798828 35
1585248583704 0.874599039554596 36
1585248616179 0.8841744661331177 37
1585248648781 0.8820990920066833 38
1585248681029 0.8805660009384155 39
1585248713469 0.8819575309753418 40
1585248745941 0.8780660033226013 41
1585248778382 0.8772405385971069 42
1585248810891 0.8795991539955139 43
1585248843668 0.8805660009384155 44
1585248876445 0.8787735104560852 45
1585248909560 0.8782075643539429 46
1585248942381 0.8809905648231506 47
1585248976373 0.8877829313278198 48
1585249008930 0.8759905695915222 49
1585249041228 0.8647406101226807 50
1585249074466 0.8769575357437134 51
1585249107177 0.8807076215744019 52
1585249139598 0.876132071018219 53
1585249172423 0.8816744685173035 54
1585249204952 0.8747406005859375 55
1585249237673 0.8772405982017517 56
1585249270265 0.8868159651756287 57
1585249302744 0.8834905624389648 58
1585249335057 0.8816744685173035 59
1585249369652 0.8848820328712463 60
1585249401885 0.8820990324020386 61
1585249434180 0.8786320686340332 62
1585249466641 0.8800235986709595 63
1585249499136 0.8933491110801697 64
1585249531651 0.8868159651756287 65
1585249564253 0.8833490610122681 66
1585249596727 0.8894574642181396 67
1585249629128 0.8907074928283691 68
1585249662137 0.8905660510063171 69
1585249694571 0.8893159627914429 70
1585249727297 0.881273627281189 71
1585249759735 0.8918160200119019 72
1585249791929 0.8919575214385986 73
1585249824409 0.8812735676765442 74
1585249857102 0.8941745162010193 75
1585249889765 0.8876650333404541 76
1585249922368 0.8875235915184021 77
1585249955010 0.8941745162010193 78
1585249987679 0.8832075595855713 79
1585250020303 0.889599084854126 80
1585250053273 0.8944575786590576 81
1585250085698 0.895424485206604 82
1585250118095 0.899599015712738 83
1585250150482 0.878915011882782 84
1585250183010 0.8905660510063171 85
1585250215363 0.8929244875907898 86
1585250247729 0.8957074880599976 87
1585250280263 0.8897405862808228 88
1585250312789 0.8858490586280823 89
1585250345150 0.8957074880599976 90
1585250377777 0.889740526676178 91
1585250410700 0.9004244804382324 92
1585250442943 0.9004244804382324 93
1585250475736 0.896957516670227 94
1585250508793 0.8884905576705933 95
1585250541217 0.8884905576705933 96
1585250573792 0.900566041469574 97
1585250606348 0.9004244804382324 98
1585250638755 0.891273558139801 99
1585250671219 0.901957631111145 100
1585250703558 0.8955660462379456 101
1585250736161 0.8968160152435303 102
1585250768954 0.8936320543289185 103
1585250801528 0.8932075500488281 104
1585250833645 0.9054244756698608 105
1585250866492 0.9043160080909729 106
1585250899665 0.8993160128593445 107
1585250932108 0.9107075929641724 108
1585250965491 0.8984905481338501 109
1585250998484 0.8957074880599976 110
1585251031464 0.8945990204811096 111
1585251063892 0.8994574546813965 112
1585251096416 0.8984905481338501 113
1585251128664 0.9054244756698608 114
1585251161224 0.9057074785232544 115
1585251193603 0.9040330052375793 116
1585251226124 0.9033491015434265 117
1585251259384 0.8991745114326477 118
1585251292185 0.9065329432487488 119
1585251324622 0.9044575691223145 120
