1585247410084 0.8315979242324829 0
1585247442435 0.7384100556373596 1
1585247475004 0.6876856088638306 2
1585247507225 0.6595292091369629 3
1585247539547 0.6449902057647705 4
1585247572135 0.6386979222297668 5
1585247604806 0.6186585426330566 6
1585247637495 0.5867530703544617 7
1585247669908 0.5716400146484375 8
1585247702297 0.5527991056442261 9
1585247734763 0.5212072730064392 10
1585247767282 0.5071694254875183 11
1585247800008 0.4858704209327698 12
1585247835221 0.46813687682151794 13
1585247867638 0.4556286334991455 14
1585247900024 0.44511324167251587 15
1585247932794 0.4364745020866394 16
1585247965469 0.4260742962360382 17
1585247997790 0.4143030345439911 18
1585248030371 0.40266454219818115 19
1585248062947 0.3901216685771942 20
1585248095374 0.38329389691352844 21
1585248127462 0.37613701820373535 22
1585248159802 0.3622809648513794 23
1585248192209 0.35825496912002563 24
1585248225066 0.34636080265045166 25
1585248257686 0.34207868576049805 26
1585248290334 0.3364917039871216 27
1585248322986 0.3341163694858551 28
1585248355952 0.3312702476978302 29
1585248388264 0.33230000734329224 30
1585248420443 0.32543471455574036 31
1585248453037 0.322419136762619 32
1585248485549 0.31396612524986267 33
1585248518089 0.3116037845611572 34
1585248550803 0.3143902122974396 35
1585248583704 0.3062341511249542 36
1585248616179 0.3012316823005676 37
1585248648781 0.2965797185897827 38
1585248681029 0.29635852575302124 39
1585248713469 0.2972904443740845 40
1585248745941 0.28984615206718445 41
1585248778382 0.29295340180397034 42
1585248810891 0.29589295387268066 43
1585248843668 0.2842243015766144 44
1585248876445 0.2907405495643616 45
1585248909560 0.2864498794078827 46
1585248942381 0.28650379180908203 47
1585248976373 0.2786381244659424 48
1585249008930 0.2859566807746887 49
1585249041228 0.2864137291908264 50
1585249074466 0.27567651867866516 51
1585249107177 0.2765347957611084 52
1585249139598 0.2795940637588501 53
1585249172423 0.27236616611480713 54
1585249204952 0.2727295756340027 55
1585249237673 0.2738802433013916 56
1585249270265 0.2722265124320984 57
1585249302744 0.2830880582332611 58
1585249335057 0.27282148599624634 59
1585249369652 0.2770999073982239 60
1585249401885 0.27639323472976685 61
1585249434180 0.26996415853500366 62
1585249466641 0.2697509229183197 63
1585249499136 0.26968976855278015 64
1585249531651 0.2614224851131439 65
1585249564253 0.2741415500640869 66
1585249596727 0.2699607312679291 67
1585249629128 0.2633565366268158 68
1585249662137 0.26196977496147156 69
1585249694571 0.26005980372428894 70
1585249727297 0.26204714179039 71
1585249759735 0.26777249574661255 72
1585249791929 0.2627538740634918 73
1585249824409 0.261026531457901 74
1585249857102 0.2542092204093933 75
1585249889765 0.2624385952949524 76
1585249922368 0.2641102075576782 77
1585249955010 0.25316888093948364 78
1585249987679 0.2568763792514801 79
1585250020303 0.25817224383354187 80
1585250053273 0.25863999128341675 81
1585250085698 0.24783703684806824 82
1585250118095 0.25419262051582336 83
1585250150482 0.2614736258983612 84
1585250183010 0.2511257231235504 85
1585250215363 0.24446947872638702 86
1585250247729 0.2477886974811554 87
1585250280263 0.25289344787597656 88
1585250312789 0.24957707524299622 89
1585250345150 0.2463311105966568 90
1585250377777 0.257846862077713 91
1585250410700 0.24826376140117645 92
1585250442943 0.2407931685447693 93
1585250475736 0.2539491653442383 94
1585250508793 0.24300575256347656 95
1585250541217 0.25818097591400146 96
1585250573792 0.24144510924816132 97
1585250606348 0.24357262253761292 98
1585250638755 0.24950367212295532 99
1585250671219 0.2469683587551117 100
1585250703558 0.24085620045661926 101
1585250736161 0.24226462841033936 102
1585250768954 0.25218328833580017 103
1585250801528 0.23993785679340363 104
1585250833645 0.23807242512702942 105
1585250866492 0.23862409591674805 106
1585250899665 0.24075794219970703 107
1585250932108 0.24144247174263 108
1585250965491 0.240770161151886 109
1585250998484 0.2440730482339859 110
1585251031464 0.2384956330060959 111
1585251063892 0.23599646985530853 112
1585251096416 0.24217046797275543 113
1585251128664 0.22972404956817627 114
1585251161224 0.23360536992549896 115
1585251193603 0.22935163974761963 116
1585251226124 0.23480527102947235 117
1585251259384 0.23976851999759674 118
1585251292185 0.22978997230529785 119
1585251324622 0.22967055439949036 120
