1585247398600 0.8505749702453613 0
1585247430968 0.7582588195800781 1
1585247463514 0.7078867554664612 2
1585247495868 0.6801301836967468 3
1585247528110 0.6754475235939026 4
1585247560575 0.6602656841278076 5
1585247593351 0.6457200646400452 6
1585247626048 0.6216797232627869 7
1585247658460 0.6052224636077881 8
1585247690860 0.5718501210212708 9
1585247723271 0.5562986135482788 10
1585247756007 0.5302959084510803 11
1585247788375 0.5130652189254761 12
1585247823798 0.4972380995750427 13
1585247856284 0.4811260402202606 14
1585247888695 0.47060686349868774 15
1585247921271 0.4617390036582947 16
1585247953950 0.4516615867614746 17
1585247986392 0.44345393776893616 18
1585248018900 0.4297003746032715 19
1585248051550 0.42340755462646484 20
1585248083875 0.4110819399356842 21
1585248116183 0.4052536189556122 22
1585248148301 0.39615628123283386 23
1585248180704 0.38616713881492615 24
1585248213451 0.3826274573802948 25
1585248246350 0.3765341341495514 26
1585248278820 0.3726392984390259 27
1585248311504 0.36751022934913635 28
1585248344471 0.3626644015312195 29
1585248376903 0.35722681879997253 30
1585248409156 0.35529014468193054 31
1585248441592 0.35607919096946716 32
1585248474052 0.3488631844520569 33
1585248506607 0.3443984389305115 34
1585248539226 0.3399258255958557 35
1585248572217 0.3440191149711609 36
1585248604690 0.33535081148147583 37
1585248637328 0.3328835666179657 38
1585248669872 0.3291316628456116 39
1585248702211 0.3309035897254944 40
1585248734465 0.3254822790622711 41
1585248767050 0.32477107644081116 42
1585248799488 0.3222702145576477 43
1585248832179 0.31760355830192566 44
1585248864981 0.32133933901786804 45
1585248898166 0.3170544505119324 46
1585248930830 0.31605497002601624 47
1585248963728 0.30925530195236206 48
1585248997423 0.3081246614456177 49
1585249029827 0.30645397305488586 50
1585249063091 0.30040767788887024 51
1585249095685 0.30614012479782104 52
1585249128188 0.2951847314834595 53
1585249160983 0.3029177486896515 54
1585249193499 0.3034694194793701 55
1585249226173 0.2992987036705017 56
1585249258794 0.293941468000412 57
1585249291290 0.2927929162979126 58
1585249323612 0.29378360509872437 59
1585249358083 0.2868563234806061 60
1585249390630 0.2822595536708832 61
1585249422842 0.2875252664089203 62
1585249455138 0.29562124609947205 63
1585249487702 0.2815944254398346 64
1585249520183 0.28425708413124084 65
1585249552712 0.28466564416885376 66
1585249585268 0.2784658372402191 67
1585249617752 0.2808528244495392 68
1585249650680 0.2777598202228546 69
1585249683264 0.2823368310928345 70
1585249715572 0.27042844891548157 71
1585249748312 0.28149110078811646 72
1585249780627 0.2720779478549957 73
1585249813047 0.27063602209091187 74
1585249845605 0.2702755033969879 75
1585249878279 0.2684788107872009 76
1585249910883 0.26810142397880554 77
1585249943519 0.27362385392189026 78
1585249976152 0.2677869200706482 79
1585250008858 0.2597406506538391 80
1585250041532 0.27076709270477295 81
1585250074399 0.2709738612174988 82
1585250106684 0.28423234820365906 83
1585250139121 0.26347076892852783 84
1585250171574 0.2658040225505829 85
1585250204061 0.25516554713249207 86
1585250236283 0.26112356781959534 87
1585250268672 0.25017181038856506 88
1585250301368 0.2545706629753113 89
1585250333726 0.2538014352321625 90
1585250366363 0.2527257204055786 91
1585250399089 0.25465476512908936 92
1585250431644 0.24941685795783997 93
1585250464241 0.24918760359287262 94
1585250497271 0.24338775873184204 95
1585250529819 0.2446805089712143 96
1585250562331 0.24367009103298187 97
1585250594811 0.25149884819984436 98
1585250627415 0.24802565574645996 99
1585250659785 0.24086067080497742 100
1585250692048 0.24664361774921417 101
1585250724684 0.24178361892700195 102
1585250757478 0.24418476223945618 103
1585250789996 0.24054676294326782 104
1585250822425 0.24862170219421387 105
1585250855079 0.23852045834064484 106
1585250887726 0.2446238249540329 107
1585250920821 0.2385973483324051 108
1585250953695 0.23483724892139435 109
1585250987010 0.2425040453672409 110
1585251019916 0.2301110178232193 111
1585251052514 0.23461733758449554 112
1585251085004 0.24045896530151367 113
1585251117322 0.2285449057817459 114
1585251149761 0.23640860617160797 115
1585251182186 0.23819589614868164 116
1585251214762 0.22959144413471222 117
1585251247295 0.23740972578525543 118
1585251280421 0.2324712872505188 119
1585251313207 0.22637134790420532 120
