1585247398600 0.03446386754512787 0
1585247430968 0.008651548065245152 1
1585247463514 0.006249952130019665 2
1585247495868 0.010491324588656425 3
1585247528110 0.016841942444443703 4
1585247560575 0.024015722796320915 5
1585247593351 0.023849589750170708 6
1585247626048 0.014409825205802917 7
1585247658460 0.01124334242194891 8
1585247690860 0.004561466630548239 9
1585247723271 0.0033765940461307764 10
1585247756007 0.001988479634746909 11
1585247788375 0.004057682119309902 12
1585247823798 0.007535768207162619 13
1585247856284 0.011294458992779255 14
1585247888695 0.013886358588933945 15
1585247921271 0.015702281147241592 16
1585247953950 0.017148489132523537 17
1585247986392 0.017338179051876068 18
1585248018900 0.01791561022400856 19
1585248051550 0.017161458730697632 20
1585248083875 0.0164959579706192 21
1585248116183 0.015173569321632385 22
1585248148301 0.014214386232197285 23
1585248180704 0.013692478649318218 24
1585248213451 0.012324397452175617 25
1585248246350 0.011998850852251053 26
1585248278820 0.010562960058450699 27
1585248311504 0.010126760229468346 28
1585248344471 0.01028701663017273 29
1585248376903 0.010355530306696892 30
1585248409156 0.0097309285774827 31
1585248441592 0.009502069093286991 32
1585248474052 0.00975753553211689 33
1585248506607 0.009616534225642681 34
1585248539226 0.009658838622272015 35
1585248572217 0.009127981960773468 36
1585248604690 0.009816785342991352 37
1585248637328 0.009845519438385963 38
1585248669872 0.009417292661964893 39
1585248702211 0.0083141615614295 40
1585248734465 0.008901990018785 41
1585248767050 0.008571078069508076 42
1585248799488 0.008453233167529106 43
1585248832179 0.008523521013557911 44
1585248864981 0.007829555310308933 45
1585248898166 0.007900696247816086 46
1585248930830 0.007308150175958872 47
1585248963728 0.007899869233369827 48
1585248997423 0.007622185628861189 49
1585249029827 0.007539820391684771 50
1585249063091 0.008207239210605621 51
1585249095685 0.007092719431966543 52
1585249128188 0.008361543528735638 53
1585249160983 0.007371861021965742 54
1585249193499 0.006836591754108667 55
1585249226173 0.007381410337984562 56
1585249258794 0.007892326451838017 57
1585249291290 0.008011705242097378 58
1585249323612 0.007450766861438751 59
1585249358083 0.008827210403978825 60
1585249390630 0.008445043116807938 61
1585249422842 0.007575049996376038 62
1585249455138 0.007761274930089712 63
1585249487702 0.007889715023338795 64
1585249520183 0.0075646028853952885 65
1585249552712 0.007982242852449417 66
1585249585268 0.007845607586205006 67
1585249617752 0.007679319474846125 68
1585249650680 0.007912625558674335 69
1585249683264 0.0074287899769842625 70
1585249715572 0.008667699061334133 71
1585249748312 0.007097271736711264 72
1585249780627 0.007972095161676407 73
1585249813047 0.008327187970280647 74
1585249845605 0.00806389469653368 75
1585249878279 0.008324104361236095 76
1585249910883 0.008127340115606785 77
1585249943519 0.007494905963540077 78
1585249976152 0.008259453810751438 79
1585250008858 0.008796480484306812 80
1585250041532 0.007954942062497139 81
1585250074399 0.006552089471369982 82
1585250106684 0.008079062215983868 83
1585250139121 0.00833025574684143 84
1585250171574 0.008373863063752651 85
1585250204061 0.008750008419156075 86
1585250236283 0.008107224479317665 87
1585250268672 0.009415444917976856 88
1585250301368 0.008378511294722557 89
1585250333726 0.008740304969251156 90
1585250366363 0.008912664838135242 91
1585250399089 0.00862354040145874 92
1585250431644 0.009013199247419834 93
1585250464241 0.009249366819858551 94
1585250497271 0.009511572308838367 95
1585250529819 0.009512880817055702 96
1585250562331 0.010589735582470894 97
1585250594811 0.008707502856850624 98
1585250627415 0.00901821069419384 99
1585250659785 0.009447273798286915 100
1585250692048 0.009011272341012955 101
1585250724684 0.009942411445081234 102
1585250757478 0.00896716583520174 103
1585250789996 0.009138786233961582 104
1585250822425 0.009121919982135296 105
1585250855079 0.008632550947368145 106
1585250887726 0.007900643162429333 107
1585250920821 0.009456749074161053 108
1585250953695 0.009182502515614033 109
1585250987010 0.008671524934470654 110
1585251019916 0.010272364132106304 111
1585251052514 0.009669620543718338 112
1585251085004 0.00869483221322298 113
1585251117322 0.009984428994357586 114
1585251149761 0.00936280470341444 115
1585251182186 0.009130262769758701 116
1585251214762 0.009076450951397419 117
1585251247295 0.008534502238035202 118
1585251280421 0.008849681355059147 119
1585251313207 0.009478561580181122 120
