1585247410084 0.027248883619904518 0
1585247442435 0.005162789952009916 1
1585247475004 0.0029155605006963015 2
1585247507225 0.004876166582107544 3
1585247539547 0.009218226186931133 4
1585247572135 0.014619134366512299 5
1585247604806 0.014036579057574272 6
1585247637495 0.00861402228474617 7
1585247669908 0.005139211192727089 8
1585247702297 0.0018668542616069317 9
1585247734763 0.004083855543285608 10
1585247767282 0.004304359667003155 11
1585247800008 0.00766279362142086 12
1585247835221 0.013428299687802792 13
1585247867638 0.01796228066086769 14
1585247900024 0.021438414230942726 15
1585247932794 0.02346467599272728 16
1585247965469 0.02509208768606186 17
1585247997790 0.026517488062381744 18
1585248030371 0.025525305420160294 19
1585248062947 0.025511084124445915 20
1585248095374 0.02350214123725891 21
1585248127462 0.021532081067562103 22
1585248159802 0.02126108855009079 23
1585248192209 0.020151104778051376 24
1585248225066 0.019524138420820236 25
1585248257686 0.017545608803629875 26
1585248290334 0.016669757664203644 27
1585248322986 0.014502712525427341 28
1585248355952 0.013288909569382668 29
1585248388264 0.01280257012695074 30
1585248420443 0.01301767211407423 31
1585248453037 0.012258960865437984 32
1585248485549 0.012859334237873554 33
1585248518089 0.012619967572391033 34
1585248550803 0.011346915736794472 35
1585248583704 0.011726443655788898 36
1585248616179 0.012100827880203724 37
1585248648781 0.011921841651201248 38
1585248681029 0.011927366256713867 39
1585248713469 0.009811271913349628 40
1585248745941 0.010575266554951668 41
1585248778382 0.008991907350718975 42
1585248810891 0.007856585085391998 43
1585248843668 0.008947686292231083 44
1585248876445 0.007873538881540298 45
1585248909560 0.007909263484179974 46
1585248942381 0.007287203799933195 47
1585248976373 0.009326664730906487 48
1585249008930 0.0068457769230008125 49
1585249041228 0.00684419646859169 50
1585249074466 0.006838397588580847 51
1585249107177 0.0066276066936552525 52
1585249139598 0.006063792854547501 53
1585249172423 0.006691943854093552 54
1585249204952 0.0066404095850884914 55
1585249237673 0.006816699635237455 56
1585249270265 0.005800626706331968 57
1585249302744 0.004724040627479553 58
1585249335057 0.005673710256814957 59
1585249369652 0.005857050884515047 60
1585249401885 0.004466444719582796 61
1585249434180 0.005062901880592108 62
1585249466641 0.004324670881032944 63
1585249499136 0.006008499301970005 64
1585249531651 0.005851456429809332 65
1585249564253 0.005138172768056393 66
1585249596727 0.004468014929443598 67
1585249629128 0.005040481686592102 68
1585249662137 0.004737171344459057 69
1585249694571 0.0055183838121593 70
1585249727297 0.00428908783942461 71
1585249759735 0.004553568083792925 72
1585249791929 0.005172437522560358 73
1585249824409 0.0038801857735961676 74
1585249857102 0.004853925202041864 75
1585249889765 0.004198283888399601 76
1585249922368 0.004391737747937441 77
1585249955010 0.004901716019958258 78
1585249987679 0.004641120787709951 79
1585250020303 0.004010566510260105 80
1585250053273 0.003733243327587843 81
1585250085698 0.004371384624391794 82
1585250118095 0.004452734719961882 83
1585250150482 0.004268419463187456 84
1585250183010 0.003799659665673971 85
1585250215363 0.005502671934664249 86
1585250247729 0.0035698390565812588 87
1585250280263 0.0040794862434268 88
1585250312789 0.0037027839571237564 89
1585250345150 0.0035265651531517506 90
1585250377777 0.0036543426103889942 91
1585250410700 0.004812277387827635 92
1585250442943 0.004857754334807396 93
1585250475736 0.0034461081959307194 94
1585250508793 0.006087201647460461 95
1585250541217 0.0036361166276037693 96
1585250573792 0.004933304153382778 97
1585250606348 0.004712783731520176 98
1585250638755 0.003737218677997589 99
1585250671219 0.003387856064364314 100
1585250703558 0.0037589408457279205 101
1585250736161 0.003704395145177841 102
1585250768954 0.004461303818970919 103
1585250801528 0.004335625562816858 104
1585250833645 0.004084907006472349 105
1585250866492 0.004040329717099667 106
1585250899665 0.004137611947953701 107
1585250932108 0.004067020025104284 108
1585250965491 0.0032330381218343973 109
1585250998484 0.003862127661705017 110
1585251031464 0.0041559478268027306 111
1585251063892 0.004246863070875406 112
1585251096416 0.0042486125603318214 113
1585251128664 0.004360389895737171 114
1585251161224 0.0038973852060735226 115
1585251193603 0.0043565211817622185 116
1585251226124 0.004185494966804981 117
1585251259384 0.0032078814692795277 118
1585251292185 0.0038245709147304296 119
1585251324622 0.0037440056912600994 120
