1585247398600 0.28348657488822937 0
1585247430968 0.42678162455558777 1
1585247463514 0.6142145395278931 2
1585247495868 0.67954021692276 3
1585247528110 0.676436722278595 4
1585247560575 0.6772413849830627 5
1585247593351 0.677241325378418 6
1585247626048 0.6796551942825317 7
1585247658460 0.676436722278595 8
1585247690860 0.6812644004821777 9
1585247723271 0.6756321787834167 10
1585247756007 0.680766224861145 11
1585247788375 0.6963217854499817 12
1585247823798 0.6991570591926575 13
1585247856284 0.7262069582939148 14
1585247888695 0.7579310536384583 15
1585247921271 0.7760153412818909 16
1585247953950 0.7924520969390869 17
1585247986392 0.7950958013534546 18
1585248018900 0.8160919547080994 19
1585248051550 0.802758514881134 20
1585248083875 0.8111494183540344 21
1585248116183 0.8068199157714844 22
1585248148301 0.8139846920967102 23
1585248180704 0.8286207318305969 24
1585248213451 0.8216474652290344 25
1585248246350 0.8154788613319397 26
1585248278820 0.8119539618492126 27
1585248311504 0.8252873420715332 28
1585248344471 0.8254788517951965 29
1585248376903 0.8243677616119385 30
1585248409156 0.8354789018630981 31
1585248441592 0.8285440802574158 32
1585248474052 0.8259003758430481 33
1585248506607 0.8475095629692078 34
1585248539226 0.8480076789855957 35
1585248572217 0.8368965983390808 36
1585248604690 0.8421455025672913 37
1585248637328 0.8423755168914795 38
1585248669872 0.8568965792655945 39
1585248702211 0.842260479927063 40
1585248734465 0.8531800508499146 41
1585248767050 0.8519539833068848 42
1585248799488 0.8496168255805969 43
1585248832179 0.8630651235580444 44
1585248864981 0.8495402336120605 45
1585248898166 0.8539846539497375 46
1585248930830 0.8460920453071594 47
1585248963728 0.8472030758857727 48
1585248997423 0.8629501461982727 49
1585249029827 0.8613409996032715 50
1585249063091 0.8768965601921082 51
1585249095685 0.8460919857025146 52
1585249128188 0.8699234127998352 53
1585249160983 0.8665899634361267 54
1585249193499 0.8583141565322876 55
1585249226173 0.8652873635292053 56
1585249258794 0.8681992292404175 57
1585249291290 0.8713410496711731 58
1585249323612 0.8777011036872864 59
1585249358083 0.8726437091827393 60
1585249390630 0.8804214596748352 61
1585249422842 0.8737547993659973 62
1585249455138 0.8619540333747864 63
1585249487702 0.8699234127998352 64
1585249520183 0.8802298903465271 65
1585249552712 0.8775861859321594 66
1585249585268 0.8781991600990295 67
1585249617752 0.873869776725769 68
1585249650680 0.8751723766326904 69
1585249683264 0.8794253468513489 70
1585249715572 0.8810345530509949 71
1585249748312 0.8799232840538025 72
1585249780627 0.8891187310218811 73
1585249813047 0.8824520707130432 74
1585249845605 0.8819540143013 75
1585249878279 0.8883141279220581 76
1585249910883 0.8846743702888489 77
1585249943519 0.8878927230834961 78
1585249976152 0.888007640838623 79
1585250008858 0.8970881700515747 80
1585250041532 0.883678138256073 81
1585250074399 0.8802298903465271 82
1585250106684 0.867241382598877 83
1585250139121 0.8980076313018799 84
1585250171574 0.8918390274047852 85
1585250204061 0.889616847038269 86
1585250236283 0.8957854509353638 87
1585250268672 0.9012260437011719 88
1585250301368 0.8980076313018799 89
1585250333726 0.8959770202636719 90
1585250366363 0.9020306468009949 91
1585250399089 0.8988121747970581 92
1585250431644 0.9005363583564758 93
1585250464241 0.90141761302948 94
1585250497271 0.9113409519195557 95
1585250529819 0.9126436710357666 96
1585250562331 0.9164751172065735 97
1585250594811 0.9032566547393799 98
1585250627415 0.9086973667144775 99
1585250659785 0.9109194874763489 100
1585250692048 0.9083908200263977 101
1585250724684 0.9086973667144775 102
1585250757478 0.9121456146240234 103
1585250789996 0.9126436710357666 104
1585250822425 0.9105363488197327 105
1585250855079 0.9134482145309448 106
1585250887726 0.9010344743728638 107
1585250920821 0.9070881009101868 108
1585250953695 0.9126436710357666 109
1585250987010 0.9045593738555908 110
1585251019916 0.9180076718330383 111
1585251052514 0.9135631918907166 112
1585251085004 0.8999233245849609 113
1585251117322 0.9204214215278625 114
1585251149761 0.9142528176307678 115
1585251182186 0.9081991910934448 116
1585251214762 0.9178926944732666 117
1585251247295 0.8965900540351868 118
1585251280421 0.9124520421028137 119
1585251313207 0.9215325117111206 120
