1585247417920 0.03085637465119362 0
1585247450356 0.00690716877579689 1
1585247482866 0.004582756198942661 2
1585247514933 0.007683745585381985 3
1585247547447 0.01303008385002613 4
1585247580226 0.01931742951273918 5
1585247612695 0.01894308440387249 6
1585247645272 0.011511923745274544 7
1585247677763 0.008191276341676712 8
1585247710222 0.0032141604460775852 9
1585247742726 0.003730224911123514 10
1585247775199 0.0031464197672903538 11
1585247808022 0.005860237870365381 12
1585247843164 0.010482033714652061 13
1585247875626 0.014628369361162186 14
1585247908159 0.01766238734126091 15
1585247940682 0.019583478569984436 16
1585247973355 0.021120287477970123 17
1585248005691 0.021927833557128906 18
1585248038332 0.021720457822084427 19
1585248070839 0.021336272358894348 20
1585248103184 0.019999049603939056 21
1585248135277 0.018352825194597244 22
1585248167614 0.01773773692548275 23
1585248200231 0.016921792179346085 24
1585248233105 0.01592426747083664 25
1585248265743 0.014772229827940464 26
1585248298253 0.013616358861327171 27
1585248330854 0.01231473684310913 28
1585248363742 0.011787963099777699 29
1585248396173 0.011579049751162529 30
1585248428329 0.011374300345778465 31
1585248460949 0.010880514979362488 32
1585248493404 0.01130843535065651 33
1585248526029 0.011118250899016857 34
1585248558744 0.010502876713871956 35
1585248591506 0.010427212342619896 36
1585248624103 0.010958806611597538 37
1585248656653 0.010883680544793606 38
1585248689033 0.010672328993678093 39
1585248721364 0.009062716737389565 40
1585248753860 0.009738627821207047 41
1585248786347 0.008781492710113525 42
1585248818688 0.008154909126460552 43
1585248851697 0.008735603652894497 44
1585248884408 0.007851546630263329 45
1585248917411 0.007904980331659317 46
1585248950326 0.0072976769879460335 47
1585248984246 0.008613266982138157 48
1585249016786 0.007233981043100357 49
1585249049246 0.007192008197307587 50
1585249082553 0.007522818632423878 51
1585249114988 0.006860163062810898 52
1585249147531 0.007212668191641569 53
1585249180347 0.0070319026708602905 54
1585249212811 0.006738500669598579 55
1585249245572 0.007099054753780365 56
1585249278060 0.006846476346254349 57
1585249310658 0.0063678729347884655 58
1585249342928 0.006562238559126854 59
1585249377455 0.0073421308770775795 60
1585249409724 0.006455743685364723 61
1585249442072 0.006318976171314716 62
1585249474562 0.006042973138391972 63
1585249507008 0.0069491071626544 64
1585249539592 0.00670802965760231 65
1585249572271 0.006560207810252905 66
1585249604582 0.006156811490654945 67
1585249637205 0.00635990034788847 68
1585249669981 0.006324898451566696 69
1585249702396 0.006473586894571781 70
1585249735198 0.006478393450379372 71
1585249767516 0.005825419910252094 72
1585249799832 0.006572266109287739 73
1585249832456 0.006103686988353729 74
1585249865062 0.006458910182118416 75
1585249897568 0.006261194124817848 76
1585249930257 0.0062595391646027565 77
1585249962937 0.006198311224579811 78
1585249995583 0.006450287066400051 79
1585250028301 0.006403523497283459 80
1585250061265 0.005844092927873135 81
1585250093539 0.005461737047880888 82
1585250125893 0.006265898235142231 83
1585250158391 0.0062993373721838 84
1585250190861 0.0060867611318826675 85
1585250223089 0.007126340176910162 86
1585250255535 0.005838532000780106 87
1585250288168 0.006747465580701828 88
1585250320608 0.006040647625923157 89
1585250353167 0.006133435294032097 90
1585250385892 0.006283503957092762 91
1585250418530 0.006717909127473831 92
1585250451019 0.006935476791113615 93
1585250483577 0.0063477372750639915 94
1585250516733 0.007799386978149414 95
1585250549107 0.006574498489499092 96
1585250581631 0.007761519867926836 97
1585250614288 0.0067101432941854 98
1585250646557 0.006377714686095715 99
1585250679001 0.006417565047740936 100
1585250711569 0.006385106593370438 101
1585250744296 0.006823403295129538 102
1585250776880 0.006714235059916973 103
1585250809357 0.006737206131219864 104
1585250841497 0.006603413261473179 105
1585250874492 0.006336440332233906 106
1585250907654 0.006019127555191517 107
1585250940009 0.006761884316802025 108
1585250973474 0.006207770202308893 109
1585251006399 0.006266826298087835 110
1585251039267 0.007214155979454517 111
1585251071799 0.0069582415744662285 112
1585251104249 0.006471722386777401 113
1585251136577 0.0071724094450473785 114
1585251169106 0.006630094721913338 115
1585251201386 0.00674339197576046 116
1585251234042 0.0066309729591012 117
1585251267341 0.005871191620826721 118
1585251300133 0.00633712625131011 119
1585251332504 0.006611283868551254 120
