1585247417920 0.8410864472389221 0
1585247450356 0.7483344078063965 1
1585247482866 0.6977862119674683 2
1585247514933 0.6698297262191772 3
1585247547447 0.6602188348770142 4
1585247580226 0.6494817733764648 5
1585247612695 0.6321892738342285 6
1585247645272 0.6042163968086243 7
1585247677763 0.5884312391281128 8
1585247710222 0.5623246431350708 9
1585247742726 0.5387529134750366 10
1585247775199 0.5187326669692993 11
1585247808022 0.4994678199291229 12
1585247843164 0.48268747329711914 13
1585247875626 0.46837735176086426 14
1585247908159 0.4578600525856018 15
1585247940682 0.44910675287246704 16
1585247973355 0.4388679265975952 17
1585248005691 0.4288784861564636 18
1585248038332 0.4161824584007263 19
1585248070839 0.4067646265029907 20
1585248103184 0.3971879184246063 21
1585248135277 0.39069533348083496 22
1585248167614 0.3792186379432678 23
1585248200231 0.3722110390663147 24
1585248233105 0.3644941449165344 25
1585248265743 0.3593063950538635 26
1585248298253 0.35456550121307373 27
1585248330854 0.3508132994174957 28
1585248363742 0.34696733951568604 29
1585248396173 0.3447633981704712 30
1585248428329 0.34036242961883545 31
1585248460949 0.3392491638660431 32
1585248493404 0.3314146399497986 33
1585248526029 0.32800111174583435 34
1585248558744 0.32715803384780884 35
1585248591506 0.32512664794921875 36
1585248624103 0.31829124689102173 37
1585248656653 0.3147316575050354 38
1585248689033 0.3127450942993164 39
1585248721364 0.31409701704978943 40
1585248753860 0.3076642155647278 41
1585248786347 0.30886223912239075 42
1585248818688 0.3090815842151642 43
1585248851697 0.30091392993927 44
1585248884408 0.3060399293899536 45
1585248917411 0.30175215005874634 46
1585248950326 0.30127936601638794 47
1585248984246 0.2939467132091522 48
1585249016786 0.2970406711101532 49
1585249049246 0.29643386602401733 50
1585249082553 0.2880420982837677 51
1585249114988 0.2913374602794647 52
1585249147531 0.2873893976211548 53
1585249180347 0.2876419425010681 54
1585249212811 0.2880994975566864 55
1585249245572 0.28658947348594666 56
1585249278060 0.283083975315094 57
1585249310658 0.28794050216674805 58
1585249342928 0.28330254554748535 59
1585249377455 0.28197813034057617 60
1585249409724 0.2793263792991638 61
1585249442072 0.2787446975708008 62
1585249474562 0.2826860845088959 63
1585249507008 0.2756420969963074 64
1585249539592 0.2728397846221924 65
1585249572271 0.27940359711647034 66
1585249604582 0.2742132842540741 67
1585249637205 0.2721046805381775 68
1585249669981 0.2698647975921631 69
1585249702396 0.2711983323097229 70
1585249735198 0.2662377953529358 71
1585249767516 0.2746317982673645 72
1585249799832 0.2674159109592438 73
1585249832456 0.2658312916755676 74
1585249865062 0.2622423768043518 75
1585249897568 0.26545870304107666 76
1585249930257 0.2661058306694031 77
1585249962937 0.26339638233184814 78
1585249995583 0.26233166456222534 79
1585250028301 0.2589564323425293 80
1585250061265 0.26470354199409485 81
1585250093539 0.2594054341316223 82
1585250125893 0.2692124843597412 83
1585250158391 0.2624722123146057 84
1585250190861 0.25846487283706665 85
1585250223089 0.24981752038002014 86
1585250255535 0.25445613265037537 87
1585250288168 0.2515326142311096 88
1585250320608 0.25207388401031494 89
1585250353167 0.25006628036499023 90
1585250385892 0.2552862763404846 91
1585250418530 0.2514592707157135 92
1585250451019 0.24510501325130463 93
1585250483577 0.25156837701797485 94
1585250516733 0.2431967556476593 95
1585250549107 0.2514307498931885 96
1585250581631 0.2425576001405716 97
1585250614288 0.24753573536872864 98
1585250646557 0.24876466393470764 99
1585250679001 0.24391451478004456 100
1585250711569 0.24374991655349731 101
1585250744296 0.24202412366867065 102
1585250776880 0.24818402528762817 103
1585250809357 0.24024230241775513 104
1585250841497 0.24334706366062164 105
1585250874492 0.23857226967811584 106
1585250907654 0.24269089102745056 107
1585250940009 0.24001991748809814 108
1585250973474 0.23780369758605957 109
1585251006399 0.2432885468006134 110
1585251039267 0.2343033254146576 111
1585251071799 0.23530690371990204 112
1585251104249 0.24131470918655396 113
1585251136577 0.2291344702243805 114
1585251169106 0.23500698804855347 115
1585251201386 0.23377376794815063 116
1585251234042 0.23219835758209229 117
1585251267341 0.2385891228914261 118
1585251300133 0.23113062977790833 119
1585251332504 0.22802095115184784 120
