1585247417920 0.30811119079589844 0
1585247450356 0.4400889277458191 1
1585247482866 0.6125553846359253 2
1585247514933 0.6753479242324829 3
1585247547447 0.67976313829422 4
1585247580226 0.6763565540313721 5
1585247612695 0.67746502161026 6
1585247645272 0.6831059455871582 7
1585247677763 0.6787254810333252 8
1585247710222 0.6789222955703735 9
1585247742726 0.6816486120223999 10
1585247775199 0.6781189441680908 11
1585247808022 0.6922174692153931 12
1585247843164 0.7085525989532471 13
1585247875626 0.7557567358016968 14
1585247908159 0.7917603254318237 15
1585247940682 0.8136444687843323 16
1585247973355 0.8254713416099548 17
1585248005691 0.8358144164085388 18
1585248038332 0.8441662788391113 19
1585248070839 0.8399287462234497 20
1585248103184 0.8405157327651978 21
1585248135277 0.8334925174713135 22
1585248167614 0.8436668515205383 23
1585248200231 0.8493221402168274 24
1585248233105 0.8429816961288452 25
1585248265743 0.8414304256439209 26
1585248298253 0.8395265340805054 27
1585248330854 0.8462639451026917 28
1585248363742 0.8389304876327515 29
1585248396173 0.8445541858673096 30
1585248428329 0.8458762168884277 31
1585248460949 0.8469253182411194 32
1585248493404 0.8501789569854736 33
1585248526029 0.862375020980835 34
1585248558744 0.8526241779327393 35
1585248591506 0.8557478189468384 36
1585248624103 0.8631600141525269 37
1585248656653 0.8622373342514038 38
1585248689033 0.8687312602996826 39
1585248721364 0.8621090054512024 40
1585248753860 0.8656229972839355 41
1585248786347 0.8645972609519958 42
1585248818688 0.8646079897880554 43
1585248851697 0.87181556224823 44
1585248884408 0.8641568422317505 45
1585248917411 0.8660961389541626 46
1585248950326 0.863541305065155 47
1585248984246 0.8674930334091187 48
1585249016786 0.8694703578948975 49
1585249049246 0.8630408048629761 50
1585249082553 0.8769270181655884 51
1585249114988 0.8633998036384583 52
1585249147531 0.8730277419090271 53
1585249180347 0.8741322159767151 54
1585249212811 0.8665273785591125 55
1585249245572 0.8712639808654785 56
1585249278060 0.8775075674057007 57
1585249310658 0.8774157762527466 58
1585249342928 0.8796877861022949 59
1585249377455 0.8787628412246704 60
1585249409724 0.8812602758407593 61
1585249442072 0.8761934041976929 62
1585249474562 0.8709888458251953 63
1585249507008 0.8816362619400024 64
1585249539592 0.8835229277610779 65
1585249572271 0.8804676532745361 66
1585249604582 0.8838282823562622 67
1585249637205 0.8822886347770691 68
1585249669981 0.8828692436218262 69
1585249702396 0.8843706846237183 70
1585249735198 0.8811540603637695 71
1585249767516 0.8858696222305298 72
1585249799832 0.8905380964279175 73
1585249832456 0.8818628191947937 74
1585249865062 0.8880642652511597 75
1585249897568 0.8879895806312561 76
1585249930257 0.8860989809036255 77
1585249962937 0.8910336494445801 78
1585249995583 0.8856076002120972 79
1585250028301 0.8933436274528503 80
1585250061265 0.8890678882598877 81
1585250093539 0.8878271579742432 82
1585250125893 0.8834202289581299 83
1585250158391 0.8884613513946533 84
1585250190861 0.8912025690078735 85
1585250223089 0.891270637512207 86
1585250255535 0.8957464694976807 87
1585250288168 0.8954833149909973 88
1585250320608 0.8919283151626587 89
1585250353167 0.8958422541618347 90
1585250385892 0.8958855867385864 91
1585250418530 0.8996183276176453 92
1585250451019 0.9004803895950317 93
1585250483577 0.8991875648498535 94
1585250516733 0.8999157547950745 95
1585250549107 0.9005671143531799 96
1585250581631 0.9085205793380737 97
1585250614288 0.9018405675888062 98
1585250646557 0.8999854326248169 99
1585250679001 0.9064385890960693 100
1585250711569 0.9019784331321716 101
1585250744296 0.9027566909790039 102
1585250776880 0.902888834476471 103
1585250809357 0.9029256105422974 104
1585250841497 0.9079804420471191 105
1585250874492 0.9088821411132812 106
1585250907654 0.9001752138137817 107
1585250940009 0.908897876739502 108
1585250973474 0.9055671095848083 109
1585251006399 0.9001334309577942 110
1585251039267 0.906303346157074 111
1585251071799 0.9065103530883789 112
1585251104249 0.8992069363594055 113
1585251136577 0.9129229784011841 114
1585251169106 0.9099801778793335 115
1585251201386 0.9061161279678345 116
1585251234042 0.910620927810669 117
1585251267341 0.8978822827339172 118
1585251300133 0.9094924926757812 119
1585251332504 0.9129950404167175 120
