1585091767862 0.3327358365058899 0
1585091801584 0.4533962607383728 1
1585091834642 0.6108961701393127 2
1585091868168 0.6711556911468506 3
1585091901314 0.683089554309845 4
1585091934343 0.6754716634750366 5
1585091967461 0.677688717842102 6
1585092000684 0.6865566372871399 7
1585092033962 0.6810141801834106 8
1585092066823 0.6765801906585693 9
1585092099701 0.6876651048660278 10
1585092132955 0.6754717230796814 11
1585092166272 0.6881131529808044 12
1585092199650 0.7179480791091919 13
1585092233065 0.7853065729141235 14
1585092266251 0.8255895972251892 15
1585092300188 0.8512735962867737 16
1585092333503 0.8584905862808228 17
1585092366622 0.876533031463623 18
1585092399899 0.8722405433654785 19
1585092433407 0.8770990371704102 20
1585092466518 0.8698821067810059 21
1585092499987 0.8601650595664978 22
1585092533015 0.8733490109443665 23
1585092566213 0.8700235486030579 24
1585092599308 0.8643159866333008 25
1585092633653 0.8673820495605469 26
1585092667018 0.8670990467071533 27
1585092700246 0.8672405481338501 28
1585092733488 0.8523820638656616 29
1585092766660 0.8647405505180359 30
1585092799767 0.8562735319137573 31
1585092833060 0.865306556224823 32
1585092866221 0.8744574785232544 33
1585092899264 0.8772405385971069 34
1585092932453 0.8572406768798828 35
1585092965483 0.874599039554596 36
1585092999208 0.8841744661331177 37
1585093032544 0.8820990920066833 38
1585093065935 0.8805660009384155 39
1585093098933 0.8819575309753418 40
1585093131939 0.8780660033226013 41
1585093165538 0.8772405385971069 42
1585093199284 0.8795991539955139 43
1585093232911 0.8805660009384155 44
1585093266492 0.8787735104560852 45
1585093301693 0.8782075643539429 46
1585093335805 0.8809905648231506 47
1585093368998 0.8877829313278198 48
1585093402045 0.8759905695915222 49
1585093435407 0.8647406101226807 50
1585093469598 0.8769575357437134 51
1585093502883 0.8807076215744019 52
1585093536053 0.876132071018219 53
1585093569152 0.8816744685173035 54
1585093603051 0.8747406005859375 55
1585093636525 0.8772405982017517 56
1585093669511 0.8868159651756287 57
1585093702866 0.8834905624389648 58
1585093735943 0.8816744685173035 59
1585093769921 0.8848820328712463 60
1585093802948 0.8820990324020386 61
1585093836392 0.8786320686340332 62
1585093870094 0.8800235986709595 63
1585093903190 0.8933491110801697 64
1585093936261 0.8868159651756287 65
1585093969576 0.8833490610122681 66
1585094002375 0.8894574642181396 67
1585094035467 0.8907074928283691 68
1585094069154 0.8905660510063171 69
1585094102706 0.8893159627914429 70
1585094136071 0.881273627281189 71
1585094169155 0.8918160200119019 72
1585094202403 0.8919575214385986 73
1585094235776 0.8812735676765442 74
1585094269293 0.8941745162010193 75
1585094302298 0.8876650333404541 76
1585094336349 0.8875235915184021 77
1585094369694 0.8941745162010193 78
1585094403302 0.8832075595855713 79
1585094436770 0.889599084854126 80
1585094470285 0.8944575786590576 81
1585094503219 0.895424485206604 82
1585094536186 0.899599015712738 83
1585094569256 0.878915011882782 84
1585094602362 0.8905660510063171 85
1585094635388 0.8929244875907898 86
1585094669483 0.8957074880599976 87
1585094702721 0.8897405862808228 88
1585094735692 0.8858490586280823 89
1585094769229 0.8957074880599976 90
1585094802674 0.889740526676178 91
1585094835642 0.9004244804382324 92
1585094868745 0.9004244804382324 93
1585094901937 0.896957516670227 94
1585094935095 0.8884905576705933 95
1585094968099 0.8884905576705933 96
1585095001107 0.900566041469574 97
1585095034142 0.9004244804382324 98
1585095067193 0.891273558139801 99
1585095100154 0.901957631111145 100
1585095133253 0.8955660462379456 101
1585095166977 0.8968160152435303 102
1585095200377 0.8936320543289185 103
1585095233438 0.8932075500488281 104
1585095266754 0.9054244756698608 105
1585095299924 0.9043160080909729 106
1585095333236 0.8993160128593445 107
1585095366629 0.9107075929641724 108
1585095399534 0.8984905481338501 109
1585095432735 0.8957074880599976 110
1585095467102 0.8945990204811096 111
1585095499941 0.8994574546813965 112
1585095533215 0.8984905481338501 113
1585095566010 0.9054244756698608 114
1585095599137 0.9057074785232544 115
1585095632420 0.9040330052375793 116
1585095666239 0.9033491015434265 117
1585095699436 0.8991745114326477 118
1585095732314 0.9065329432487488 119
1585095765516 0.9044575691223145 120
1585095798904 0.9045990705490112 121
1585095832576 0.9044574499130249 122
1585095865831 0.9019575119018555 123
1585095899098 0.9091745018959045 124
1585095932468 0.9033490419387817 125
1585095965985 0.9043159484863281 126
1585095999286 0.910565972328186 127
1585096032543 0.900707483291626 128
1585096065955 0.8991745114326477 129
1585096099157 0.903207540512085 130
1585096132254 0.9077829718589783 131
1585096165617 0.9020990133285522 132
1585096198492 0.902240514755249 133
1585096231585 0.9023820757865906 134
1585096264796 0.9016745090484619 135
1585096298170 0.9040330052375793 136
1585096331119 0.9093160033226013 137
1585096364590 0.9022405743598938 138
1585096398046 0.9119575023651123 139
1585096431099 0.9044574499130249 140
1585096464176 0.8923820853233337 141
1585096497760 0.8994574546813965 142
1585096530821 0.9187500476837158 143
1585096563958 0.9066745042800903 144
1585096596979 0.9066744446754456 145
1585096630271 0.903207540512085 146
1585096663494 0.9069575071334839 147
1585096696573 0.911674439907074 148
1585096729506 0.9043160080909729 149
1585096762509 0.900707483291626 150
1585096795744 0.9052829742431641 151
1585096829151 0.9129244685173035 152
1585096862051 0.9118160009384155 153
1585096895422 0.9068160057067871 154
1585096928696 0.9097406268119812 155
1585096961812 0.9084905982017517 156
1585096995175 0.9152829051017761 157
1585097028312 0.916815996170044 158
1585097062002 0.9154245257377625 159
1585097095550 0.9069575071334839 160
1585097128776 0.9068160653114319 161
1585097162404 0.9069575071334839 162
1585097195763 0.9129244685173035 163
1585097228918 0.9202829599380493 164
1585097262483 0.911532998085022 165
1585097295651 0.9061320424079895 166
1585097328769 0.9130659699440002 167
1585097362900 0.9083490967750549 168
1585097396800 0.8973820805549622 169
1585097429816 0.9119575023651123 170
1585097463541 0.9036321043968201 171
1585097496740 0.9084905385971069 172
1585097529829 0.9012735486030579 173
1585097563368 0.9057074785232544 174
1585097596561 0.9116744995117188 175
1585097629789 0.9045990705490112 176
1585097662663 0.9068160057067871 177
1585097696012 0.9140329957008362 178
1585097729087 0.9204245209693909 179
1585097762908 0.913066029548645 180
1585097796119 0.9116744995117188 181
1585097829265 0.9177829623222351 182
1585097862197 0.9157075881958008 183
1585097895454 0.916815996170044 184
1585097928761 0.9084905385971069 185
1585097962292 0.9068159461021423 186
1585097995757 0.9177829623222351 187
1585098028859 0.9130659699440002 188
1585098061934 0.914174497127533 189
1585098094951 0.9118160009384155 190
1585098127918 0.9215329885482788 191
1585098161331 0.8928065896034241 192
1585098194305 0.9108490943908691 193
1585098227651 0.9216744899749756 194
1585098261026 0.9134905338287354 195
1585098293908 0.9143159985542297 196
1585098327257 0.9119575023651123 197
1585098361814 0.9241744875907898 198
1585098395076 0.914174497127533 199
1585098428314 0.914174497127533 200
1585098461466 0.9120990633964539 201
1585098494660 0.913066029548645 202
1585098528276 0.9157075881958008 203
1585098561322 0.9177830219268799 204
1585098594355 0.9154245257377625 205
1585098627540 0.9120990633964539 206
1585098661040 0.9147405624389648 207
1585098694385 0.9118159413337708 208
1585098727496 0.9229244589805603 209
1585098760690 0.907783031463623 210
1585098794007 0.9166744947433472 211
1585098827301 0.9218159914016724 212
1585098860934 0.9136320352554321 213
1585098894057 0.9145990610122681 214
1585098927228 0.9190329313278198 215
1585098960299 0.913066029548645 216
1585098993420 0.9155659675598145 217
1585099026535 0.9133490324020386 218
1585099059571 0.9227829575538635 219
1585099092729 0.9227830171585083 220
1585099125594 0.9233490228652954 221
1585099158700 0.9157074689865112 222
1585099191601 0.9172406196594238 223
1585099225054 0.9190329909324646 224
1585099258089 0.9144575595855713 225
1585099290956 0.9193160533905029 226
1585099324171 0.9094575643539429 227
1585099357267 0.9158490300178528 228
1585099390646 0.9194575548171997 229
1585099423631 0.9129244685173035 230
1585099456827 0.9215329885482788 231
1585099490069 0.9177829623222351 232
1585099523055 0.9227830171585083 233
1585099557472 0.9182075262069702 234
1585099591186 0.9182075262069702 235
1585099624000 0.9111320972442627 236
1585099657105 0.9240330457687378 237
1585099690436 0.926674485206604 238
1585099723680 0.9173820614814758 239
1585099756639 0.9219574928283691 240
1585099789920 0.9107074737548828 241
1585099823032 0.9215329885482788 242
1585099857973 0.920849084854126 243
1585099891784 0.9218160510063171 244
1585099924951 0.9119575023651123 245
1585099958374 0.9170989990234375 246
1585099991256 0.9219574928283691 247
1585100024115 0.9169574975967407 248
1585100058070 0.9158490300178528 249
1585100091009 0.9227829575538635 250
1585100124015 0.9180660247802734 251
1585100157283 0.9205659627914429 252
1585100190762 0.9232075214385986 253
1585100223701 0.9182075262069702 254
1585100256770 0.9257075786590576 255
1585100290001 0.926674485206604 256
1585100323097 0.913066029548645 257
1585100356307 0.9170990586280823 258
1585100389651 0.9168159365653992 259
1585100422568 0.9157074689865112 260
1585100455669 0.9205660223960876 261
1585100489306 0.9233490228652954 262
1585100522972 0.9241744875907898 263
1585100556437 0.9170990586280823 264
1585100589709 0.9194575548171997 265
1585100622935 0.9327829480171204 266
1585100656240 0.9215329885482788 267
1585100689341 0.920990526676178 268
1585100722531 0.9255659580230713 269
1585100755878 0.9280660152435303 270
1585100789093 0.9183490872383118 271
1585100822299 0.9244575500488281 272
1585100855679 0.9290329813957214 273
1585100889115 0.9048820734024048 274
1585100922487 0.9290329813957214 275
1585100955819 0.9219576120376587 276
1585100988835 0.9241744875907898 277
1585101021960 0.9157074689865112 278
1585101054892 0.9243160486221313 279
1585101087801 0.9255659580230713 280
1585101120946 0.9232075214385986 281
1585101154289 0.9244575500488281 282
1585101187414 0.9315329790115356 283
1585101220751 0.9229245185852051 284
1585101254202 0.9216744899749756 285
1585101287807 0.930707573890686 286
1585101320886 0.9177829623222351 287
1585101354208 0.9218159914016724 288
1585101387561 0.9257074594497681 289
1585101420779 0.9227829575538635 290
1585101454121 0.9255660176277161 291
1585101487925 0.9230659604072571 292
1585101521364 0.9183490872383118 293
1585101554462 0.9122405648231506 294
1585101587459 0.920990526676178 295
1585101620511 0.9302829504013062 296
1585101653511 0.9268159866333008 297
1585101686718 0.9326415061950684 298
1585101719787 0.9247405529022217 299
1585101752911 0.9098820686340332 300
1585101786065 0.9304244518280029 301
1585101819292 0.9290330410003662 302
1585101852768 0.9315329790115356 303
1585101886087 0.9290330410003662 304
1585101919130 0.9257075786590576 305
1585101952431 0.9218159914016724 306
1585101985596 0.9295991063117981 307
1585102018588 0.926674485206604 308
1585102052523 0.9230659604072571 309
1585102085906 0.9293160438537598 310
1585102119378 0.9313914775848389 311
1585102152928 0.9220990538597107 312
1585102186667 0.9220990538597107 313
1585102219693 0.9315329790115356 314
1585102252940 0.9254244565963745 315
1585102286244 0.9257075786590576 316
1585102319534 0.9280659556388855 317
1585102353077 0.9241744875907898 318
1585102386590 0.9205660223960876 319
1585102419959 0.9219574928283691 320
1585102453130 0.9245991110801697 321
1585102486260 0.9265329837799072 322
1585102519270 0.929315984249115 323
1585102552357 0.9268159866333008 324
1585102585647 0.9307074546813965 325
1585102618735 0.9243160486221313 326
1585102651922 0.9337500333786011 327
1585102684845 0.9212735891342163 328
1585102717767 0.9153066277503967 329
1585102751162 0.9309905171394348 330
1585102784514 0.9257074594497681 331
1585102817873 0.9263915419578552 332
1585102851082 0.9291744828224182 333
1585102884020 0.9245990514755249 334
1585102917283 0.9305660128593445 335
1585102950862 0.928207516670227 336
1585102984091 0.9222405552864075 337
1585103016985 0.9232075214385986 338
1585103050863 0.9354244470596313 339
1585103084041 0.929174542427063 340
1585103117210 0.9288914799690247 341
1585103150596 0.937641441822052 342
1585103183875 0.9280660152435303 343
1585103217120 0.9284905791282654 344
1585103250931 0.9187735915184021 345
1585103284230 0.929315984249115 346
1585103317859 0.9270990490913391 347
1585103350833 0.9302829504013062 348
1585103384462 0.9341744780540466 349
1585103417643 0.9354244470596313 350
1585103451051 0.9350000023841858 351
1585103484668 0.9257075786590576 352
1585103517740 0.928207516670227 353
1585103550796 0.9220989942550659 354
1585103584172 0.9451414346694946 355
1585103617471 0.9247405529022217 356
1585103650677 0.9340329766273499 357
1585103684323 0.9283490777015686 358
1585103717558 0.9388914704322815 359
1585103750732 0.9330659508705139 360
1585103783827 0.9272406101226807 361
1585103817154 0.9313915371894836 362
1585103850310 0.926815927028656 363
1585103883743 0.9365330338478088 364
1585103916985 0.9354245066642761 365
1585103950093 0.929315984249115 366
1585103983149 0.9413914680480957 367
1585104016562 0.930707573890686 368
1585104049577 0.9280660152435303 369
1585104082462 0.9390329718589783 370
1585104115522 0.9324999451637268 371
1585104152633 0.9404245018959045 372
1585104186145 0.9426414370536804 373
1585104219649 0.9294575452804565 374
1585104252626 0.9352829456329346 375
1585104286934 0.9297405481338501 376
1585104320330 0.9330659508705139 377
1585104353799 0.930849015712738 378
1585104387171 0.9295991063117981 379
1585104421681 0.9340329766273499 380
1585104454677 0.9329245090484619 381
1585104489110 0.9377830028533936 382
1585104522362 0.9341744780540466 383
1585104555300 0.9304245114326477 384
1585104588465 0.924174427986145 385
1585104621495 0.9330659508705139 386
1585104654754 0.9294575452804565 387
1585104688853 0.9402830004692078 388
1585104721995 0.9307074546813965 389
1585104755324 0.9390329718589783 390
1585104788433 0.940141499042511 391
1585104821836 0.9258490800857544 392
1585104855224 0.9366745352745056 393
1585104888069 0.9343159794807434 394
1585104921365 0.9426414966583252 395
1585104954886 0.939174473285675 396
1585104988742 0.9365329742431641 397
1585105021858 0.9272405505180359 398
1585105055126 0.9345990419387817 399
1585105088077 0.9332075119018555 400
1585105121074 0.9380660057067871 401
1585105154185 0.9354244470596313 402
1585105187195 0.9304244518280029 403
1585105220151 0.941674530506134 404
1585105253248 0.9245991110801697 405
1585105286355 0.9393159747123718 406
1585105319525 0.939315915107727 407
1585105352686 0.931957483291626 408
1585105385843 0.9343159794807434 409
1585105419632 0.9352830052375793 410
1585105454186 0.9391744136810303 411
1585105487890 0.9366744756698608 412
1585105521642 0.934457540512085 413
1585105554954 0.9415329694747925 414
1585105588119 0.9369574785232544 415
1585105621248 0.9368159770965576 416
1585105654272 0.9379245042800903 417
1585105687594 0.9330660104751587 418
1585105720826 0.9352829456329346 419
1585105754136 0.928207516670227 420
1585105787464 0.9290329813957214 421
1585105820373 0.9415329694747925 422
1585105855346 0.9426414370536804 423
1585105888706 0.941674530506134 424
1585105921947 0.9393159747123718 425
1585105955149 0.9444575309753418 426
1585105988474 0.9219574928283691 427
1585106021539 0.9393159747123718 428
1585106054482 0.9323820471763611 429
1585106087344 0.9416744709014893 430
1585106120754 0.9295990467071533 431
1585106153953 0.9329245090484619 432
1585106186811 0.9379245042800903 433
1585106220038 0.929315984249115 434
1585106253166 0.9402830004692078 435
1585106286844 0.9379245042800903 436
1585106320581 0.939174473285675 437
1585106354047 0.941815972328186 438
1585106387336 0.9357075691223145 439
1585106420741 0.9390329718589783 440
1585106454394 0.9330660104751587 441
1585106487438 0.9368160367012024 442
1585106520802 0.9404245018959045 443
1585106553865 0.9401414394378662 444
1585106587509 0.9341744780540466 445
1585106621282 0.9352830052375793 446
1585106654480 0.9334905743598938 447
1585106687822 0.9357074499130249 448
1585106721130 0.9395990371704102 449
1585106754639 0.9318159818649292 450
1585106787811 0.9395990371704102 451
1585106820858 0.9365329742431641 452
1585106855216 0.9452829957008362 453
1585106888712 0.9304244518280029 454
1585106921922 0.9415329694747925 455
1585106955466 0.9413914680480957 456
1585106989651 0.9416744709014893 457
1585107023306 0.9476414918899536 458
1585107056355 0.9380659461021423 459
1585107089671 0.9323820471763611 460
1585107122865 0.940141499042511 461
1585107155666 0.9393159747123718 462
1585107188773 0.9352829456329346 463
1585107222235 0.952641487121582 464
1585107255118 0.9341744780540466 465
1585107288429 0.934457540512085 466
1585107322270 0.9441744685173035 467
1585107355833 0.9343159794807434 468
1585107388913 0.9415329694747925 469
1585107422184 0.9355660080909729 470
1585107455272 0.9487500190734863 471
1585107488375 0.9415329694747925 472
1585107521764 0.9379244446754456 473
1585107555460 0.937641441822052 474
1585107588601 0.942782998085022 475
1585107622030 0.940282940864563 476
1585107655392 0.9465329647064209 477
1585107689060 0.9382075071334839 478
1585107722915 0.9402830004692078 479
1585107756364 0.9427829384803772 480
1585107790634 0.9405660033226013 481
1585107824882 0.9258490204811096 482
1585107858101 0.9405660033226013 483
1585107891798 0.9463914632797241 484
1585107925396 0.9382075071334839 485
1585107958487 0.9419574737548828 486
1585107991731 0.934457540512085 487
1585108025050 0.9320990443229675 488
1585108058168 0.9355660080909729 489
1585108091339 0.9308490753173828 490
1585108124284 0.9430659413337708 491
1585108157945 0.9426414966583252 492
1585108191080 0.9438915252685547 493
1585108224221 0.9380659461021423 494
1585108257008 0.937099039554596 495
1585108290501 0.9380660057067871 496
1585108323954 0.9441744685173035 497
1585108357018 0.9369574785232544 498
1585108390211 0.9318159818649292 499
1585108423115 0.9437499642372131 500
1585108457602 0.9404245018959045 501
1585108490601 0.9380659461021423 502
1585108523964 0.939174473285675 503
1585108558056 0.9465329647064209 504
1585108591103 0.9444575309753418 505
1585108624273 0.9402830004692078 506
1585108658144 0.9451414942741394 507
1585108691315 0.9393159747123718 508
1585108724335 0.9430660009384155 509
1585108757570 0.9416744709014893 510
1585108791272 0.9390329718589783 511
1585108825029 0.939033031463623 512
1585108858064 0.9452829957008362 513
1585108891310 0.9440329670906067 514
1585108924446 0.9388914704322815 515
1585108957456 0.9429244995117188 516
1585108990801 0.939174473285675 517
1585109024498 0.9429244995117188 518
1585109057772 0.9462499618530273 519
1585109090909 0.9257074594497681 520
1585109124543 0.9393159747123718 521
1585109157575 0.9370990991592407 522
1585109190913 0.9441745281219482 523
1585109224228 0.9340329766273499 524
1585109257320 0.942782998085022 525
1585109290475 0.9432075023651123 526
1585109325167 0.9502829909324646 527
1585109358349 0.941674530506134 528
1585109391340 0.9490329623222351 529
1585109424743 0.9426414966583252 530
1585109457848 0.9440329670906067 531
1585109491068 0.940282940864563 532
1585109524455 0.9413914680480957 533
1585109557786 0.9352830052375793 534
1585109591233 0.9430660009384155 535
1585109625212 0.9441744685173035 536
1585109658181 0.9337735772132874 537
1585109692026 0.948065996170044 538
1585109725324 0.9382075071334839 539
1585109758507 0.9462499618530273 540
1585109792170 0.9412499070167542 541
1585109825302 0.9451414346694946 542
1585109858408 0.9397405385971069 543
1585109891667 0.9372405409812927 544
1585109924931 0.941674530506134 545
1585109958159 0.9382075071334839 546
1585109991198 0.939174473285675 547
1585110024372 0.9490329623222351 548
1585110058455 0.9391745328903198 549
1585110091847 0.9468159675598145 550
1585110125305 0.9466745257377625 551
1585110158368 0.9540329575538635 552
1585110191373 0.9441744685173035 553
1585110225254 0.9458490610122681 554
1585110258463 0.9538914561271667 555
1585110291604 0.9491744637489319 556
1585110324609 0.941815972328186 557
1585110357563 0.9444575309753418 558
1585110390987 0.9477829933166504 559
1585110424123 0.9463915228843689 560
1585110457280 0.9332075119018555 561
1585110490695 0.9501414895057678 562
1585110524087 0.9465330243110657 563
1585110557290 0.9515329599380493 564
1585110590331 0.9433490037918091 565
1585110623885 0.9502829909324646 566
1585110656847 0.9445990920066833 567
1585110689826 0.9393159747123718 568
1585110722965 0.9369574785232544 569
1585110755971 0.941674530506134 570
1585110789394 0.944316029548645 571
1585110823324 0.9390329718589783 572
1585110857036 0.9382075071334839 573
1585110889960 0.952641487121582 574
1585110923258 0.9479244947433472 575
1585110956224 0.9502829909324646 576
1585110989347 0.9538914561271667 577
1585111022562 0.9490330219268799 578
1585111055363 0.9476414918899536 579
1585111088538 0.939174473285675 580
1585111122144 0.9490329623222351 581
1585111155095 0.9420990347862244 582
1585111188513 0.948065996170044 583
1585111221620 0.9455659985542297 584
1585111254682 0.9488914608955383 585
1585111288012 0.9407074451446533 586
1585111321097 0.9455659985542297 587
1585111354583 0.9490329623222351 588
1585111387827 0.9502829909324646 589
1585111420670 0.9470990896224976 590
1585111454002 0.9466744661331177 591
1585111487139 0.9487499594688416 592
1585111520682 0.9476414322853088 593
1585111554657 0.9397405385971069 594
1585111587789 0.9513915181159973 595
1585111621474 0.9402830004692078 596
1585111654508 0.9408490061759949 597
1585111687855 0.9527829885482788 598
1585111721514 0.9429244995117188 599
1585111754790 0.9502829909324646 600
1585111788368 0.9501414895057678 601
1585111821926 0.9477829933166504 602
1585111855077 0.956391453742981 603
1585111888790 0.9526414275169373 604
1585111921988 0.9433490633964539 605
1585111955343 0.9526414275169373 606
1585111988556 0.9479244947433472 607
1585112021815 0.948065996170044 608
1585112056189 0.9365329742431641 609
1585112089898 0.9479244947433472 610
1585112123092 0.9479244351387024 611
1585112156501 0.9504244327545166 612
1585112190041 0.9441744685173035 613
1585112224053 0.9513915181159973 614
1585112257439 0.9549999833106995 615
1585112290868 0.9505659937858582 616
1585112324269 0.9400235414505005 617
1585112357780 0.9488915205001831 618
1585112391256 0.945565938949585 619
1585112424648 0.9502829909324646 620
1585112458368 0.9491744637489319 621
1585112492835 0.9502829909324646 622
1585112527219 0.9416744709014893 623
1585112560772 0.9494575262069702 624
1585112596097 0.9491744041442871 625
1585112629962 0.9455659985542297 626
1585112663183 0.9395990967750549 627
1585112697656 0.9429244995117188 628
1585112731453 0.9515329599380493 629
1585112766193 0.9426414966583252 630
1585112799534 0.9529244303703308 631
1585112832902 0.9445990920066833 632
1585112866440 0.9529244899749756 633
1585112900803 0.9493160247802734 634
1585112934136 0.9530659914016724 635
1585112967443 0.955282986164093 636
1585113000738 0.9526414275169373 637
1585113034485 0.9443159699440002 638
1585113067865 0.9501414895057678 639
1585113101302 0.9488914608955383 640
1585113134474 0.9513915181159973 641
1585113167775 0.9441745281219482 642
1585113201332 0.9501414895057678 643
1585113235521 0.9323820471763611 644
1585113269717 0.9483490586280823 645
1585113303301 0.9502829909324646 646
1585113336851 0.9482074975967407 647
1585113370275 0.9507074356079102 648
1585113403925 0.9577829837799072 649
1585113437392 0.9479244351387024 650
1585113470715 0.9476414918899536 651
1585113503875 0.9541744589805603 652
1585113536969 0.9512499570846558 653
1585113571009 0.9540329575538635 654
1585113605053 0.9504244923591614 655
1585113639003 0.9577829837799072 656
1585113672534 0.9515329599380493 657
1585113706993 0.952641487121582 658
1585113740246 0.9518159627914429 659
1585113774259 0.9408490061759949 660
1585113808084 0.9504244923591614 661
1585113841493 0.9515329599380493 662
1585113875209 0.9455659985542297 663
1585113908839 0.9491745233535767 664
1585113943248 0.9499999284744263 665
1585113977414 0.9529244899749756 666
1585114012130 0.9418159127235413 667
1585114047725 0.9477829337120056 668
1585114082088 0.9529244899749756 669
1585114115410 0.9554244875907898 670
1585114148973 0.9491744637489319 671
1585114182830 0.9493159651756287 672
1585114216366 0.9529244899749756 673
1585114249672 0.9502829909324646 674
1585114283235 0.9479244947433472 675
1585114316956 0.9493159651756287 676
1585114350426 0.9488914608955383 677
1585114383662 0.958065927028656 678
1585114416752 0.952782928943634 679
1585114451055 0.9341744780540466 680
1585114484501 0.9466744661331177 681
1585114517921 0.956391453742981 682
1585114551400 0.9624999761581421 683
1585114585113 0.9507075548171997 684
1585114618531 0.9527829885482788 685
1585114652381 0.9552829265594482 686
1585114686142 0.956391453742981 687
1585114719769 0.9512499570846558 688
1585114754349 0.9530659914016724 689
1585114788433 0.9555659294128418 690
1585114822234 0.9529244303703308 691
1585114855738 0.9490330219268799 692
1585114889072 0.9482074975967407 693
1585114922286 0.9568159580230713 694
1585114956101 0.955424427986145 695
1585114989697 0.9519575834274292 696
1585115022955 0.9541744589805603 697
1585115056656 0.9577829837799072 698
1585115090021 0.9443159699440002 699
1585115124343 0.9576414227485657 700
1585115157821 0.9493159651756287 701
1585115192182 0.956391453742981 702
1585115225458 0.9468159675598145 703
1585115261476 0.9493159651756287 704
1585115295261 0.9527829885482788 705
1585115329295 0.9433490633964539 706
1585115363027 0.9422405362129211 707
1585115396404 0.9613914489746094 708
1585115429944 0.9538914561271667 709
1585115464162 0.9541745185852051 710
1585115497923 0.9505659937858582 711
1585115531404 0.9577829837799072 712
1585115564814 0.9529244899749756 713
1585115598905 0.9544575214385986 714
1585115632096 0.9480659365653992 715
1585115665710 0.9430660009384155 716
1585115699090 0.9576414823532104 717
1585115732258 0.9504244923591614 718
1585115765336 0.9393159747123718 719
1585115798755 0.9588914513587952 720
1585115832178 0.9566744565963745 721
1585115865778 0.9601414799690247 722
1585115899667 0.9565329551696777 723
1585115933212 0.9551414847373962 724
1585115967074 0.9404245018959045 725
1585116001571 0.9602829813957214 726
1585116035117 0.9615330100059509 727
1585116068557 0.9507075548171997 728
1585116102275 0.9504244327545166 729
1585116135815 0.9554244875907898 730
1585116169094 0.9616744518280029 731
1585116202936 0.952099084854126 732
1585116236417 0.9451414346694946 733
1585116271204 0.9604244828224182 734
1585116304442 0.9565329551696777 735
1585116339321 0.9555659890174866 736
1585116372815 0.9538914561271667 737
1585116406366 0.9505659937858582 738
1585116439827 0.9507075548171997 739
1585116474172 0.9577829837799072 740
1585116508754 0.9512499570846558 741
1585116542507 0.9577829837799072 742
1585116576151 0.956391453742981 743
1585116609514 0.9577829837799072 744
1585116642790 0.9599999785423279 745
1585116677103 0.9576414227485657 746
1585116711714 0.9651414752006531 747
1585116745282 0.9577829837799072 748
1585116778770 0.9551414847373962 749
1585116813688 0.9538914561271667 750
1585116847228 0.9566745162010193 751
1585116880873 0.9580659866333008 752
1585116914482 0.9538915157318115 753
1585116947822 0.9555659890174866 754
1585116980811 0.9518159627914429 755
1585117014024 0.9565330147743225 756
1585117047886 0.9504244923591614 757
1585117081497 0.9555659890174866 758
1585117115102 0.9494575262069702 759
1585117149635 0.956391453742981 760
1585117184592 0.9361320734024048 761
1585117217936 0.9588914513587952 762
1585117251665 0.9541744589805603 763
1585117285010 0.9590329527854919 764
1585117318409 0.9468159675598145 765
1585117351777 0.9551414847373962 766
1585117385672 0.9529244899749756 767
1585117418909 0.9513914585113525 768
1585117452380 0.957924485206604 769
1585117485489 0.9554244875907898 770
1585117518966 0.9495990872383118 771
1585117552139 0.9569575786590576 772
1585117585568 0.9602829813957214 773
1585117619267 0.9482074975967407 774
1585117653055 0.9637500047683716 775
1585117687140 0.9502829313278198 776
1585117720553 0.959457516670227 777
1585117753807 0.9529244899749756 778
1585117787146 0.957924485206604 779
1585117820573 0.9554244875907898 780
1585117854092 0.9518159627914429 781
1585117887598 0.955424427986145 782
1585117920778 0.95374995470047 783
1585117955264 0.948065996170044 784
1585117988653 0.9488915205001831 785
1585118022658 0.9665329456329346 786
1585118056458 0.9563915133476257 787
1585118090765 0.9576414823532104 788
1585118124397 0.9577829837799072 789
1585118159356 0.9513915181159973 790
1585118192499 0.9555659890174866 791
1585118225874 0.9568160176277161 792
1585118259579 0.9613915085792542 793
1585118293021 0.9590329527854919 794
1585118326578 0.9591745138168335 795
1585118360028 0.9558490514755249 796
1585118393748 0.9541744589805603 797
1585118426846 0.9541744589805603 798
1585118460573 0.9588914513587952 799
1585118493870 0.9576414823532104 800
1585118527557 0.9577829837799072 801
1585118561450 0.9518159627914429 802
1585118594778 0.9554244875907898 803
1585118628194 0.9613915085792542 804
1585118661682 0.9602829813957214 805
1585118695360 0.9565329551696777 806
1585118728970 0.956250011920929 807
1585118762803 0.9565330147743225 808
1585118796043 0.9577829837799072 809
1585118829746 0.9591744542121887 810
1585118863093 0.955282986164093 811
1585118896800 0.9591744542121887 812
1585118930388 0.9637499451637268 813
1585118963756 0.9590330123901367 814
1585118998232 0.9515330195426941 815
1585119031532 0.9491744637489319 816
1585119064794 0.955282986164093 817
1585119098496 0.9565329551696777 818
1585119131957 0.9527829885482788 819
1585119165196 0.9613914489746094 820
1585119199025 0.959457516670227 821
1585119233422 0.9576414823532104 822
1585119267428 0.9577829837799072 823
1585119301788 0.9516745209693909 824
1585119335277 0.9566745162010193 825
1585119368471 0.9624999165534973 826
1585119401751 0.9590329527854919 827
1585119435337 0.9459905624389648 828
1585119469014 0.9507075548171997 829
1585119502239 0.9616744518280029 830
1585119535434 0.9566745162010193 831
1585119568759 0.9613914489746094 832
1585119601890 0.9616744518280029 833
1585119635864 0.9505659937858582 834
1585119669169 0.9627829790115356 835
1585119704056 0.9576414823532104 836
1585119738127 0.9576414823532104 837
1585119771960 0.9604244232177734 838
1585119806078 0.9529244899749756 839
1585119839323 0.9577829241752625 840
1585119872976 0.9543160200119019 841
1585119906524 0.9527829885482788 842
1585119940516 0.955424427986145 843
1585119974025 0.9566744565963745 844
1585120007287 0.9520990252494812 845
1585120040657 0.9615329504013062 846
1585120073912 0.9629244804382324 847
1585120107321 0.9601414799690247 848
1585120141033 0.9518159627914429 849
1585120175236 0.9630659818649292 850
1585120208509 0.9626414775848389 851
1585120241993 0.9574999213218689 852
1585120275583 0.9601414799690247 853
1585120309188 0.9566743969917297 854
1585120342942 0.9577829241752625 855
1585120376220 0.957924485206604 856
1585120409881 0.9588914513587952 857
1585120443069 0.9555659890174866 858
1585120476811 0.9577829241752625 859
1585120510507 0.9557075500488281 860
1585120543852 0.9576414823532104 861
1585120577404 0.9665329456329346 862
1585120611074 0.9577829837799072 863
1585120644523 0.9580659866333008 864
1585120678639 0.9470990300178528 865
1585120711945 0.959457516670227 866
1585120745658 0.9615329504013062 867
1585120779361 0.9527829885482788 868
1585120812702 0.9530659317970276 869
1585120846661 0.9508490562438965 870
1585120879765 0.9604244828224182 871
1585120913272 0.9529244899749756 872
1585120946711 0.9552829265594482 873
1585120980878 0.9601414203643799 874
1585121014273 0.9552829265594482 875
1585121048520 0.9601414799690247 876
1585121081982 0.9516744613647461 877
1585121115285 0.960565984249115 878
1585121148979 0.9588914513587952 879
1585121185130 0.9544575214385986 880
1585121218618 0.9493159651756287 881
1585121252246 0.9640329480171204 882
1585121285959 0.9590330123901367 883
1585121319837 0.9626414775848389 884
1585121353021 0.9590329527854919 885
1585121386455 0.952099084854126 886
1585121420158 0.9618159532546997 887
1585121453594 0.9541744589805603 888
1585121487099 0.9638914465904236 889
1585121521682 0.9591745138168335 890
1585121554766 0.957924485206604 891
1585121588164 0.9593159556388855 892
1585121621302 0.9591744542121887 893
1585121654862 0.9547405242919922 894
1585121688472 0.9565329551696777 895
1585121721937 0.9543159604072571 896
1585121755329 0.966249942779541 897
1585121790525 0.9615329504013062 898
1585121824013 0.9577829837799072 899
1585121857779 0.9676414728164673 900
1585121891812 0.9640329480171204 901
1585121925377 0.9627829790115356 902
1585121959559 0.9543160200119019 903
1585121993891 0.9565329551696777 904
1585122027873 0.9637499451637268 905
1585122061224 0.9588914513587952 906
1585122094604 0.9615329504013062 907
1585122128172 0.9529244899749756 908
1585122161623 0.9612499475479126 909
1585122195520 0.9652829766273499 910
1585122228636 0.9629244804382324 911
1585122262214 0.9651414752006531 912
1585122295583 0.9566744565963745 913
1585122329093 0.949599027633667 914
1585122362578 0.9665330052375793 915
1585122395946 0.9627829790115356 916
1585122429261 0.957924485206604 917
1585122462874 0.9699999690055847 918
1585122496111 0.9565329551696777 919
1585122529823 0.9663915038108826 920
1585122563527 0.9629244804382324 921
1585122597562 0.957924485206604 922
1585122630787 0.9569575786590576 923
1585122664459 0.9595990777015686 924
1585122697816 0.9613915085792542 925
1585122731263 0.9630659818649292 926
1585122764585 0.9601414799690247 927
1585122797838 0.9627829790115356 928
1585122831139 0.9527829885482788 929
1585122864394 0.9579244256019592 930
1585122898094 0.9602829217910767 931
1585122931453 0.9624999761581421 932
1585122965390 0.9529244899749756 933
1585122999387 0.9588914513587952 934
1585123033101 0.9557075500488281 935
1585123066398 0.9583490490913391 936
1585123100696 0.9565329551696777 937
1585123134804 0.9699999690055847 938
1585123168110 0.9502830505371094 939
1585123201393 0.9540330171585083 940
1585123234941 0.9624999761581421 941
1585123269044 0.9627829790115356 942
1585123302331 0.9591744542121887 943
1585123336363 0.9590330123901367 944
1585123369634 0.9588914513587952 945
1585123403231 0.966249942779541 946
1585123436690 0.9637499451637268 947
1585123470871 0.956391453742981 948
1585123504193 0.9626414775848389 949
1585123537413 0.9577829837799072 950
1585123571560 0.9641744494438171 951
1585123605328 0.9577829837799072 952
1585123639177 0.9652829766273499 953
1585123673421 0.9638914465904236 954
1585123707294 0.9640329480171204 955
1585123741271 0.955282986164093 956
1585123775723 0.9674999713897705 957
1585123809009 0.9505659937858582 958
1585123842650 0.9637499451637268 959
1585123876616 0.9616744518280029 960
1585123909997 0.9588914513587952 961
1585123943754 0.9591744542121887 962
1585123977257 0.9677829742431641 963
1585124011582 0.9626414775848389 964
1585124045813 0.9591744542121887 965
1585124079424 0.9551414847373962 966
1585124112790 0.9590329527854919 967
1585124146074 0.9590330123901367 968
1585124179392 0.9651414752006531 969
1585124212786 0.9576414823532104 970
1585124246581 0.9543159604072571 971
1585124280939 0.9615329504013062 972
1585124314440 0.9663914442062378 973
1585124348310 0.9640330076217651 974
1585124381561 0.9529244899749756 975
1585124414941 0.9624999165534973 976
1585124448113 0.9641745090484619 977
1585124481116 0.9604244828224182 978
1585124513635 0.9687499403953552 979
1585124546024 0.960565984249115 980
1585124578264 0.957924485206604 981
1585124610856 0.9576414227485657 982
1585124643134 0.9590330123901367 983
1585124675507 0.9674999713897705 984
1585124707999 0.9626414775848389 985
1585124740357 0.9640329480171204 986
1585124772865 0.9601414799690247 987
1585124807499 0.9638914465904236 988
1585124840040 0.9568159580230713 989
1585124872466 0.9654244780540466 990
1585124905113 0.9566744565963745 991
1585124937518 0.9554244875907898 992
1585124970018 0.9591744542121887 993
1585125002944 0.9616745114326477 994
1585125035966 0.9629244804382324 995
1585125068457 0.9577829837799072 996
1585125101195 0.9643159508705139 997
1585125134174 0.968891441822052 998
1585125166960 0.9602829813957214 999
1585125199511 0.9641744494438171 1000
1585125232116 0.966249942779541 1001
1585125264567 0.9641744494438171 1002
1585125297129 0.9627829790115356 1003
1585125329888 0.9676414132118225 1004
1585125362173 0.9613914489746094 1005
1585125394505 0.9626414775848389 1006
1585125427187 0.9591745138168335 1007
1585125459774 0.9712499976158142 1008
1585125492427 0.9629244804382324 1009
1585125525081 0.9713914394378662 1010
1585125557659 0.9690329432487488 1011
1585125590058 0.9691745042800903 1012
1585125622891 0.9530659914016724 1013
1585125655938 0.9676414728164673 1014
1585125688417 0.9615329504013062 1015
1585125721140 0.9554244875907898 1016
1585125753670 0.9558490514755249 1017
1585125786356 0.9762499332427979 1018
1585125818878 0.9627829194068909 1019
1585125851140 0.9591744542121887 1020
1585125883666 0.9577829837799072 1021
1585125916545 0.9629244208335876 1022
1585125950267 0.9626414179801941 1023
1585125982700 0.9640329480171204 1024
1585126014918 0.9655659794807434 1025
1585126047532 0.9674999713897705 1026
1585126080249 0.9627829790115356 1027
1585126112840 0.968891441822052 1028
1585126145236 0.9690329432487488 1029
1585126178209 0.9751414060592651 1030
1585126210935 0.9566745162010193 1031
1585126243479 0.9666744470596313 1032
1585126276163 0.9533490538597107 1033
1585126308712 0.9593159556388855 1034
1585126341340 0.9665330052375793 1035
1585126373906 0.9604244232177734 1036
1585126406786 0.9676414728164673 1037
1585126440214 0.9616744518280029 1038
1585126472603 0.9640329480171204 1039
1585126505443 0.9595990180969238 1040
1585126538245 0.961957573890686 1041
1585126570903 0.959457516670227 1042
1585126603497 0.9665330052375793 1043
1585126636061 0.9641744494438171 1044
1585126669078 0.952782928943634 1045
1585126701679 0.963207483291626 1046
1585126734461 0.9593159556388855 1047
1585126767108 0.9713914394378662 1048
1585126800174 0.9568159580230713 1049
1585126832685 0.9674999713897705 1050
1585126866216 0.9702829718589783 1051
1585126898736 0.9618159532546997 1052
1585126931491 0.9641744494438171 1053
1585126964169 0.957924485206604 1054
1585126997143 0.9544575214385986 1055
1585127029733 0.9557074308395386 1056
1585127062435 0.9629244208335876 1057
1585127095146 0.963207483291626 1058
1585127127841 0.9624999761581421 1059
1585127160620 0.971391499042511 1060
1585127194162 0.9652829170227051 1061
1585127226493 0.9663914442062378 1062
1585127258628 0.9677829742431641 1063
1585127291086 0.9638915061950684 1064
1585127323434 0.9674999117851257 1065
1585127356066 0.9615330100059509 1066
1585127388620 0.9637499451637268 1067
1585127421000 0.9616745114326477 1068
1585127453646 0.9530659914016724 1069
1585127486291 0.9543159604072571 1070
1585127518750 0.9557075500488281 1071
1585127551144 0.9627829790115356 1072
1585127584586 0.9615329504013062 1073
1585127617175 0.968891441822052 1074
1585127649512 0.9495990872383118 1075
1585127682134 0.971391499042511 1076
1585127714746 0.9593159556388855 1077
1585127747286 0.9676414728164673 1078
1585127779710 0.9640330076217651 1079
1585127812052 0.9676414132118225 1080
1585127844506 0.9666744470596313 1081
1585127877281 0.9654244184494019 1082
1585127910261 0.9651414155960083 1083
1585127943178 0.9701414704322815 1084
1585127975728 0.9677829742431641 1085
1585128008349 0.960565984249115 1086
1585128040824 0.9612499475479126 1087
1585128073437 0.9586320519447327 1088
1585128105888 0.9652829766273499 1089
1585128138166 0.9568159580230713 1090
1585128171186 0.9652829170227051 1091
1585128203759 0.9687499403953552 1092
1585128239355 0.9737499356269836 1093
1585128271760 0.9665330052375793 1094
1585128304102 0.9665329456329346 1095
1585128336795 0.9680659770965576 1096
1585128369328 0.9641744494438171 1097
1585128401972 0.9701414704322815 1098
1585128434682 0.9679244756698608 1099
1585128467197 0.9638914465904236 1100
1585128499712 0.959457516670227 1101
1585128532868 0.9665329456329346 1102
1585128565513 0.9612500071525574 1103
1585128598663 0.9582074880599976 1104
1585128631269 0.9701414704322815 1105
1585128663641 0.9544575214385986 1106
1585128695964 0.9712499380111694 1107
1585128728560 0.9651414752006531 1108
1585128761203 0.9601414799690247 1109
1585128794085 0.960707426071167 1110
1585128826526 0.9497405886650085 1111
1585128858885 0.9551414251327515 1112
1585128891303 0.9638915061950684 1113
1585128924131 0.9651414752006531 1114
1585128956553 0.9649999737739563 1115
1585128990225 0.9701414704322815 1116
1585129023395 0.9665329456329346 1117
1585129056167 0.9663914442062378 1118
1585129088789 0.9630659818649292 1119
1585129121761 0.9629244804382324 1120
1585129154552 0.9640329480171204 1121
1585129187040 0.9691744446754456 1122
1585129219720 0.9687499403953552 1123
1585129252486 0.9699999690055847 1124
1585129284837 0.9669574499130249 1125
1585129317260 0.9738914966583252 1126
1585129349817 0.9649999737739563 1127
1585129382443 0.9677829742431641 1128
1585129414997 0.9651414155960083 1129
1585129447355 0.9655659198760986 1130
1585129480005 0.9629244804382324 1131
1585129512350 0.957924485206604 1132
1585129544673 0.9601414799690247 1133
1585129577063 0.9641745090484619 1134
1585129609575 0.9627829194068909 1135
1585129642243 0.9726414680480957 1136
1585129674797 0.9713914394378662 1137
1585129707345 0.9615329504013062 1138
1585129740172 0.9643160104751587 1139
1585129773225 0.9616744518280029 1140
1585129805561 0.9627829790115356 1141
1585129838027 0.9677829146385193 1142
1585129870589 0.9616744518280029 1143
1585129903665 0.9691744446754456 1144
1585129936456 0.9701414704322815 1145
1585129969631 0.9665330052375793 1146
1585130001932 0.9607075452804565 1147
1585130034843 0.9652829170227051 1148
1585130067600 0.9570990204811096 1149
1585130100015 0.9716745018959045 1150
1585130132368 0.9677829742431641 1151
1585130164934 0.9601414799690247 1152
1585130197124 0.9641744494438171 1153
1585130229850 0.9641744494438171 1154
1585130263481 0.9688915014266968 1155
1585130296056 0.9676414132118225 1156
1585130328381 0.966249942779541 1157
1585130360548 0.9651414752006531 1158
1585130393224 0.9699999094009399 1159
1585130425892 0.96875 1160
1585130458790 0.968891441822052 1161
1585130491576 0.9565329551696777 1162
1585130524143 0.968891441822052 1163
1585130556581 0.9687499403953552 1164
1585130589012 0.9599999189376831 1165
1585130621500 0.9649999737739563 1166
1585130654017 0.9640330076217651 1167
1585130686864 0.971391499042511 1168
1585130719551 0.9665330052375793 1169
1585130752762 0.9726414680480957 1170
1585130785243 0.9691744446754456 1171
1585130818986 0.9544575214385986 1172
1585130851749 0.968891441822052 1173
1585130884587 0.9702829718589783 1174
1585130916940 0.9580659866333008 1175
1585130950106 0.9674999713897705 1176
1585130982535 0.9638915061950684 1177
1585131014929 0.9602829813957214 1178
1585131047387 0.9690329432487488 1179
1585131080094 0.9665329456329346 1180
1585131112761 0.9602829813957214 1181
1585131145438 0.9690329432487488 1182
1585131178074 0.9629244804382324 1183
1585131210452 0.9701414108276367 1184
1585131242978 0.9663914442062378 1185
1585131275775 0.9651414752006531 1186
1585131308123 0.9702829718589783 1187
1585131340868 0.9688915014266968 1188
1585131373386 0.9616744518280029 1189
1585131405887 0.9627829194068909 1190
1585131438425 0.9652829766273499 1191
1585131470759 0.9601414799690247 1192
1585131503343 0.9615329504013062 1193
1585131535921 0.968891441822052 1194
1585131568564 0.9663914442062378 1195
1585131601329 0.9751414060592651 1196
1585131634111 0.9638914465904236 1197
1585131666619 0.9663914442062378 1198
1585131699062 0.9701414704322815 1199
1585131731632 0.9652829766273499 1200
1585131764468 0.9663914442062378 1201
1585131797203 0.9740329384803772 1202
1585131829495 0.9738914370536804 1203
1585131862582 0.9699999690055847 1204
1585131894638 0.9737499356269836 1205
1585131927112 0.9652829766273499 1206
1585131960519 0.9638914465904236 1207
1585131992718 0.9726414680480957 1208
1585132025264 0.9726414680480957 1209
1585132057875 0.9702829718589783 1210
1585132090273 0.9677829146385193 1211
1585132123052 0.9629244804382324 1212
1585132156305 0.9702829718589783 1213
1585132188814 0.9593160152435303 1214
1585132221294 0.957924485206604 1215
1585132253807 0.9652829766273499 1216
1585132286079 0.9601414203643799 1217
1585132318930 0.9641745090484619 1218
1585132351523 0.9701414704322815 1219
1585132384083 0.9763914346694946 1220
1585132416700 0.9799999594688416 1221
1585132450947 0.9701414704322815 1222
1585132483547 0.9638914465904236 1223
1585132516192 0.9677829742431641 1224
1585132549425 0.9690329432487488 1225
1585132582140 0.9651414752006531 1226
1585132614538 0.9676414728164673 1227
1585132647285 0.9665330052375793 1228
1585132679942 0.9690329432487488 1229
1585132712574 0.9737499356269836 1230
1585132744891 0.9701414704322815 1231
1585132778365 0.9738914370536804 1232
1585132811051 0.9608490467071533 1233
1585132843772 0.9663915038108826 1234
1585132876602 0.9691745042800903 1235
1585132909204 0.9762499332427979 1236
1585132941867 0.9749999642372131 1237
1585132974436 0.9726414084434509 1238
1585133006957 0.9704244136810303 1239
1585133039446 0.9676414132118225 1240
1585133072172 0.9630659222602844 1241
1585133104928 0.9638915061950684 1242
1585133137404 0.9738914370536804 1243
1585133170129 0.9690329432487488 1244
1585133202802 0.9691745042800903 1245
1585133235464 0.9641744494438171 1246
1585133268289 0.9677829742431641 1247
1585133300859 0.9520990252494812 1248
1585133333634 0.9738914370536804 1249
1585133366160 0.9701414704322815 1250
1585133398820 0.9690329432487488 1251
1585133431627 0.9516745209693909 1252
1585133463906 0.9765329957008362 1253
1585133496221 0.9604244828224182 1254
1585133528442 0.9676414728164673 1255
1585133561359 0.9665330052375793 1256
1585133594404 0.9654244184494019 1257
1585133627067 0.9716744422912598 1258
1585133659654 0.965707540512085 1259
1585133692024 0.9762499332427979 1260
1585133725004 0.9582074880599976 1261
1585133757703 0.9699999690055847 1262
1585133790275 0.9702829718589783 1263
1585133822874 0.9607075452804565 1264
1585133856189 0.9679244756698608 1265
1585133889835 0.9654244780540466 1266
1585133922611 0.9665330052375793 1267
1585133955443 0.971532940864563 1268
1585133988160 0.9593159556388855 1269
1585134022052 0.9676414728164673 1270
1585134054675 0.971391499042511 1271
1585134087228 0.9677829742431641 1272
1585134120323 0.9624999761581421 1273
1585134153169 0.9607075452804565 1274
1585134186803 0.968891441822052 1275
1585134219304 0.9702829122543335 1276
1585134252615 0.9726414680480957 1277
1585134286441 0.9666744470596313 1278
1585134319054 0.9677829146385193 1279
1585134351576 0.9644575119018555 1280
1585134385303 0.9690330028533936 1281
1585134417816 0.9690329432487488 1282
1585134450176 0.971532940864563 1283
1585134482908 0.9712499380111694 1284
1585134515535 0.9676414728164673 1285
1585134548070 0.9701414108276367 1286
1585134580487 0.9577829241752625 1287
1585134613198 0.9665330052375793 1288
1585134645540 0.9716745018959045 1289
1585134678153 0.9690330028533936 1290
1585134710719 0.9641744494438171 1291
1585134743404 0.9727829694747925 1292
1585134775958 0.9616744518280029 1293
1585134808652 0.9676414728164673 1294
1585134841677 0.9751414656639099 1295
1585134874250 0.9718160033226013 1296
1585134906633 0.9702829718589783 1297
1585134939512 0.9712499380111694 1298
1585134972483 0.9629244804382324 1299
1585135005075 0.9679244756698608 1300
1585135038604 0.9701414704322815 1301
1585135071221 0.9690329432487488 1302
1585135105089 0.9707075357437134 1303
1585135137806 0.9690329432487488 1304
1585135170310 0.9687499403953552 1305
1585135203186 0.9724999070167542 1306
1585135235901 0.960707426071167 1307
1585135268484 0.9629244804382324 1308
1585135301136 0.9608490467071533 1309
1585135333672 0.9629244208335876 1310
1585135366551 0.9715330004692078 1311
1585135399857 0.9701414704322815 1312
1585135432549 0.9590329527854919 1313
1585135465188 0.9665329456329346 1314
1585135497961 0.9690329432487488 1315
1585135530595 0.9727829694747925 1316
1585135563196 0.9751414656639099 1317
1585135595573 0.960565984249115 1318
1585135628129 0.9690330028533936 1319
1585135661152 0.9616744518280029 1320
1585135694740 0.9588915109634399 1321
1585135727576 0.971391499042511 1322
1585135760411 0.9666744470596313 1323
1585135793211 0.9716745018959045 1324
1585135827102 0.9713914394378662 1325
1585135859819 0.9713914394378662 1326
1585135892568 0.9663914442062378 1327
1585135925163 0.9693160057067871 1328
1585135957748 0.9690329432487488 1329
1585135990198 0.965707540512085 1330
1585136022853 0.9665330052375793 1331
1585136055155 0.9699999690055847 1332
1585136088099 0.9729244709014893 1333
1585136120589 0.9627829790115356 1334
1585136153466 0.9665330052375793 1335
1585136186213 0.9643159508705139 1336
1585136218710 0.966249942779541 1337
1585136251585 0.9654244780540466 1338
1585136284594 0.9727829694747925 1339
1585136317162 0.9751414656639099 1340
1585136350492 0.9666745066642761 1341
1585136382933 0.9713914394378662 1342
1585136415849 0.974174439907074 1343
1585136449174 0.9701414704322815 1344
1585136481688 0.9691744446754456 1345
1585136514780 0.9674999713897705 1346
1585136547746 0.9749999642372131 1347
1585136580418 0.9630659818649292 1348
1585136613028 0.9713914394378662 1349
1585136645699 0.9641744494438171 1350
1585136678341 0.9604244828224182 1351
1585136710916 0.9702829122543335 1352
1585136743510 0.9718159437179565 1353
1585136776549 0.963066041469574 1354
1585136808989 0.9713914394378662 1355
1585136841678 0.9680659770965576 1356
1585136874305 0.9663914442062378 1357
1585136906914 0.9630659818649292 1358
1585136939514 0.9665330052375793 1359
1585136972737 0.9701414704322815 1360
1585137005165 0.9690329432487488 1361
1585137037920 0.9702829718589783 1362
1585137070607 0.9583490490913391 1363
1585137103352 0.9751414656639099 1364
1585137136306 0.9691744446754456 1365
1585137169031 0.9652829170227051 1366
1585137201593 0.9726414680480957 1367
1585137234015 0.9655659794807434 1368
1585137266588 0.9727829694747925 1369
1585137299084 0.9690329432487488 1370
1585137331583 0.9641744494438171 1371
1585137364365 0.9765329360961914 1372
1585137397204 0.9690329432487488 1373
1585137429857 0.9741744995117188 1374
1585137462569 0.9702829718589783 1375
1585137495092 0.9655659794807434 1376
1585137527664 0.9629244804382324 1377
1585137560462 0.971532940864563 1378
1585137593546 0.9559905529022217 1379
1585137625965 0.9693159461021423 1380
1585137658713 0.9701414704322815 1381
1585137691510 0.9701414704322815 1382
1585137724499 0.9701414108276367 1383
1585137757253 0.9693160057067871 1384
1585137789694 0.9699999690055847 1385
1585137822010 0.971532940864563 1386
1585137854852 0.9776414632797241 1387
1585137887980 0.971391499042511 1388
1585137920628 0.9691744446754456 1389
1585137953427 0.9726414680480957 1390
1585137986020 0.9699999690055847 1391
1585138019003 0.9701414704322815 1392
1585138051810 0.9702829718589783 1393
1585138084364 0.9701415300369263 1394
1585138116677 0.9652829766273499 1395
1585138149737 0.9751414656639099 1396
1585138182434 0.9751415252685547 1397
1585138215200 0.970424473285675 1398
1585138247851 0.9738914370536804 1399
1585138280449 0.9679244756698608 1400
1585138313163 0.9749999642372131 1401
1585138346169 0.9727829694747925 1402
1585138378803 0.9663914442062378 1403
1585138412661 0.9751414656639099 1404
1585138445327 0.9626414775848389 1405
1585138477807 0.9749999046325684 1406
1585138510529 0.9690329432487488 1407
1585138543043 0.9643160104751587 1408
1585138575888 0.970283031463623 1409
1585138608560 0.9682074785232544 1410
1585138641154 0.974032998085022 1411
1585138673592 0.971391499042511 1412
1585138706434 0.9663914442062378 1413
1585138738761 0.9738914966583252 1414
1585138771790 0.9677829146385193 1415
1585138804221 0.9713914394378662 1416
1585138836752 0.9704244136810303 1417
1585138869401 0.9724999666213989 1418
1585138902437 0.9713914394378662 1419
1585138935341 0.9751414656639099 1420
1585138967758 0.9701414108276367 1421
1585139000355 0.9694575071334839 1422
1585139033055 0.9724999070167542 1423
1585139065585 0.9713914394378662 1424
1585139098236 0.9752829074859619 1425
1585139130840 0.9716744422912598 1426
1585139163791 0.9687499403953552 1427
1585139196483 0.9680659770965576 1428
1585139228960 0.9615329504013062 1429
1585139261720 0.9676414728164673 1430
1585139294792 0.9679244756698608 1431
1585139327463 0.9693159461021423 1432
1585139360299 0.9652829766273499 1433
1585139392892 0.9738914370536804 1434
1585139426670 0.9726414680480957 1435
1585139459183 0.970424473285675 1436
1585139491668 0.9752829670906067 1437
1585139524430 0.974032998085022 1438
1585139557044 0.9751414060592651 1439
1585139589738 0.9751414656639099 1440
1585139622159 0.9726414680480957 1441
1585139654763 0.9693159461021423 1442
1585139687572 0.970424473285675 1443
1585139720444 0.9712499380111694 1444
1585139753159 0.9702829718589783 1445
1585139785646 0.9690330028533936 1446
1585139818297 0.968891441822052 1447
1585139851116 0.9715330004692078 1448
1585139883727 0.971391499042511 1449
1585139916387 0.9677829742431641 1450
1585139948859 0.974032998085022 1451
1585139981415 0.971532940864563 1452
1585140014344 0.9652829766273499 1453
1585140047126 0.9677829742431641 1454
1585140079871 0.9726414680480957 1455
1585140112623 0.9629244804382324 1456
1585140146529 0.9638913869857788 1457
1585140179057 0.9679244756698608 1458
1585140211399 0.9752830266952515 1459
1585140243896 0.9691745042800903 1460
1585140276841 0.9751414656639099 1461
1585140309582 0.970424473285675 1462
1585140342083 0.9702829718589783 1463
1585140375142 0.9738914370536804 1464
1585140407585 0.974032998085022 1465
1585140440271 0.9677829742431641 1466
1585140472653 0.9643160104751587 1467
1585140505246 0.9712499380111694 1468
1585140537887 0.9644575119018555 1469
1585140570294 0.9726415276527405 1470
1585140603000 0.9677829742431641 1471
1585140635436 0.9691745042800903 1472
1585140669152 0.9701414704322815 1473
1585140701909 0.9649999737739563 1474
1585140734778 0.9645990133285522 1475
1585140767508 0.9627829194068909 1476
1585140799981 0.968891441822052 1477
1585140832969 0.9738914370536804 1478
1585140868800 0.9762499332427979 1479
1585140901281 0.971532940864563 1480
1585140933878 0.9762499332427979 1481
1585140966685 0.968891441822052 1482
1585140999291 0.9683489799499512 1483
1585141031775 0.9643159508705139 1484
1585141064397 0.9738914966583252 1485
1585141097513 0.974032998085022 1486
1585141132178 0.9749999642372131 1487
1585141165047 0.9666744470596313 1488
1585141197777 0.9754244685173035 1489
1585141230718 0.971532940864563 1490
1585141263308 0.9677829742431641 1491
1585141295859 0.9713914394378662 1492
1585141328581 0.9691744446754456 1493
1585141361106 0.9738914966583252 1494
1585141393744 0.9657074213027954 1495
1585141426394 0.9729244709014893 1496
1585141458861 0.968891441822052 1497
1585141491366 0.9676414728164673 1498
1585141523960 0.9669575691223145 1499
1585141556468 0.9712499380111694 1500
