1585091756115 0.28348657488822937 0
1585091789694 0.42678162455558777 1
1585091823028 0.6142145395278931 2
1585091856499 0.67954021692276 3
1585091889656 0.676436722278595 4
1585091922755 0.6772413849830627 5
1585091955900 0.677241325378418 6
1585091989124 0.6796551942825317 7
1585092022418 0.676436722278595 8
1585092055240 0.6812644004821777 9
1585092088045 0.6756321787834167 10
1585092121364 0.680766224861145 11
1585092154569 0.6963217854499817 12
1585092187935 0.6991570591926575 13
1585092221356 0.7262069582939148 14
1585092254576 0.7579310536384583 15
1585092288150 0.7760153412818909 16
1585092321838 0.7924520969390869 17
1585092354954 0.7950958013534546 18
1585092388237 0.8160919547080994 19
1585092421710 0.802758514881134 20
1585092454820 0.8111494183540344 21
1585092488315 0.8068199157714844 22
1585092521429 0.8139846920967102 23
1585092554452 0.8286207318305969 24
1585092587758 0.8216474652290344 25
1585092620700 0.8154788613319397 26
1585092655138 0.8119539618492126 27
1585092688580 0.8252873420715332 28
1585092721826 0.8254788517951965 29
1585092755031 0.8243677616119385 30
1585092788067 0.8354789018630981 31
1585092821156 0.8285440802574158 32
1585092854515 0.8259003758430481 33
1585092887726 0.8475095629692078 34
1585092920711 0.8480076789855957 35
1585092953927 0.8368965983390808 36
1585092987550 0.8421455025672913 37
1585093020743 0.8423755168914795 38
1585093054356 0.8568965792655945 39
1585093087358 0.842260479927063 40
1585093120327 0.8531800508499146 41
1585093153677 0.8519539833068848 42
1585093187539 0.8496168255805969 43
1585093221217 0.8630651235580444 44
1585093254534 0.8495402336120605 45
1585093289579 0.8539846539497375 46
1585093323340 0.8460920453071594 47
1585093357326 0.8472030758857727 48
1585093390391 0.8629501461982727 49
1585093423506 0.8613409996032715 50
1585093457926 0.8768965601921082 51
1585093491155 0.8460919857025146 52
1585093524349 0.8699234127998352 53
1585093557570 0.8665899634361267 54
1585093591389 0.8583141565322876 55
1585093624616 0.8652873635292053 56
1585093657922 0.8681992292404175 57
1585093691241 0.8713410496711731 58
1585093724312 0.8777011036872864 59
1585093757485 0.8726437091827393 60
1585093791242 0.8804214596748352 61
1585093824797 0.8737547993659973 62
1585093858067 0.8619540333747864 63
1585093891395 0.8699234127998352 64
1585093924665 0.8802298903465271 65
1585093957734 0.8775861859321594 66
1585093990824 0.8781991600990295 67
1585094023886 0.873869776725769 68
1585094057486 0.8751723766326904 69
1585094091016 0.8794253468513489 70
1585094124199 0.8810345530509949 71
1585094157480 0.8799232840538025 72
1585094190848 0.8891187310218811 73
1585094224107 0.8824520707130432 74
1585094257750 0.8819540143013 75
1585094290663 0.8883141279220581 76
1585094324712 0.8846743702888489 77
1585094357868 0.8878927230834961 78
1585094391614 0.888007640838623 79
1585094424955 0.8970881700515747 80
1585094458575 0.883678138256073 81
1585094491638 0.8802298903465271 82
1585094524615 0.867241382598877 83
1585094557484 0.8980076313018799 84
1585094590725 0.8918390274047852 85
1585094623810 0.889616847038269 86
1585094657507 0.8957854509353638 87
1585094691130 0.9012260437011719 88
1585094724051 0.8980076313018799 89
1585094757544 0.8959770202636719 90
1585094791033 0.9020306468009949 91
1585094823950 0.8988121747970581 92
1585094857121 0.9005363583564758 93
1585094890428 0.90141761302948 94
1585094923515 0.9113409519195557 95
1585094956487 0.9126436710357666 96
1585094989420 0.9164751172065735 97
1585095022576 0.9032566547393799 98
1585095055494 0.9086973667144775 99
1585095088425 0.9109194874763489 100
1585095121534 0.9083908200263977 101
1585095154818 0.9086973667144775 102
1585095188648 0.9121456146240234 103
1585095221732 0.9126436710357666 104
1585095255062 0.9105363488197327 105
1585095288325 0.9134482145309448 106
1585095321434 0.9010344743728638 107
1585095355075 0.9070881009101868 108
1585095387995 0.9126436710357666 109
1585095421055 0.9045593738555908 110
1585095454118 0.9180076718330383 111
1585095488399 0.9135631918907166 112
1585095521530 0.8999233245849609 113
1585095554479 0.9204214215278625 114
1585095587419 0.9142528176307678 115
1585095620724 0.9081991910934448 116
1585095653933 0.9178926944732666 117
1585095687567 0.8965900540351868 118
1585095720675 0.9124520421028137 119
1585095753795 0.9215325117111206 120
1585095787238 0.9195018410682678 121
1585095820691 0.9054788947105408 122
1585095854252 0.9148659110069275 123
1585095887380 0.9185057878494263 124
1585095920782 0.9107279181480408 125
1585095954189 0.9250574111938477 126
1585095987551 0.9223371148109436 127
1585096020685 0.9151724576950073 128
1585096054029 0.9301148653030396 129
1585096087549 0.9153640866279602 130
1585096120630 0.9049807786941528 131
1585096153750 0.9216474890708923 132
1585096186898 0.9045976996421814 133
1585096220001 0.9096168875694275 134
1585096253178 0.9190037846565247 135
1585096286429 0.9185057878494263 136
1585096319504 0.9209195375442505 137
1585096352708 0.9098083972930908 138
1585096385942 0.9204214215278625 139
1585096419391 0.9220305681228638 140
1585096452356 0.9337548017501831 141
1585096485596 0.9272797107696533 142
1585096519171 0.9167815446853638 143
1585096552194 0.9259769916534424 144
1585096585344 0.9290038347244263 145
1585096618510 0.9256704449653625 146
1585096651762 0.9190037846565247 147
1585096684955 0.9172029495239258 148
1585096717978 0.91379314661026 149
1585096750870 0.9202299118041992 150
1585096784096 0.9283908009529114 151
1585096817578 0.9314175844192505 152
1585096850399 0.9321455359458923 153
1585096883596 0.9286972880363464 154
1585096916955 0.9167815446853638 155
1585096950196 0.9193102717399597 156
1585096983249 0.9234482645988464 157
1585097016625 0.9334482550621033 158
1585097049839 0.9145593643188477 159
1585097083937 0.9350574612617493 160
1585097116928 0.9312260150909424 161
1585097150513 0.931839108467102 162
1585097184076 0.933141827583313 163
1585097217134 0.9264751076698303 164
1585097250912 0.9323371052742004 165
1585097283926 0.932643711566925 166
1585097317061 0.9337548017501831 167
1585097351219 0.9345592856407166 168
1585097385308 0.937088131904602 169
1585097418060 0.9290038347244263 170
1585097451643 0.9315325617790222 171
1585097485143 0.9320305585861206 172
1585097518086 0.9329502582550049 173
1585097551787 0.9253638386726379 174
1585097584932 0.933946430683136 175
1585097617921 0.9361685514450073 176
1585097651092 0.9298084378242493 177
1585097684331 0.9230650663375854 178
1585097717495 0.9194252490997314 179
1585097750610 0.9315325617790222 180
1585097784473 0.9272797107696533 181
1585097817645 0.9393103122711182 182
1585097850646 0.9229502081871033 183
1585097883769 0.9348659515380859 184
1585097916929 0.9293102622032166 185
1585097950306 0.9359768629074097 186
1585097984181 0.9351723790168762 187
1585098017232 0.932643711566925 188
1585098050384 0.9312260150909424 189
1585098083316 0.9334482550621033 190
1585098116327 0.9273945689201355 191
1585098149715 0.9372795820236206 192
1585098182617 0.9380843043327332 193
1585098215987 0.9480841755867004 194
1585098249371 0.9380843043327332 195
1585098282362 0.9401148557662964 196
1585098315670 0.9286972880363464 197
1585098350179 0.9299998879432678 198
1585098383512 0.9337548017501831 199
1585098416556 0.9345592856407166 200
1585098449721 0.943141758441925 201
1585098483007 0.9283908009529114 202
1585098516588 0.937892735004425 203
1585098549699 0.9488887786865234 204
1585098582746 0.9309195280075073 205
1585098615872 0.943141758441925 206
1585098649315 0.932643711566925 207
1585098682579 0.9401148557662964 208
1585098715945 0.9375861287117004 209
1585098749053 0.9393103122711182 210
1585098782208 0.9356704354286194 211
1585098815421 0.939195454120636 212
1585098848896 0.9391953349113464 213
1585098882498 0.9245594143867493 214
1585098915644 0.9409195780754089 215
1585098948613 0.9373945593833923 216
1585098981799 0.9412260055541992 217
1585099014834 0.938390851020813 218
1585099048020 0.94283527135849 219
1585099080930 0.9265899658203125 220
1585099114005 0.942337155342102 221
1585099146960 0.9453639984130859 222
1585099179939 0.947586178779602 223
1585099213249 0.9390038251876831 224
1585099246499 0.9359769821166992 225
1585099279403 0.9491954445838928 226
1585099312500 0.9332566857337952 227
1585099345572 0.9356704354286194 228
1585099378887 0.9340612888336182 229
1585099411908 0.9340612888336182 230
1585099445199 0.9464750289916992 231
1585099478414 0.9367815852165222 232
1585099511493 0.9393103122711182 233
1585099545816 0.9386972784996033 234
1585099579135 0.9456704258918762 235
1585099612431 0.9434483051300049 236
1585099645425 0.9437548518180847 237
1585099678885 0.938007652759552 238
1585099712063 0.943639874458313 239
1585099745089 0.9345592856407166 240
1585099778284 0.9417241215705872 241
1585099811488 0.9386972784996033 242
1585099846169 0.9434483051300049 243
1585099879873 0.9414175748825073 244
1585099913200 0.9459770321846008 245
1585099946683 0.9514176249504089 246
1585099979713 0.947586178779602 247
1585100012530 0.9461686015129089 248
1585100046448 0.9331417083740234 249
1585100079464 0.9458620548248291 250
1585100112404 0.950114905834198 251
1585100145727 0.937088131904602 252
1585100179104 0.9470880627632141 253
1585100212203 0.9506130218505859 254
1585100245111 0.9456704258918762 255
1585100278311 0.9417241215705872 256
1585100311365 0.9490037560462952 257
1585100344661 0.9268965125083923 258
1585100377942 0.9503064751625061 259
1585100411024 0.9437547326087952 260
1585100443953 0.9420306086540222 261
1585100477684 0.9270880222320557 262
1585100511260 0.9414175748825073 263
1585100544783 0.95333331823349 264
1585100578004 0.954559326171875 265
1585100611372 0.9498084187507629 266
1585100644484 0.947586178779602 267
1585100677653 0.9498084187507629 268
1585100710884 0.9409194588661194 269
1585100744257 0.946781575679779 270
1585100777408 0.9544444680213928 271
1585100810743 0.936896562576294 272
1585100843895 0.9564750790596008 273
1585100877354 0.95333331823349 274
1585100910935 0.9456704258918762 275
1585100944196 0.9393103122711182 276
1585100977156 0.9454788565635681 277
1585101010327 0.9385057091712952 278
1585101043205 0.9385057091712952 279
1585101076268 0.947586178779602 280
1585101109238 0.9450574517250061 281
1585101142383 0.9504214525222778 282
1585101175709 0.9450574517250061 283
1585101209059 0.9506130218505859 284
1585101242024 0.9470880627632141 285
1585101276126 0.9442528486251831 286
1585101309376 0.952030599117279 287
1585101342314 0.9399232864379883 288
1585101375919 0.9490037560462952 289
1585101409235 0.9464750289916992 290
1585101442561 0.9404214024543762 291
1585101476094 0.9447509050369263 292
1585101509695 0.945555567741394 293
1585101542781 0.9531416296958923 294
1585101575823 0.9591953754425049 295
1585101608953 0.9461686015129089 296
1585101641986 0.9564750790596008 297
1585101675158 0.9442528486251831 298
1585101708177 0.941532552242279 299
1585101741351 0.9550573825836182 300
1585101774401 0.948505699634552 301
1585101807492 0.9434481859207153 302
1585101841099 0.9439463019371033 303
1585101874191 0.9401148557662964 304
1585101907578 0.957279622554779 305
1585101940656 0.9547508955001831 306
1585101973921 0.955363929271698 307
1585102006958 0.94808429479599 308
1585102040636 0.940842866897583 309
1585102074155 0.9490037560462952 310
1585102107621 0.946781575679779 311
1585102141115 0.9443677067756653 312
1585102174832 0.9542527794837952 313
1585102208004 0.957279622554779 314
1585102241305 0.952030599117279 315
1585102274553 0.957279622554779 316
1585102307740 0.9567815065383911 317
1585102341336 0.949310302734375 318
1585102374644 0.949310302734375 319
1585102408333 0.9569731950759888 320
1585102441438 0.9561685919761658 321
1585102474583 0.9564750790596008 322
1585102507649 0.9495018720626831 323
1585102540675 0.953639805316925 324
1585102573953 0.9495018720626831 325
1585102607109 0.9586971998214722 326
1585102640272 0.954559326171875 327
1585102673222 0.9550574421882629 328
1585102706110 0.9509194493293762 329
1585102739551 0.9595018029212952 330
1585102772848 0.9539463520050049 331
1585102806147 0.9544444680213928 332
1585102839394 0.952835202217102 333
1585102872436 0.957279622554779 334
1585102905634 0.9601148962974548 335
1585102938985 0.9340612888336182 336
1585102972430 0.9459770321846008 337
1585103005428 0.9446743130683899 338
1585103039144 0.946781575679779 339
1585103072407 0.9469731450080872 340
1585103105505 0.9437547326087952 341
1585103138751 0.9591953754425049 342
1585103172169 0.9558620452880859 343
1585103205440 0.9490037560462952 344
1585103239123 0.958084225654602 345
1585103272420 0.9334866404533386 346
1585103305848 0.955363929271698 347
1585103339256 0.958084225654602 348
1585103372815 0.9506130218505859 349
1585103405964 0.9548659920692444 350
1585103439363 0.9628351926803589 351
1585103473086 0.9606130719184875 352
1585103506062 0.9556704759597778 353
1585103539213 0.9556704759597778 354
1585103572543 0.9469731450080872 355
1585103605764 0.9512260556221008 356
1585103638971 0.9636397957801819 357
1585103672678 0.9664750695228577 358
1585103705888 0.9647509455680847 359
1585103739059 0.965057373046875 360
1585103772139 0.957279622554779 361
1585103805246 0.9591953754425049 362
1585103838620 0.9653639197349548 363
1585103871928 0.9561685919761658 364
1585103905452 0.9542527794837952 365
1585103938544 0.9512260556221008 366
1585103971471 0.9669731259346008 367
1585104004801 0.959003746509552 368
1585104038053 0.9572797417640686 369
1585104070908 0.9495018720626831 370
1585104103826 0.9617241024971008 371
1585104136820 0.943256676197052 372
1585104174318 0.9647509455680847 373
1585104207971 0.960612952709198 374
1585104240972 0.958084225654602 375
1585104274639 0.958888828754425 376
1585104308633 0.9515326023101807 377
1585104341876 0.9586971998214722 378
1585104375562 0.9583907723426819 379
1585104410068 0.958084225654602 380
1585104443126 0.9542528986930847 381
1585104477496 0.9639463424682617 382
1585104510827 0.9586973190307617 383
1585104543725 0.9714175462722778 384
1585104576817 0.9561684727668762 385
1585104609822 0.9639463424682617 386
1585104642867 0.955363929271698 387
1585104677050 0.9617241024971008 388
1585104710295 0.9636397957801819 389
1585104743621 0.9498083591461182 390
1585104776704 0.954559326171875 391
1585104809904 0.9558620452880859 392
1585104843499 0.9599999189376831 393
1585104876534 0.9606130719184875 394
1585104909696 0.963141679763794 395
1585104942928 0.9639463424682617 396
1585104977088 0.9578927159309387 397
1585105010172 0.9575861692428589 398
1585105043406 0.9558620452880859 399
1585105076538 0.9655554890632629 400
1585105109385 0.9539463520050049 401
1585105142581 0.9543677568435669 402
1585105175560 0.959808349609375 403
1585105208448 0.9647509455680847 404
1585105241609 0.9647509455680847 405
1585105274613 0.9542528986930847 406
1585105307940 0.9555554986000061 407
1585105341040 0.9547510147094727 408
1585105374142 0.957892656326294 409
1585105407519 0.9658620953559875 410
1585105442512 0.9569731950759888 411
1585105476181 0.9695019125938416 412
1585105509917 0.951839029788971 413
1585105543309 0.9675862193107605 414
1585105576431 0.9593103528022766 415
1585105609550 0.9598084688186646 416
1585105642598 0.9593103528022766 417
1585105675674 0.9686972498893738 418
1585105709042 0.9509194493293762 419
1585105742545 0.9653639197349548 420
1585105775820 0.967777669429779 421
1585105808743 0.9617241024971008 422
1585105843761 0.9706130623817444 423
1585105877043 0.959808349609375 424
1585105910298 0.962337076663971 425
1585105943288 0.9612259268760681 426
1585105976654 0.959808349609375 427
1585106009834 0.959808349609375 428
1585106042935 0.9699999690055847 429
1585106075774 0.9698083996772766 430
1585106109052 0.9604213833808899 431
1585106142256 0.9526436924934387 432
1585106175284 0.9661685228347778 433
1585106208473 0.9648658037185669 434
1585106241622 0.9655554294586182 435
1585106275049 0.9645593762397766 436
1585106308665 0.959003746509552 437
1585106342434 0.9580843448638916 438
1585106375677 0.9628351926803589 439
1585106408839 0.9603064656257629 440
1585106442749 0.9542528986930847 441
1585106475813 0.9593103528022766 442
1585106509028 0.9591953754425049 443
1585106542215 0.9578927159309387 444
1585106575834 0.957279622554779 445
1585106609121 0.9634482264518738 446
1585106642712 0.9634482264518738 447
1585106676110 0.9612260460853577 448
1585106709508 0.9618390202522278 449
1585106742892 0.9547508955001831 450
1585106776112 0.9669731855392456 451
1585106809213 0.965861976146698 452
1585106843485 0.9653639197349548 453
1585106877078 0.9617241621017456 454
1585106910167 0.9703065156936646 455
1585106943799 0.9648658037185669 456
1585106977452 0.9639462232589722 457
1585107011684 0.9583907723426819 458
1585107044662 0.9595019221305847 459
1585107077872 0.9678926467895508 460
1585107111210 0.9636397957801819 461
1585107144080 0.9625287652015686 462
1585107177172 0.962337076663971 463
1585107210500 0.9612259268760681 464
1585107243583 0.959003746509552 465
1585107276696 0.9580843448638916 466
1585107310019 0.9639463424682617 467
1585107344271 0.9636399149894714 468
1585107377228 0.946590006351471 469
1585107410499 0.9634482264518738 470
1585107443585 0.9655554890632629 471
1585107476623 0.9683907628059387 472
1585107509925 0.9658620953559875 473
1585107543534 0.9607279300689697 474
1585107576951 0.9593103528022766 475
1585107610099 0.9758620858192444 476
1585107643553 0.9634482264518738 477
1585107676862 0.9626436233520508 478
1585107710746 0.965057373046875 479
1585107744547 0.9714175462722778 480
1585107778872 0.9637547731399536 481
1585107813159 0.9680842161178589 482
1585107846411 0.9423754215240479 483
1585107879934 0.9530651569366455 484
1585107913526 0.9550574421882629 485
1585107946954 0.964252769947052 486
1585107980190 0.9599999189376831 487
1585108013420 0.9691953659057617 488
1585108046443 0.9686973690986633 489
1585108079708 0.965057373046875 490
1585108112712 0.9609194993972778 491
1585108145625 0.9672796726226807 492
1585108179277 0.952030599117279 493
1585108212518 0.9688888192176819 494
1585108245438 0.9653639197349548 495
1585108278868 0.9701148271560669 496
1585108312218 0.9706130623817444 497
1585108345304 0.9747509360313416 498
1585108378510 0.9653639197349548 499
1585108411466 0.957279622554779 500
1585108446009 0.9725286960601807 501
1585108479031 0.9564750790596008 502
1585108512267 0.962337076663971 503
1585108546318 0.9703065156936646 504
1585108579333 0.967777669429779 505
1585108612712 0.962337076663971 506
1585108646563 0.9658620953559875 507
1585108679618 0.9639463424682617 508
1585108712766 0.9656704068183899 509
1585108745853 0.9680842161178589 510
1585108779233 0.9706129431724548 511
1585108813443 0.9653639197349548 512
1585108846534 0.9601148962974548 513
1585108879623 0.9733332395553589 514
1585108912830 0.9561685919761658 515
1585108945823 0.9645593762397766 516
1585108979009 0.9686972498893738 517
1585109012869 0.9661685228347778 518
1585109046075 0.9637547731399536 519
1585109079284 0.9575861692428589 520
1585109112656 0.9653639197349548 521
1585109145906 0.9459769129753113 522
1585109179267 0.9725287556648254 523
1585109212592 0.9656704664230347 524
1585109245775 0.9656704068183899 525
1585109278942 0.9645593762397766 526
1585109311867 0.9703065156936646 527
1585109346834 0.9709194898605347 528
1585109379804 0.966781497001648 529
1585109412836 0.974750816822052 530
1585109446236 0.9678926467895508 531
1585109479330 0.958888828754425 532
1585109512830 0.9717240929603577 533
1585109546120 0.9564750790596008 534
1585109579415 0.9706129431724548 535
1585109613682 0.9714176654815674 536
1585109646646 0.962337076663971 537
1585109680224 0.9686972498893738 538
1585109713628 0.9658620953559875 539
1585109746970 0.9714176654815674 540
1585109780165 0.954559326171875 541
1585109813672 0.957279622554779 542
1585109846871 0.9706130623817444 543
1585109879825 0.9596168994903564 544
1585109913126 0.9656704068183899 545
1585109946402 0.9656704664230347 546
1585109979615 0.9714176654815674 547
1585110012732 0.9669731259346008 548
1585110046837 0.9628351926803589 549
1585110079933 0.9639463424682617 550
1585110113332 0.9717240929603577 551
1585110146747 0.9766665697097778 552
1585110179696 0.9709194898605347 553
1585110213726 0.9620305299758911 554
1585110246943 0.9664749503135681 555
1585110280067 0.9612260460853577 556
1585110312978 0.975555419921875 557
1585110345939 0.9753639698028564 558
1585110379325 0.9706129431724548 559
1585110412566 0.9611110687255859 560
1585110445716 0.9680843353271484 561
1585110478868 0.9618390202522278 562
1585110512517 0.9658620953559875 563
1585110545623 0.9695019125938416 564
1585110578651 0.9717240929603577 565
1585110612050 0.9747509360313416 566
1585110645332 0.9661685228347778 567
1585110678268 0.9632566571235657 568
1585110711368 0.9664750695228577 569
1585110744402 0.9609194993972778 570
1585110777609 0.9714176654815674 571
1585110810709 0.957279622554779 572
1585110845495 0.9669731259346008 573
1585110878396 0.9728352427482605 574
1585110911428 0.9680842161178589 575
1585110944661 0.9725287556648254 576
1585110977730 0.9717240929603577 577
1585111010901 0.9725286960601807 578
1585111043857 0.9728352427482605 579
1585111076852 0.9648659229278564 580
1585111110400 0.9678926467895508 581
1585111143558 0.9670880436897278 582
1585111176703 0.967777669429779 583
1585111209958 0.9672796726226807 584
1585111243097 0.969501793384552 585
1585111276437 0.9514176249504089 586
1585111309482 0.9747509360313416 587
1585111342866 0.9714176654815674 588
1585111376261 0.9750574231147766 589
1585111409117 0.9769731163978577 590
1585111442150 0.9803065061569214 591
1585111475442 0.9629501700401306 592
1585111508518 0.9706129431724548 593
1585111542974 0.9747509360313416 594
1585111576203 0.964252769947052 595
1585111609729 0.9567815065383911 596
1585111642916 0.9691953659057617 597
1585111676075 0.962337076663971 598
1585111709825 0.9683907628059387 599
1585111743143 0.9658620953559875 600
1585111776381 0.9720306396484375 601
1585111810249 0.9747509360313416 602
1585111843438 0.9656704068183899 603
1585111876773 0.9728352427482605 604
1585111910320 0.9775860905647278 605
1585111943624 0.9707279205322266 606
1585111976928 0.9717240929603577 607
1585112010044 0.9734482169151306 608
1585112044463 0.969501793384552 609
1585112078209 0.9698083996772766 610
1585112111449 0.969501793384552 611
1585112144638 0.9753639698028564 612
1585112178309 0.9733333587646484 613
1585112212309 0.9623371958732605 614
1585112245750 0.9744443893432617 615
1585112279054 0.9736397862434387 616
1585112312601 0.9795018434524536 617
1585112346136 0.9736397862434387 618
1585112379439 0.9666666388511658 619
1585112412861 0.9706129431724548 620
1585112446421 0.9739463925361633 621
1585112480206 0.9725287556648254 622
1585112514610 0.9554789066314697 623
1585112548973 0.9822222590446472 624
1585112584096 0.9791954159736633 625
1585112618303 0.9758619666099548 626
1585112651453 0.9750574231147766 627
1585112685599 0.9683907628059387 628
1585112719608 0.9814176559448242 629
1585112753928 0.9725286960601807 630
1585112787888 0.9644444584846497 631
1585112821238 0.9680842161178589 632
1585112854640 0.9634482264518738 633
1585112888984 0.9706129431724548 634
1585112922318 0.9750574231147766 635
1585112955652 0.9614176154136658 636
1585112988989 0.9701149463653564 637
1585113022779 0.9753639698028564 638
1585113056024 0.9744445085525513 639
1585113089588 0.9769732356071472 640
1585113122746 0.975555419921875 641
1585113155956 0.9714176654815674 642
1585113189500 0.9742528200149536 643
1585113223728 0.9678926467895508 644
1585113257309 0.9698083996772766 645
1585113291656 0.9686972498893738 646
1585113325039 0.9698083996772766 647
1585113358651 0.9772796630859375 648
1585113391924 0.9750574827194214 649
1585113425592 0.9733333587646484 650
1585113458877 0.9725286960601807 651
1585113492262 0.9764750003814697 652
1585113525320 0.9655554890632629 653
1585113559004 0.9725286960601807 654
1585113592806 0.9648659229278564 655
1585113627122 0.9795018434524536 656
1585113660585 0.975555419921875 657
1585113695256 0.9833332896232605 658
1585113728552 0.9764750599861145 659
1585113762047 0.962528645992279 660
1585113796305 0.9628351926803589 661
1585113829551 0.9678926467895508 662
1585113863268 0.9755555391311646 663
1585113897035 0.9691953659057617 664
1585113930423 0.9758620858192444 665
1585113965492 0.9703065156936646 666
1585114000440 0.9777777194976807 667
1585114035931 0.9725286960601807 668
1585114070234 0.9620306491851807 669
1585114103725 0.9728352427482605 670
1585114137133 0.9750574231147766 671
1585114170486 0.9725287556648254 672
1585114204488 0.9791954159736633 673
1585114237925 0.9714176654815674 674
1585114271572 0.9725286960601807 675
1585114305189 0.9733332395553589 676
1585114338597 0.9736397862434387 677
1585114371945 0.9767815470695496 678
1585114405118 0.9769732356071472 679
1585114438318 0.9758620858192444 680
1585114472682 0.9628351926803589 681
1585114506173 0.9658620953559875 682
1585114539505 0.9780842661857605 683
1585114573154 0.9791952967643738 684
1585114606745 0.9638696312904358 685
1585114640547 0.9731416702270508 686
1585114674415 0.9750574231147766 687
1585114707824 0.9736397862434387 688
1585114742344 0.9783908128738403 689
1585114776655 0.9825286865234375 690
1585114810178 0.9736397862434387 691
1585114844053 0.9783908128738403 692
1585114877355 0.9750574231147766 693
1585114910614 0.9595019221305847 694
1585114943955 0.9814176559448242 695
1585114977815 0.9780842661857605 696
1585115011271 0.9725286960601807 697
1585115044946 0.9764750003814697 698
1585115078293 0.9758620858192444 699
1585115112409 0.9680843353271484 700
1585115146158 0.9822221398353577 701
1585115179482 0.975555419921875 702
1585115213672 0.9691953659057617 703
1585115249317 0.9691953659057617 704
1585115283290 0.9761685132980347 705
1585115317442 0.9639463424682617 706
1585115351155 0.9620306491851807 707
1585115384555 0.9803065061569214 708
1585115418122 0.9731417894363403 709
1585115452225 0.9648658037185669 710
1585115486191 0.9514176249504089 711
1585115519692 0.9733332395553589 712
1585115553067 0.9584290385246277 713
1585115587195 0.98333340883255 714
1585115620423 0.9736397862434387 715
1585115654076 0.9728352427482605 716
1585115687185 0.9761685132980347 717
1585115720581 0.9817240834236145 718
1585115753610 0.9714175462722778 719
1585115786827 0.9811111092567444 720
1585115820353 0.9769731163978577 721
1585115854082 0.967777669429779 722
1585115887773 0.9766666889190674 723
1585115921396 0.9739462733268738 724
1585115954987 0.9621455073356628 725
1585115989901 0.9747509360313416 726
1585116023211 0.9814175367355347 727
1585116056843 0.9783908128738403 728
1585116090279 0.9836398363113403 729
1585116124006 0.9725286960601807 730
1585116157348 0.9717240929603577 731
1585116191272 0.9690037965774536 732
1585116224538 0.9811111092567444 733
1585116258006 0.9803065061569214 734
1585116292661 0.9745592474937439 735
1585116327387 0.9780842661857605 736
1585116361103 0.9761685132980347 737
1585116394528 0.9780842661857605 738
1585116427825 0.9764750599861145 739
1585116462030 0.9799999594688416 740
1585116496861 0.9769731163978577 741
1585116530849 0.9725286960601807 742
1585116564487 0.9780842661857605 743
1585116597808 0.9769731163978577 744
1585116631002 0.9811111092567444 745
1585116665368 0.9766666889190674 746
1585116699630 0.9731416702270508 747
1585116733598 0.9748657941818237 748
1585116766949 0.9777777194976807 749
1585116800623 0.9777777194976807 750
1585116835083 0.9647509455680847 751
1585116869003 0.9703065156936646 752
1585116902655 0.9703065156936646 753
1585116936116 0.9772796630859375 754
1585116969204 0.9799999594688416 755
1585117002424 0.9706129431724548 756
1585117036263 0.9761685132980347 757
1585117069863 0.9744445085525513 758
1585117103424 0.9777777194976807 759
1585117137686 0.9709194898605347 760
1585117172089 0.9769731163978577 761
1585117206202 0.9788888096809387 762
1585117239971 0.9722222089767456 763
1585117273174 0.9725286960601807 764
1585117306665 0.967586100101471 765
1585117340161 0.9723370671272278 766
1585117373564 0.9795018434524536 767
1585117407222 0.9769731163978577 768
1585117440632 0.9831417202949524 769
1585117473865 0.9761685132980347 770
1585117507161 0.9791954159736633 771
1585117540472 0.9750574231147766 772
1585117573667 0.9620306491851807 773
1585117607600 0.9766665697097778 774
1585117641424 0.9722222089767456 775
1585117675506 0.9714176654815674 776
1585117708926 0.9780842661857605 777
1585117742077 0.9795018434524536 778
1585117775495 0.9795019626617432 779
1585117808904 0.9714175462722778 780
1585117842301 0.9791954159736633 781
1585117875568 0.9736397862434387 782
1585117909155 0.9631417393684387 783
1585117943517 0.9761685132980347 784
1585117976900 0.9734482169151306 785
1585118010694 0.9799999594688416 786
1585118044684 0.9814175367355347 787
1585118078823 0.9758620858192444 788
1585118112469 0.9714176654815674 789
1585118147698 0.9750574231147766 790
1585118180755 0.9780842661857605 791
1585118214162 0.9706130623817444 792
1585118247764 0.9795018434524536 793
1585118281300 0.9781992435455322 794
1585118314960 0.9783908128738403 795
1585118348305 0.9788888096809387 796
1585118381973 0.9747509360313416 797
1585118415221 0.9704213738441467 798
1585118448866 0.9701149463653564 799
1585118482200 0.9806129932403564 800
1585118515776 0.9734482169151306 801
1585118549592 0.9758620858192444 802
1585118583097 0.9799999594688416 803
1585118616419 0.9780842661857605 804
1585118650035 0.9772796630859375 805
1585118683642 0.9691953659057617 806
1585118717224 0.9811111092567444 807
1585118750982 0.9736397862434387 808
1585118784350 0.9803064465522766 809
1585118818077 0.9699999690055847 810
1585118851414 0.9814175367355347 811
1585118885051 0.9844444990158081 812
1585118918647 0.9836398363113403 813
1585118952028 0.9828352332115173 814
1585118986496 0.977279543876648 815
1585119019900 0.9747509360313416 816
1585119053048 0.9725286960601807 817
1585119086625 0.9750574231147766 818
1585119120291 0.9678926467895508 819
1585119153524 0.9788888096809387 820
1585119187197 0.9764750003814697 821
1585119221791 0.9799999594688416 822
1585119255138 0.9777777194976807 823
1585119289763 0.9803065061569214 824
1585119323503 0.9791954159736633 825
1585119356820 0.9791954159736633 826
1585119389987 0.9734482169151306 827
1585119423391 0.9803065061569214 828
1585119457066 0.9822222590446472 829
1585119490571 0.9747509360313416 830
1585119523835 0.97808438539505 831
1585119557045 0.9786972403526306 832
1585119590239 0.9844443202018738 833
1585119624076 0.9747509360313416 834
1585119657362 0.9809195399284363 835
1585119692261 0.9836398363113403 836
1585119726502 0.9742528200149536 837
1585119759963 0.9747509360313416 838
1585119794317 0.9699233174324036 839
1585119827655 0.9683907628059387 840
1585119861099 0.9828351140022278 841
1585119894851 0.9758619666099548 842
1585119928717 0.9780842661857605 843
1585119962304 0.9869731068611145 844
1585119995633 0.9795018434524536 845
1585120029022 0.9866665601730347 846
1585120062247 0.9783908128738403 847
1585120095688 0.9688888192176819 848
1585120129287 0.9811111092567444 849
1585120163512 0.9769732356071472 850
1585120196831 0.9791954159736633 851
1585120230193 0.9756703972816467 852
1585120263836 0.9736397862434387 853
1585120297367 0.9828352332115173 854
1585120330988 0.9803064465522766 855
1585120364509 0.9780842661857605 856
1585120398096 0.9769731163978577 857
1585120431415 0.9758619666099548 858
1585120465113 0.9822222590446472 859
1585120498655 0.9639463424682617 860
1585120532198 0.98333340883255 861
1585120565594 0.9791952967643738 862
1585120599311 0.9825286865234375 863
1585120632761 0.9714176654815674 864
1585120666763 0.9739463925361633 865
1585120700291 0.9675862193107605 866
1585120733971 0.9811111092567444 867
1585120767330 0.9799999594688416 868
1585120801072 0.9722222089767456 869
1585120834757 0.9764750599861145 870
1585120868122 0.9844444394111633 871
1585120901626 0.9799999594688416 872
1585120934948 0.9745593667030334 873
1585120969069 0.9795018434524536 874
1585121002520 0.9647509455680847 875
1585121036777 0.9750574231147766 876
1585121070294 0.9764750599861145 877
1585121103495 0.9736397862434387 878
1585121137261 0.9778926968574524 879
1585121173330 0.9745592474937439 880
1585121206868 0.9799999594688416 881
1585121240468 0.9750574231147766 882
1585121274172 0.9825286865234375 883
1585121307967 0.9811111092567444 884
1585121341389 0.9833332896232605 885
1585121374624 0.9814176559448242 886
1585121408110 0.9814175367355347 887
1585121441947 0.9717240929603577 888
1585121475407 0.9847508668899536 889
1585121510026 0.9764750599861145 890
1585121543058 0.9825286865234375 891
1585121576483 0.9806129932403564 892
1585121609664 0.9817240834236145 893
1585121643017 0.9803064465522766 894
1585121676649 0.9769731163978577 895
1585121710242 0.9814175367355347 896
1585121743683 0.9803065061569214 897
1585121778455 0.9772796630859375 898
1585121812178 0.9811111092567444 899
1585121845975 0.9855554699897766 900
1585121880169 0.9728352427482605 901
1585121913594 0.9791954159736633 902
1585121947895 0.9775860905647278 903
1585121982056 0.9799999594688416 904
1585122015554 0.9769731163978577 905
1585122049456 0.9783908128738403 906
1585122082694 0.9836398363113403 907
1585122116165 0.9764750599861145 908
1585122149695 0.9780842661857605 909
1585122183225 0.9750574231147766 910
1585122216995 0.9799999594688416 911
1585122250297 0.9839462637901306 912
1585122283737 0.9693103432655334 913
1585122317336 0.9866665601730347 914
1585122350856 0.9755555391311646 915
1585122384255 0.9806129932403564 916
1585122417424 0.9803065061569214 917
1585122451030 0.9836398363113403 918
1585122484442 0.9772796630859375 919
1585122518162 0.9799999594688416 920
1585122551671 0.9758620858192444 921
1585122585945 0.9825286865234375 922
1585122619101 0.9780842661857605 923
1585122652370 0.9811111092567444 924
1585122686069 0.9822221398353577 925
1585122719568 0.9783908128738403 926
1585122752767 0.9803065061569214 927
1585122786140 0.9795018434524536 928
1585122819290 0.9822221398353577 929
1585122852603 0.9847509860992432 930
1585122885925 0.9769731163978577 931
1585122919737 0.9825286865234375 932
1585122953018 0.9777777194976807 933
1585122987238 0.966781497001648 934
1585123021185 0.9739463925361633 935
1585123054638 0.9825286865234375 936
1585123088288 0.9814176559448242 937
1585123123124 0.9855554699897766 938
1585123156468 0.9691954851150513 939
1585123189743 0.9803064465522766 940
1585123223182 0.9822222590446472 941
1585123257242 0.9836398363113403 942
1585123290605 0.9699999690055847 943
1585123324486 0.9723370671272278 944
1585123357884 0.9780842661857605 945
1585123391455 0.9783906936645508 946
1585123424953 0.9799999594688416 947
1585123458395 0.9814175367355347 948
1585123492394 0.9833332896232605 949
1585123525686 0.969501793384552 950
1585123559678 0.9839462637901306 951
1585123593195 0.98333340883255 952
1585123627152 0.9825286865234375 953
1585123661579 0.9799999594688416 954
1585123695635 0.9844444394111633 955
1585123729451 0.9791954159736633 956
1585123763743 0.9844444394111633 957
1585123797366 0.9750574231147766 958
1585123831012 0.9791952967643738 959
1585123864830 0.9791954159736633 960
1585123898146 0.9731416702270508 961
1585123931940 0.9758620858192444 962
1585123965536 0.9825286865234375 963
1585123998732 0.9803065061569214 964
1585124034020 0.9750574827194214 965
1585124067678 0.969501793384552 966
1585124101039 0.9806129932403564 967
1585124134399 0.9758620858192444 968
1585124167755 0.9772796630859375 969
1585124200985 0.9755555391311646 970
1585124234797 0.9822222590446472 971
1585124269086 0.9814175367355347 972
1585124302707 0.9811111092567444 973
1585124336621 0.9803064465522766 974
1585124369793 0.9795018434524536 975
1585124403144 0.9693103432655334 976
1585124436425 0.9772796630859375 977
1585124469528 0.9831417202949524 978
1585124502035 0.9798083901405334 979
1585124534575 0.9686972498893738 980
1585124566746 0.9861685633659363 981
1585124599314 0.9811111092567444 982
1585124631794 0.9858620762825012 983
1585124664093 0.9791954159736633 984
1585124696552 0.9855554699897766 985
1585124728922 0.9791954159736633 986
1585124761388 0.9795019626617432 987
1585124795743 0.9769731163978577 988
1585124828567 0.9806129932403564 989
1585124861087 0.960612952709198 990
1585124893664 0.9750574231147766 991
1585124926158 0.9855554699897766 992
1585124958616 0.9780842661857605 993
1585124991443 0.9798083901405334 994
1585125024515 0.9731416702270508 995
1585125057080 0.9772796630859375 996
1585125089738 0.9822222590446472 997
1585125122678 0.9858620762825012 998
1585125155369 0.9734482169151306 999
1585125188033 0.9825286865234375 1000
1585125220740 0.9803065061569214 1001
1585125253239 0.9803065061569214 1002
1585125285705 0.9742528200149536 1003
1585125318328 0.9831417202949524 1004
1585125350683 0.9839463829994202 1005
1585125383119 0.9780842661857605 1006
1585125415412 0.9769732356071472 1007
1585125448342 0.9686972498893738 1008
1585125480958 0.9866666793823242 1009
1585125513573 0.9836398363113403 1010
1585125546244 0.9825286865234375 1011
1585125578641 0.9866665601730347 1012
1585125611450 0.9828352332115173 1013
1585125644387 0.9791954159736633 1014
1585125676905 0.9706129431724548 1015
1585125709631 0.9795018434524536 1016
1585125742175 0.9690037965774536 1017
1585125774791 0.9836398363113403 1018
1585125807460 0.9798083901405334 1019
1585125839865 0.9850574135780334 1020
1585125872340 0.9798083901405334 1021
1585125904936 0.9734482169151306 1022
1585125938760 0.9839462637901306 1023
1585125971392 0.9739462733268738 1024
1585126003582 0.9798083901405334 1025
1585126036014 0.9828352332115173 1026
1585126068840 0.9861685633659363 1027
1585126101340 0.9791954159736633 1028
1585126133742 0.9777777194976807 1029
1585126166602 0.9836397171020508 1030
1585126199400 0.9750574231147766 1031
1585126232008 0.9814175367355347 1032
1585126264674 0.9798083901405334 1033
1585126297257 0.9811111092567444 1034
1585126329832 0.9803065061569214 1035
1585126362421 0.9847509860992432 1036
1585126395324 0.9836398363113403 1037
1585126428772 0.9764750003814697 1038
1585126461368 0.9844443202018738 1039
1585126493962 0.9844443202018738 1040
1585126526588 0.9820305705070496 1041
1585126559434 0.9844444394111633 1042
1585126592042 0.9864751100540161 1043
1585126624550 0.9766665697097778 1044
1585126657247 0.9825286865234375 1045
1585126690182 0.9836398363113403 1046
1585126723076 0.9825286865234375 1047
1585126755576 0.9831417202949524 1048
1585126788666 0.9799999594688416 1049
1585126821184 0.9678926467895508 1050
1585126853860 0.9717240929603577 1051
1585126887288 0.9817240834236145 1052
1585126920185 0.9817240834236145 1053
1585126952718 0.9866665601730347 1054
1585126985370 0.9855554699897766 1055
1585127018243 0.9847509860992432 1056
1585127050888 0.9788888096809387 1057
1585127083809 0.9814175367355347 1058
1585127116395 0.9844444394111633 1059
1585127149085 0.9761685132980347 1060
1585127181810 0.9604214429855347 1061
1585127215260 0.9836398363113403 1062
1585127247373 0.9888888597488403 1063
1585127279609 0.9850574135780334 1064
1585127312100 0.9814175367355347 1065
1585127344564 0.9825286865234375 1066
1585127377284 0.9790037274360657 1067
1585127409686 0.9858620166778564 1068
1585127442171 0.9836398363113403 1069
1585127474699 0.9777777194976807 1070
1585127507263 0.9847508668899536 1071
1585127539796 0.9844443202018738 1072
1585127573060 0.9833332896232605 1073
1585127605693 0.9772796630859375 1074
1585127638145 0.9783908128738403 1075
1585127670634 0.9780842661857605 1076
1585127703169 0.9817240834236145 1077
1585127735816 0.9750574827194214 1078
1585127768382 0.9822221398353577 1079
1585127800674 0.9822221398353577 1080
1585127833001 0.9828351140022278 1081
1585127865677 0.9831417202949524 1082
1585127898391 0.9744442701339722 1083
1585127931566 0.9709194898605347 1084
1585127964329 0.9836398363113403 1085
1585127996878 0.9766665697097778 1086
1585128029414 0.9877777099609375 1087
1585128061970 0.9866665601730347 1088
1585128094428 0.9809195399284363 1089
1585128126813 0.9866665601730347 1090
1585128159336 0.9814175367355347 1091
1585128192208 0.9769731163978577 1092
1585128224900 0.9811111092567444 1093
1585128260397 0.9788888096809387 1094
1585128292649 0.9847508668899536 1095
1585128325266 0.9844444394111633 1096
1585128357936 0.9809195399284363 1097
1585128390466 0.9828351140022278 1098
1585128423174 0.9861685633659363 1099
1585128455841 0.9822222590446472 1100
1585128488228 0.982528805732727 1101
1585128521139 0.9839463829994202 1102
1585128553943 0.9866666793823242 1103
1585128586726 0.9825286865234375 1104
1585128619798 0.9836398363113403 1105
1585128652204 0.9672796726226807 1106
1585128684638 0.9803065061569214 1107
1585128717062 0.9847508668899536 1108
1585128749719 0.9836398363113403 1109
1585128782279 0.9828351140022278 1110
1585128815018 0.9680076241493225 1111
1585128847595 0.9844444394111633 1112
1585128879982 0.9809195399284363 1113
1585128912605 0.9799999594688416 1114
1585128945055 0.9788888096809387 1115
1585128978766 0.9817240834236145 1116
1585129011443 0.9817240834236145 1117
1585129044506 0.9745593667030334 1118
1585129077384 0.9714175462722778 1119
1585129110105 0.9847509860992432 1120
1585129143076 0.9750574827194214 1121
1585129175571 0.9836398363113403 1122
1585129208127 0.9806129932403564 1123
1585129240835 0.9828352332115173 1124
1585129273316 0.9861685633659363 1125
1585129305818 0.9814176559448242 1126
1585129338317 0.9791954159736633 1127
1585129370965 0.9731416702270508 1128
1585129403612 0.9825286865234375 1129
1585129435871 0.9877777099609375 1130
1585129468315 0.98333340883255 1131
1585129500990 0.9831417202949524 1132
1585129533464 0.9739463925361633 1133
1585129565672 0.9858620762825012 1134
1585129598162 0.9726435542106628 1135
1585129630704 0.9888888597488403 1136
1585129663396 0.9798083901405334 1137
1585129695792 0.9799999594688416 1138
1585129728723 0.9806129932403564 1139
1585129761685 0.9880842566490173 1140
1585129794118 0.9844444394111633 1141
1585129826548 0.9798083901405334 1142
1585129859215 0.9855554699897766 1143
1585129891903 0.9844444394111633 1144
1585129924789 0.9644827246665955 1145
1585129958181 0.9795018434524536 1146
1585129990663 0.9877777099609375 1147
1585130023304 0.9822222590446472 1148
1585130056106 0.9801149368286133 1149
1585130088641 0.9788888096809387 1150
1585130120885 0.9869731068611145 1151
1585130153384 0.9788888096809387 1152
1585130185786 0.9801148176193237 1153
1585130218371 0.9858620762825012 1154
1585130250780 0.9844444394111633 1155
1585130284486 0.9822222590446472 1156
1585130316913 0.9764750599861145 1157
1585130349286 0.9825286865234375 1158
1585130381728 0.9831417202949524 1159
1585130414446 0.9825286865234375 1160
1585130447028 0.9858620762825012 1161
1585130480121 0.9825286865234375 1162
1585130512646 0.9836397171020508 1163
1585130545187 0.9850574135780334 1164
1585130577646 0.9791954159736633 1165
1585130610117 0.9847509860992432 1166
1585130642526 0.9828352332115173 1167
1585130675374 0.9891954064369202 1168
1585130707976 0.9803064465522766 1169
1585130741295 0.9825286865234375 1170
1585130773749 0.9811111092567444 1171
1585130807352 0.9911110997200012 1172
1585130840311 0.9855555295944214 1173
1585130872765 0.9831417202949524 1174
1585130905533 0.9888888597488403 1175
1585130938661 0.98333340883255 1176
1585130971120 0.9877777099609375 1177
1585131003571 0.9806129932403564 1178
1585131035968 0.9766665697097778 1179
1585131068494 0.9806129932403564 1180
1585131101349 0.9869731068611145 1181
1585131133950 0.9791954159736633 1182
1585131166730 0.9706129431724548 1183
1585131198974 0.9858620166778564 1184
1585131231407 0.9861685633659363 1185
1585131264344 0.9801149368286133 1186
1585131296877 0.9822221398353577 1187
1585131329436 0.9799999594688416 1188
1585131362029 0.9844443202018738 1189
1585131394476 0.9847508668899536 1190
1585131426957 0.9858620762825012 1191
1585131459318 0.9825286865234375 1192
1585131491849 0.9869731068611145 1193
1585131524493 0.9786972403526306 1194
1585131557154 0.9554022550582886 1195
1585131589815 0.9783908128738403 1196
1585131622470 0.9855554699897766 1197
1585131655257 0.9788888096809387 1198
1585131687541 0.9869731068611145 1199
1585131720147 0.9775860905647278 1200
1585131752688 0.9814175367355347 1201
1585131785768 0.9788888096809387 1202
1585131818141 0.9809195399284363 1203
1585131850790 0.9858620166778564 1204
1585131883418 0.9736397862434387 1205
1585131915593 0.9861685633659363 1206
1585131949140 0.9817240834236145 1207
1585131981246 0.9777777791023254 1208
1585132013797 0.9858620166778564 1209
1585132046518 0.9766665697097778 1210
1585132078891 0.9866665601730347 1211
1585132111598 0.9858620762825012 1212
1585132144317 0.9858620762825012 1213
1585132177435 0.9847509860992432 1214
1585132209798 0.9799999594688416 1215
1585132242485 0.9877777099609375 1216
1585132274838 0.9836398363113403 1217
1585132307512 0.9750574827194214 1218
1585132340057 0.9844443202018738 1219
1585132372620 0.9836398363113403 1220
1585132405099 0.9817240834236145 1221
1585132439445 0.9836397171020508 1222
1585132472069 0.9801149368286133 1223
1585132504754 0.9880842566490173 1224
1585132537723 0.9847509860992432 1225
1585132570635 0.9783908128738403 1226
1585132603154 0.9847509860992432 1227
1585132635712 0.9847509860992432 1228
1585132668489 0.9858620762825012 1229
1585132701149 0.9866665601730347 1230
1585132733497 0.9817240834236145 1231
1585132765805 0.9836398363113403 1232
1585132799453 0.9798083901405334 1233
1585132832391 0.9847509860992432 1234
1585132865099 0.9822222590446472 1235
1585132897608 0.9801149368286133 1236
1585132930263 0.9822222590446472 1237
1585132963003 0.9814175367355347 1238
1585132995536 0.9858620166778564 1239
1585133028082 0.9866665601730347 1240
1585133060666 0.98333340883255 1241
1585133093227 0.9839462637901306 1242
1585133125902 0.9858620166778564 1243
1585133158660 0.9814176559448242 1244
1585133191173 0.9783908128738403 1245
1585133223938 0.9828352332115173 1246
1585133256701 0.9850574135780334 1247
1585133289400 0.9766665697097778 1248
1585133322163 0.9891954064369202 1249
1585133354721 0.9888888597488403 1250
1585133387442 0.9820305705070496 1251
1585133420019 0.9806130528450012 1252
1585133452706 0.9814175367355347 1253
1585133484805 0.9883908033370972 1254
1585133517220 0.9739462733268738 1255
1585133549714 0.9836398363113403 1256
1585133582810 0.9836398363113403 1257
1585133615702 0.9883908033370972 1258
1585133648155 0.9809195399284363 1259
1585133680521 0.9742528200149536 1260
1585133713485 0.9801148176193237 1261
1585133746183 0.9831417202949524 1262
1585133778776 0.9747509360313416 1263
1585133811316 0.9833332896232605 1264
1585133843697 0.9888888597488403 1265
1585133878345 0.9825286865234375 1266
1585133911064 0.9799999594688416 1267
1585133943987 0.9877777099609375 1268
1585133976741 0.9790037274360657 1269
1585134010153 0.9795018434524536 1270
1585134043214 0.9809195399284363 1271
1585134075726 0.9828351140022278 1272
1585134108533 0.9883908033370972 1273
1585134141675 0.9820305705070496 1274
1585134174209 0.9836398363113403 1275
1585134207810 0.974750816822052 1276
1585134240373 0.9839462637901306 1277
1585134274144 0.9725286960601807 1278
1585134307520 0.9803065061569214 1279
1585134340059 0.9866665601730347 1280
1585134372880 0.9828351140022278 1281
1585134406380 0.9839462637901306 1282
1585134438776 0.9850574135780334 1283
1585134471384 0.9828352332115173 1284
1585134504105 0.9858620166778564 1285
1585134536612 0.9853639602661133 1286
1585134569055 0.9839462637901306 1287
1585134601663 0.9803064465522766 1288
1585134634212 0.9891954064369202 1289
1585134666575 0.9911110997200012 1290
1585134699218 0.9811111092567444 1291
1585134731936 0.9880842566490173 1292
1585134764450 0.9833332896232605 1293
1585134797180 0.9877777099609375 1294
1585134830188 0.9799999594688416 1295
1585134862785 0.9799999594688416 1296
1585134895073 0.9866665601730347 1297
1585134927756 0.9844444394111633 1298
1585134960810 0.9877777099609375 1299
1585134993530 0.9861685633659363 1300
1585135026932 0.9811111092567444 1301
1585135059778 0.9911110997200012 1302
1585135093632 0.9877777099609375 1303
1585135126348 0.9847509860992432 1304
1585135158815 0.9765900373458862 1305
1585135191548 0.9891954064369202 1306
1585135224262 0.9844444394111633 1307
1585135257020 0.9847509860992432 1308
1585135289619 0.9861685633659363 1309
1585135322142 0.9791954159736633 1310
1585135355040 0.9831417202949524 1311
1585135388114 0.9798083901405334 1312
1585135421022 0.9764750599861145 1313
1585135453680 0.9831417202949524 1314
1585135486445 0.9880842566490173 1315
1585135519098 0.9858620166778564 1316
1585135551447 0.9855555295944214 1317
1585135584160 0.9811111092567444 1318
1585135616595 0.9739462733268738 1319
1585135649660 0.9833332896232605 1320
1585135683032 0.9766665697097778 1321
1585135715807 0.9839463829994202 1322
1585135748840 0.9806129932403564 1323
1585135781563 0.9814175367355347 1324
1585135814435 0.9783908128738403 1325
1585135848169 0.9836398363113403 1326
1585135881007 0.9833332896232605 1327
1585135913664 0.9823371171951294 1328
1585135946344 0.9828351140022278 1329
1585135978863 0.9822222590446472 1330
1585136011386 0.9861685633659363 1331
1585136043768 0.9817240834236145 1332
1585136076602 0.9825286865234375 1333
1585136109233 0.9891954064369202 1334
1585136141998 0.9809195399284363 1335
1585136174815 0.9869731068611145 1336
1585136207152 0.9831417202949524 1337
1585136240149 0.9814175367355347 1338
1585136273179 0.9844444394111633 1339
1585136305761 0.9877777099609375 1340
1585136338923 0.9855554699897766 1341
1585136371495 0.9822221398353577 1342
1585136403980 0.9791954159736633 1343
1585136437705 0.9872797131538391 1344
1585136470200 0.9847508668899536 1345
1585136503227 0.9836398363113403 1346
1585136536223 0.9759769439697266 1347
1585136569054 0.9869731068611145 1348
1585136601677 0.9795018434524536 1349
1585136634248 0.9817240834236145 1350
1585136666980 0.9869731068611145 1351
1585136699549 0.9759769439697266 1352
1585136732118 0.9911110997200012 1353
1585136764977 0.9869731068611145 1354
1585136797521 0.9880842566490173 1355
1585136830146 0.9836398363113403 1356
1585136862819 0.9866665601730347 1357
1585136895517 0.9772796630859375 1358
1585136927948 0.9850574135780334 1359
1585136961145 0.9828351140022278 1360
1585136993768 0.9839463829994202 1361
1585137026499 0.9880842566490173 1362
1585137059129 0.9877777099609375 1363
1585137091890 0.9866665601730347 1364
1585137124520 0.9900000095367432 1365
1585137157347 0.9877777099609375 1366
1585137190309 0.9814175367355347 1367
1585137222504 0.9833332896232605 1368
1585137255165 0.9888888597488403 1369
1585137287615 0.9803065061569214 1370
1585137320219 0.9833332896232605 1371
1585137352857 0.9855554699897766 1372
1585137385764 0.9888888597488403 1373
1585137418449 0.9744445085525513 1374
1585137451126 0.9877777099609375 1375
1585137483565 0.9866665601730347 1376
1585137516188 0.9811109900474548 1377
1585137548606 0.9780842661857605 1378
1585137581914 0.9722222089767456 1379
1585137614545 0.9786972403526306 1380
1585137647188 0.9833332896232605 1381
1585137679882 0.9866665601730347 1382
1585137712736 0.9817240834236145 1383
1585137745749 0.9880842566490173 1384
1585137778195 0.9866665601730347 1385
1585137810683 0.9820305705070496 1386
1585137843373 0.9753639698028564 1387
1585137876517 0.9855555295944214 1388
1585137909082 0.9836398363113403 1389
1585137941954 0.9740613102912903 1390
1585137974541 0.9758620858192444 1391
1585138007514 0.9869731068611145 1392
1585138040336 0.9806129932403564 1393
1585138072897 0.9801148176193237 1394
1585138105403 0.9831417202949524 1395
1585138138234 0.9836398363113403 1396
1585138170820 0.9820305705070496 1397
1585138203731 0.9825286865234375 1398
1585138236348 0.9877777099609375 1399
1585138269029 0.9847508668899536 1400
1585138301661 0.9869731068611145 1401
1585138334385 0.9723370671272278 1402
1585138367345 0.9822222590446472 1403
1585138400996 0.9822222590446472 1404
1585138433823 0.9880842566490173 1405
1585138466424 0.9809194207191467 1406
1585138499008 0.9866665601730347 1407
1585138531688 0.9933333992958069 1408
1585138564269 0.9900000095367432 1409
1585138597127 0.9855554699897766 1410
1585138629828 0.9847508668899536 1411
1585138662148 0.9847508668899536 1412
1585138694996 0.9836398363113403 1413
1585138727448 0.9828352332115173 1414
1585138759833 0.9780842661857605 1415
1585138792869 0.9880842566490173 1416
1585138825328 0.9811109900474548 1417
1585138857875 0.98333340883255 1418
1585138890834 0.9880842566490173 1419
1585138923697 0.9872797131538391 1420
1585138956225 0.9786972403526306 1421
1585138989007 0.9869731068611145 1422
1585139021585 0.9888888597488403 1423
1585139054019 0.9803065061569214 1424
1585139086678 0.9814175367355347 1425
1585139119328 0.9880842566490173 1426
1585139152188 0.9823371171951294 1427
1585139185167 0.9869731068611145 1428
1585139217579 0.9788888096809387 1429
1585139250261 0.9877777099609375 1430
1585139283077 0.9814176559448242 1431
1585139316080 0.9877777099609375 1432
1585139348795 0.9847509860992432 1433
1585139381380 0.9822222590446472 1434
1585139415119 0.9825286865234375 1435
1585139447702 0.9801148176193237 1436
1585139480151 0.9839463829994202 1437
1585139512898 0.9670880436897278 1438
1585139545552 0.9814175367355347 1439
1585139578253 0.9877777099609375 1440
1585139610792 0.9795018434524536 1441
1585139643280 0.9858620166778564 1442
1585139676189 0.9825286865234375 1443
1585139709076 0.9803065061569214 1444
1585139741690 0.9866665601730347 1445
1585139774208 0.9731416702270508 1446
1585139806774 0.9844444394111633 1447
1585139839739 0.9877777099609375 1448
1585139872182 0.9869731068611145 1449
1585139904866 0.9780842661857605 1450
1585139937369 0.9814175367355347 1451
1585139969904 0.9855555295944214 1452
1585140002584 0.9811111092567444 1453
1585140035585 0.9911110401153564 1454
1585140068361 0.9888888597488403 1455
1585140101073 0.9811111092567444 1456
1585140134872 0.9888888597488403 1457
1585140167657 0.9781992435455322 1458
1585140200061 0.9847509860992432 1459
1585140232513 0.9888888597488403 1460
1585140265113 0.9814175367355347 1461
1585140298127 0.9811111092567444 1462
1585140330607 0.9880842566490173 1463
1585140363445 0.9836398363113403 1464
1585140396072 0.9880842566490173 1465
1585140428903 0.9786972403526306 1466
1585140461297 0.9858620762825012 1467
1585140493745 0.9911110997200012 1468
1585140526451 0.98333340883255 1469
1585140558797 0.9836398363113403 1470
1585140591519 0.9761685132980347 1471
1585140623991 0.9900000095367432 1472
1585140657596 0.9745592474937439 1473
1585140690534 0.9778926968574524 1474
1585140723245 0.9823371171951294 1475
1585140756128 0.9822222590446472 1476
1585140788455 0.9811111092567444 1477
1585140821005 0.9872797131538391 1478
1585140857317 0.9825286865234375 1479
1585140889909 0.9861685633659363 1480
1585140922372 0.9791954159736633 1481
1585140955329 0.986973226070404 1482
1585140987808 0.9858620762825012 1483
1585141020307 0.9877777099609375 1484
1585141052935 0.9836398363113403 1485
1585141085999 0.9855554699897766 1486
1585141119896 0.9847509860992432 1487
1585141153496 0.986973226070404 1488
1585141186306 0.9803065061569214 1489
1585141219088 0.9858620762825012 1490
1585141251825 0.9858620762825012 1491
1585141284446 0.9866665601730347 1492
1585141317066 0.9895018339157104 1493
1585141349592 0.9925287365913391 1494
1585141382276 0.9914175868034363 1495
1585141415048 0.9864749908447266 1496
1585141447418 0.9780842661857605 1497
1585141480011 0.9855555295944214 1498
1585141512480 0.9869731068611145 1499
1585141545096 0.9788888096809387 1500
