1585091767862 0.027248883619904518 0
1585091801584 0.005162789952009916 1
1585091834642 0.0029155605006963015 2
1585091868168 0.004876166582107544 3
1585091901314 0.009218226186931133 4
1585091934343 0.014619134366512299 5
1585091967461 0.014036579057574272 6
1585092000684 0.00861402228474617 7
1585092033962 0.005139211192727089 8
1585092066823 0.0018668542616069317 9
1585092099701 0.004083855543285608 10
1585092132955 0.004304359667003155 11
1585092166272 0.00766279362142086 12
1585092199650 0.013428299687802792 13
1585092233065 0.01796228066086769 14
1585092266251 0.021438414230942726 15
1585092300188 0.02346467599272728 16
1585092333503 0.02509208768606186 17
1585092366622 0.026517488062381744 18
1585092399899 0.025525305420160294 19
1585092433407 0.025511084124445915 20
1585092466518 0.02350214123725891 21
1585092499987 0.021532081067562103 22
1585092533015 0.02126108855009079 23
1585092566213 0.020151104778051376 24
1585092599308 0.019524138420820236 25
1585092633653 0.017545608803629875 26
1585092667018 0.016669757664203644 27
1585092700246 0.014502712525427341 28
1585092733488 0.013288909569382668 29
1585092766660 0.01280257012695074 30
1585092799767 0.01301767211407423 31
1585092833060 0.012258960865437984 32
1585092866221 0.012859334237873554 33
1585092899264 0.012619967572391033 34
1585092932453 0.011346915736794472 35
1585092965483 0.011726443655788898 36
1585092999208 0.012100827880203724 37
1585093032544 0.011921841651201248 38
1585093065935 0.011927366256713867 39
1585093098933 0.009811271913349628 40
1585093131939 0.010575266554951668 41
1585093165538 0.008991907350718975 42
1585093199284 0.007856585085391998 43
1585093232911 0.008947686292231083 44
1585093266492 0.007873538881540298 45
1585093301693 0.007909263484179974 46
1585093335805 0.007287203799933195 47
1585093368998 0.009326664730906487 48
1585093402045 0.0068457769230008125 49
1585093435407 0.00684419646859169 50
1585093469598 0.006838397588580847 51
1585093502883 0.0066276066936552525 52
1585093536053 0.006063792854547501 53
1585093569152 0.006691943854093552 54
1585093603051 0.0066404095850884914 55
1585093636525 0.006816699635237455 56
1585093669511 0.005800626706331968 57
1585093702866 0.004724040627479553 58
1585093735943 0.005673710256814957 59
1585093769921 0.005857050884515047 60
1585093802948 0.004466444719582796 61
1585093836392 0.005062901880592108 62
1585093870094 0.004324670881032944 63
1585093903190 0.006008499301970005 64
1585093936261 0.005851456429809332 65
1585093969576 0.005138172768056393 66
1585094002375 0.004468014929443598 67
1585094035467 0.005040481686592102 68
1585094069154 0.004737171344459057 69
1585094102706 0.0055183838121593 70
1585094136071 0.00428908783942461 71
1585094169155 0.004553568083792925 72
1585094202403 0.005172437522560358 73
1585094235776 0.0038801857735961676 74
1585094269293 0.004853925202041864 75
1585094302298 0.004198283888399601 76
1585094336349 0.004391737747937441 77
1585094369694 0.004901716019958258 78
1585094403302 0.004641120787709951 79
1585094436770 0.004010566510260105 80
1585094470285 0.003733243327587843 81
1585094503219 0.004371384624391794 82
1585094536186 0.004452734719961882 83
1585094569256 0.004268419463187456 84
1585094602362 0.003799659665673971 85
1585094635388 0.005502671934664249 86
1585094669483 0.0035698390565812588 87
1585094702721 0.0040794862434268 88
1585094735692 0.0037027839571237564 89
1585094769229 0.0035265651531517506 90
1585094802674 0.0036543426103889942 91
1585094835642 0.004812277387827635 92
1585094868745 0.004857754334807396 93
1585094901937 0.0034461081959307194 94
1585094935095 0.006087201647460461 95
1585094968099 0.0036361166276037693 96
1585095001107 0.004933304153382778 97
1585095034142 0.004712783731520176 98
1585095067193 0.003737218677997589 99
1585095100154 0.003387856064364314 100
1585095133253 0.0037589408457279205 101
1585095166977 0.003704395145177841 102
1585095200377 0.004461303818970919 103
1585095233438 0.004335625562816858 104
1585095266754 0.004084907006472349 105
1585095299924 0.004040329717099667 106
1585095333236 0.004137611947953701 107
1585095366629 0.004067020025104284 108
1585095399534 0.0032330381218343973 109
1585095432735 0.003862127661705017 110
1585095467102 0.0041559478268027306 111
1585095499941 0.004246863070875406 112
1585095533215 0.0042486125603318214 113
1585095566010 0.004360389895737171 114
1585095599137 0.0038973852060735226 115
1585095632420 0.0043565211817622185 116
1585095666239 0.004185494966804981 117
1585095699436 0.0032078814692795277 118
1585095732314 0.0038245709147304296 119
1585095765516 0.0037440056912600994 120
1585095798904 0.003925010561943054 121
1585095832576 0.0036756929475814104 122
1585095865831 0.0037423407193273306 123
1585095899098 0.004300106782466173 124
1585095932468 0.004546512849628925 125
1585095965985 0.003599724266678095 126
1585095999286 0.003632171778008342 127
1585096032543 0.003404629183933139 128
1585096065955 0.00407484220340848 129
1585096099157 0.004104248713701963 130
1585096132254 0.005689593032002449 131
1585096165617 0.004474819637835026 132
1585096198492 0.004194167908281088 133
1585096231585 0.003253382397815585 134
1585096264796 0.004484735429286957 135
1585096298170 0.005701103247702122 136
1585096331119 0.0039457338862121105 137
1585096364590 0.0048820399679243565 138
1585096398046 0.0034895995631814003 139
1585096431099 0.003006527666002512 140
1585096464176 0.0030457894317805767 141
1585096497760 0.0037794476374983788 142
1585096530821 0.005004904232919216 143
1585096563958 0.004200473893433809 144
1585096596979 0.003355305176228285 145
1585096630271 0.003688952885568142 146
1585096663494 0.003795125987380743 147
1585096696573 0.004063699394464493 148
1585096729506 0.004076907876878977 149
1585096762509 0.0033450524788349867 150
1585096795744 0.004803814925253391 151
1585096829151 0.004240227863192558 152
1585096862051 0.003550363704562187 153
1585096895422 0.0032396859023720026 154
1585096928696 0.004051153548061848 155
1585096961812 0.0042603276669979095 156
1585096995175 0.004298807587474585 157
1585097028312 0.0031896557193249464 158
1585097062002 0.00427591847255826 159
1585097095550 0.0030424317810684443 160
1585097128776 0.003570117522031069 161
1585097162404 0.002830255078151822 162
1585097195763 0.004865734837949276 163
1585097228918 0.005008176434785128 164
1585097262483 0.0045495713129639626 165
1585097295651 0.00347220990806818 166
1585097328769 0.0047414228320121765 167
1585097362900 0.0031271055340766907 168
1585097396800 0.0047872536815702915 169
1585097429816 0.0032266643829643726 170
1585097463541 0.003364880569279194 171
1585097496740 0.004203028045594692 172
1585097529829 0.003073433879762888 173
1585097563368 0.0035162712447345257 174
1585097596561 0.002994925482198596 175
1585097629789 0.003724460257217288 176
1585097662663 0.002944820560514927 177
1585097696012 0.0036443895660340786 178
1585097729087 0.004273209720849991 179
1585097762908 0.004560529254376888 180
1585097796119 0.003458973951637745 181
1585097829265 0.004977469798177481 182
1585097862197 0.003282665740698576 183
1585097895454 0.0029400631319731474 184
1585097928761 0.0031633710023015738 185
1585097962292 0.0039830817840993404 186
1585097995757 0.005087609402835369 187
1585098028859 0.003738021943718195 188
1585098061934 0.005370037630200386 189
1585098094951 0.0028708602767437696 190
1585098127918 0.002786837285384536 191
1585098161331 0.004314283840358257 192
1585098194305 0.00327611924149096 193
1585098227651 0.003149476833641529 194
1585098261026 0.003244733205065131 195
1585098293908 0.004607753828167915 196
1585098327257 0.002255199709907174 197
1585098361814 0.00467798812314868 198
1585098395076 0.0031977638136595488 199
1585098428314 0.0035683182068169117 200
1585098461466 0.003434780053794384 201
1585098494660 0.004825075156986713 202
1585098528276 0.0038826456293463707 203
1585098561322 0.0035609740298241377 204
1585098594355 0.0036281272768974304 205
1585098627540 0.00362585810944438 206
1585098661040 0.004219782538712025 207
1585098694385 0.004500965122133493 208
1585098727496 0.0034656948409974575 209
1585098760690 0.003775106742978096 210
1585098794007 0.004021354019641876 211
1585098827301 0.0051453192718327045 212
1585098860934 0.005200668703764677 213
1585098894057 0.002909495495259762 214
1585098927228 0.003763522021472454 215
1585098960299 0.0039369105361402035 216
1585098993420 0.003339383751153946 217
1585099026535 0.003884186502546072 218
1585099059571 0.004925554618239403 219
1585099092729 0.0059552364982664585 220
1585099125594 0.004333074204623699 221
1585099158700 0.003122942987829447 222
1585099191601 0.003770397277548909 223
1585099225054 0.004372758325189352 224
1585099258089 0.0029245419427752495 225
1585099290956 0.004314239602535963 226
1585099324171 0.004292611964046955 227
1585099357267 0.003360578790307045 228
1585099390646 0.004336179234087467 229
1585099423631 0.00345275248400867 230
1585099456827 0.0036942698061466217 231
1585099490069 0.003594355657696724 232
1585099523055 0.0048128459602594376 233
1585099557472 0.004137170035392046 234
1585099591186 0.004069033078849316 235
1585099624000 0.0034313234500586987 236
1585099657105 0.004350120201706886 237
1585099690436 0.0048162005841732025 238
1585099723680 0.0055094831623137 239
1585099756639 0.0036335112527012825 240
1585099789920 0.0028675829526036978 241
1585099823032 0.004661839921027422 242
1585099857973 0.004153402056545019 243
1585099891784 0.004078359808772802 244
1585099924951 0.0038139347452670336 245
1585099958374 0.004243761766701937 246
1585099991256 0.003077991772443056 247
1585100024115 0.0037329925689846277 248
1585100058070 0.003269785549491644 249
1585100091009 0.004412488080561161 250
1585100124015 0.003618077840656042 251
1585100157283 0.003216906450688839 252
1585100190762 0.004959256388247013 253
1585100223701 0.004024299327284098 254
1585100256770 0.004099088720977306 255
1585100290001 0.004735228605568409 256
1585100323097 0.0036578145809471607 257
1585100356307 0.004003932233899832 258
1585100389651 0.004017217084765434 259
1585100422568 0.0031800740398466587 260
1585100455669 0.0033565617632120848 261
1585100489306 0.00332384230569005 262
1585100522972 0.004736263770610094 263
1585100556437 0.0037504686042666435 264
1585100589709 0.0037121863570064306 265
1585100622935 0.0043014045804739 266
1585100656240 0.0034455186687409878 267
1585100689341 0.005270843859761953 268
1585100722531 0.004272708669304848 269
1585100755878 0.003949473612010479 270
1585100789093 0.004337565507739782 271
1585100822299 0.003877044189721346 272
1585100855679 0.0038960129022598267 273
1585100889115 0.0042127096094191074 274
1585100922487 0.0044391583651304245 275
1585100955819 0.0030642678029835224 276
1585100988835 0.003324557328596711 277
1585101021960 0.0032800380140542984 278
1585101054892 0.0036580481100827456 279
1585101087801 0.003424163907766342 280
1585101120946 0.0030486839823424816 281
1585101154289 0.00298545160330832 282
1585101187414 0.0038633039221167564 283
1585101220751 0.0034800758585333824 284
1585101254202 0.004612169228494167 285
1585101287807 0.00408319104462862 286
1585101320886 0.0030035662930458784 287
1585101354208 0.00437362864613533 288
1585101387561 0.003924419637769461 289
1585101420779 0.004726220387965441 290
1585101454121 0.003616462694481015 291
1585101487925 0.0040493616834282875 292
1585101521364 0.004302190616726875 293
1585101554462 0.0029814073350280523 294
1585101587459 0.0036266858223825693 295
1585101620511 0.004352277610450983 296
1585101653511 0.0034887182991951704 297
1585101686718 0.004521636757999659 298
1585101719787 0.004404052626341581 299
1585101752911 0.003463717410340905 300
1585101786065 0.003985370974987745 301
1585101819292 0.004458185750991106 302
1585101852768 0.0043561337515711784 303
1585101886087 0.0037368072662502527 304
1585101919130 0.003720288397744298 305
1585101952431 0.004389356821775436 306
1585101985596 0.003781278384849429 307
1585102018588 0.004183332435786724 308
1585102052523 0.0036361408419907093 309
1585102085906 0.003518346231430769 310
1585102119378 0.003968027886003256 311
1585102152928 0.0037219233345240355 312
1585102186667 0.004681762307882309 313
1585102219693 0.004389706067740917 314
1585102252940 0.004236622713506222 315
1585102286244 0.0034120730124413967 316
1585102319534 0.0038287085480988026 317
1585102353077 0.0031347861513495445 318
1585102386590 0.004471417982131243 319
1585102419959 0.0036313298624008894 320
1585102453130 0.003894262248650193 321
1585102486260 0.004598558880388737 322
1585102519270 0.004823983646929264 323
1585102552357 0.0043418616987764835 324
1585102585647 0.004242210183292627 325
1585102618735 0.004933600313961506 326
1585102651922 0.00550286378711462 327
1585102684845 0.00371302617713809 328
1585102717767 0.0027750700246542692 329
1585102751162 0.0037953867577016354 330
1585102784514 0.0038849457632750273 331
1585102817873 0.004474274814128876 332
1585102851082 0.0038808812387287617 333
1585102884020 0.0042645749635994434 334
1585102917283 0.0032500384841114283 335
1585102950862 0.003208957612514496 336
1585102984091 0.004295053891837597 337
1585103016985 0.004137037787586451 338
1585103050863 0.00410166010260582 339
1585103084041 0.003914231900125742 340
1585103117210 0.003454382997006178 341
1585103150596 0.004266249947249889 342
1585103183875 0.004268757998943329 343
1585103217120 0.0036686528474092484 344
1585103250931 0.0044869305565953255 345
1585103284230 0.0037208828143775463 346
1585103317859 0.004829865880310535 347
1585103350833 0.004096008371561766 348
1585103384462 0.003475627163425088 349
1585103417643 0.003683888353407383 350
1585103451051 0.004663379862904549 351
1585103484668 0.0033576583955436945 352
1585103517740 0.003812954528257251 353
1585103550796 0.003596746828407049 354
1585103584172 0.004997634794563055 355
1585103617471 0.0038701891899108887 356
1585103650677 0.0035946934949606657 357
1585103684323 0.0030730783473700285 358
1585103717558 0.004947062581777573 359
1585103750732 0.003895707428455353 360
1585103783827 0.005252234172075987 361
1585103817154 0.004414076451212168 362
1585103850310 0.0033646700903773308 363
1585103883743 0.004492489155381918 364
1585103916985 0.004095127806067467 365
1585103950093 0.0039269691333174706 366
1585103983149 0.005048258230090141 367
1585104016562 0.0036012998316437006 368
1585104049577 0.004170223139226437 369
1585104082462 0.004468814004212618 370
1585104115522 0.005520768463611603 371
1585104152633 0.004747272934764624 372
1585104186145 0.004773046355694532 373
1585104219649 0.003720926819369197 374
1585104252626 0.003973007667809725 375
1585104286934 0.0039963144809007645 376
1585104320330 0.004117164295166731 377
1585104353799 0.004841126501560211 378
1585104387171 0.003788613947108388 379
1585104421681 0.0038159422110766172 380
1585104454677 0.0029499130323529243 381
1585104489110 0.0046440958976745605 382
1585104522362 0.0039110914804041386 383
1585104555300 0.003444987116381526 384
1585104588465 0.0033865415025502443 385
1585104621495 0.0033622044138610363 386
1585104654754 0.0036851235199719667 387
1585104688853 0.004497106187045574 388
1585104721995 0.0030295117758214474 389
1585104755324 0.004421582445502281 390
1585104788433 0.004598503932356834 391
1585104821836 0.003534608520567417 392
1585104855224 0.003916687332093716 393
1585104888069 0.004481504671275616 394
1585104921365 0.0053502218797802925 395
1585104954886 0.004053444601595402 396
1585104988742 0.0038222125731408596 397
1585105021858 0.003355488646775484 398
1585105055126 0.004682607017457485 399
1585105088077 0.004613577388226986 400
1585105121074 0.004079992417246103 401
1585105154185 0.003976886626332998 402
1585105187195 0.0036163111217319965 403
1585105220151 0.003888420993462205 404
1585105253248 0.0030321520753204823 405
1585105286355 0.004539888817816973 406
1585105319525 0.003980434499680996 407
1585105352686 0.004050586372613907 408
1585105385843 0.0038081929087638855 409
1585105419632 0.0034220886882394552 410
1585105454186 0.004740115255117416 411
1585105487890 0.003880034200847149 412
1585105521642 0.003193869721144438 413
1585105554954 0.003891053143888712 414
1585105588119 0.004870960023254156 415
1585105621248 0.003951398655772209 416
1585105654272 0.003319208277389407 417
1585105687594 0.0035103505942970514 418
1585105720826 0.0038472814485430717 419
1585105754136 0.002972691785544157 420
1585105787464 0.003168644616380334 421
1585105820373 0.0040693157352507114 422
1585105855346 0.004485566634684801 423
1585105888706 0.004120698198676109 424
1585105921947 0.00411654869094491 425
1585105955149 0.003994741942733526 426
1585105988474 0.003790344577282667 427
1585106021539 0.004486790392547846 428
1585106054482 0.004651649389415979 429
1585106087344 0.005016394425183535 430
1585106120754 0.003887733444571495 431
1585106153953 0.0029365967493504286 432
1585106186811 0.0045661721378564835 433
1585106220038 0.003009031992405653 434
1585106253166 0.004649399779736996 435
1585106286844 0.003760512452572584 436
1585106320581 0.003423956921324134 437
1585106354047 0.004556940868496895 438
1585106387336 0.003672222839668393 439
1585106420741 0.0035843956284224987 440
1585106454394 0.003991357982158661 441
1585106487438 0.003727538976818323 442
1585106520802 0.004038321319967508 443
1585106553865 0.003994021099060774 444
1585106587509 0.004490226972848177 445
1585106621282 0.004761531949043274 446
1585106654480 0.0032827965915203094 447
1585106687822 0.004359732381999493 448
1585106721130 0.003988421987742186 449
1585106754639 0.004621721338480711 450
1585106787811 0.004310267977416515 451
1585106820858 0.004970440175384283 452
1585106855216 0.004103567451238632 453
1585106888712 0.005170955788344145 454
1585106921922 0.004982042126357555 455
1585106955466 0.004723933059722185 456
1585106989651 0.00391686987131834 457
1585107023306 0.005078508984297514 458
1585107056355 0.004653260111808777 459
1585107089671 0.007731854449957609 460
1585107122865 0.004196627996861935 461
1585107155666 0.003443409688770771 462
1585107188773 0.0035261742305010557 463
1585107222235 0.0048015909269452095 464
1585107255118 0.0049238307401537895 465
1585107288429 0.0036328285932540894 466
1585107322270 0.004844925832003355 467
1585107355833 0.0036556513514369726 468
1585107388913 0.003522332292050123 469
1585107422184 0.0037861119490116835 470
1585107455272 0.004695362411439419 471
1585107488375 0.004095832817256451 472
1585107521764 0.0036445953883230686 473
1585107555460 0.0039903842844069 474
1585107588601 0.004658551421016455 475
1585107622030 0.003716355189681053 476
1585107655392 0.004812868312001228 477
1585107689060 0.005336924456059933 478
1585107722915 0.003020369214937091 479
1585107756364 0.004022225271910429 480
1585107790634 0.004447176121175289 481
1585107824882 0.0032205868046730757 482
1585107858101 0.003547229105606675 483
1585107891798 0.0041695889085531235 484
1585107925396 0.0042463261634111404 485
1585107958487 0.0038602121639996767 486
1585107991731 0.0031862398609519005 487
1585108025050 0.0028303733561187983 488
1585108058168 0.00372308399528265 489
1585108091339 0.00495065376162529 490
1585108124284 0.0048734950833022594 491
1585108157945 0.004545978270471096 492
1585108191080 0.00417668791487813 493
1585108224221 0.004941201768815517 494
1585108257008 0.0037901937030255795 495
1585108290501 0.004293685778975487 496
1585108323954 0.004242039285600185 497
1585108357018 0.003966883756220341 498
1585108390211 0.00283609121106565 499
1585108423115 0.004499693866819143 500
1585108457602 0.003798152320086956 501
1585108490601 0.004631216637790203 502
1585108523964 0.0039025868754833937 503
1585108558056 0.003882769960910082 504
1585108591103 0.003867468563839793 505
1585108624273 0.0034315381199121475 506
1585108658144 0.0044472673907876015 507
1585108691315 0.004098929464817047 508
1585108724335 0.004239809699356556 509
1585108757570 0.0030360904056578875 510
1585108791272 0.0036229167599231005 511
1585108825029 0.003945028875023127 512
1585108858064 0.004553717561066151 513
1585108891310 0.004239121451973915 514
1585108924446 0.003265493083745241 515
1585108957456 0.0035425543319433928 516
1585108990801 0.004187466576695442 517
1585109024498 0.004324361216276884 518
1585109057772 0.004880334250628948 519
1585109090909 0.003342417534440756 520
1585109124543 0.004213790409266949 521
1585109157575 0.003310131374746561 522
1585109190913 0.003642451949417591 523
1585109224228 0.0033404072746634483 524
1585109257320 0.004176802933216095 525
1585109290475 0.005224751308560371 526
1585109325167 0.004193198401480913 527
1585109358349 0.004849720746278763 528
1585109391340 0.005003715865314007 529
1585109424743 0.004221600014716387 530
1585109457848 0.003943494986742735 531
1585109491068 0.0035231015644967556 532
1585109524455 0.003961729351431131 533
1585109557786 0.0041302102617919445 534
1585109591233 0.0035936578642576933 535
1585109625212 0.003390425117686391 536
1585109658181 0.0057326192036271095 537
1585109692026 0.003695364575833082 538
1585109725324 0.003714475082233548 539
1585109758507 0.004300303757190704 540
1585109792170 0.004202311392873526 541
1585109825302 0.004840994719415903 542
1585109858408 0.004590300377458334 543
1585109891667 0.0035825027152895927 544
1585109924931 0.004152558743953705 545
1585109958159 0.003925865516066551 546
1585109991198 0.0032122244592756033 547
1585110024372 0.0045637208968400955 548
1585110058455 0.003910762723535299 549
1585110091847 0.004073926713317633 550
1585110125305 0.004007438663393259 551
1585110158368 0.0036106903571635485 552
1585110191373 0.003808442736044526 553
1585110225254 0.003646607743576169 554
1585110258463 0.004123605787754059 555
1585110291604 0.003918007016181946 556
1585110324609 0.0034698809031397104 557
1585110357563 0.00337234023027122 558
1585110390987 0.005028901156038046 559
1585110424123 0.004420177079737186 560
1585110457280 0.004261620342731476 561
1585110490695 0.004028421360999346 562
1585110524087 0.0037176136393100023 563
1585110557290 0.004383082035928965 564
1585110590331 0.005636794026941061 565
1585110623885 0.004515719134360552 566
1585110656847 0.007324120961129665 567
1585110689826 0.0038749456871300936 568
1585110722965 0.003975940402597189 569
1585110755971 0.003056231653317809 570
1585110789394 0.0049947574734687805 571
1585110823324 0.004254131577908993 572
1585110857036 0.004038388840854168 573
1585110889960 0.004310610704123974 574
1585110923258 0.003759708721190691 575
1585110956224 0.003696389961987734 576
1585110989347 0.004213269334286451 577
1585111022562 0.004242997616529465 578
1585111055363 0.00376861821860075 579
1585111088538 0.003566386876627803 580
1585111122144 0.0035588147584348917 581
1585111155095 0.0040432452224195 582
1585111188513 0.003928686026483774 583
1585111221620 0.0036450685001909733 584
1585111254682 0.004593699239194393 585
1585111288012 0.004376247525215149 586
1585111321097 0.004489856772124767 587
1585111354583 0.004046381451189518 588
1585111387827 0.004192966502159834 589
1585111420670 0.003731246804818511 590
1585111454002 0.004980255849659443 591
1585111487139 0.004457369446754456 592
1585111520682 0.004167116712778807 593
1585111554657 0.003886497113853693 594
1585111587789 0.003774932585656643 595
1585111621474 0.0036528250202536583 596
1585111654508 0.0038629353512078524 597
1585111687855 0.0038335828576236963 598
1585111721514 0.0032964907586574554 599
1585111754790 0.004133239388465881 600
1585111788368 0.003935706336051226 601
1585111821926 0.0038927989080548286 602
1585111855077 0.0048373546451330185 603
1585111888790 0.003142896108329296 604
1585111921988 0.0037946333177387714 605
1585111955343 0.003913624677807093 606
1585111988556 0.004095648415386677 607
1585112021815 0.003558036172762513 608
1585112056189 0.0034337688703089952 609
1585112089898 0.004487102851271629 610
1585112123092 0.0036782901734113693 611
1585112156501 0.0037265962455421686 612
1585112190041 0.0047655911184847355 613
1585112224053 0.004179820884019136 614
1585112257439 0.005625058431178331 615
1585112290868 0.0049316128715872765 616
1585112324269 0.00395071879029274 617
1585112357780 0.004345748107880354 618
1585112391256 0.004000354092568159 619
1585112424648 0.0043851882219314575 620
1585112458368 0.0040343464352190495 621
1585112492835 0.004918168764561415 622
1585112527219 0.003555480856448412 623
1585112560772 0.004561974201351404 624
1585112596097 0.0038958017248660326 625
1585112629962 0.004143844824284315 626
1585112663183 0.0033863037824630737 627
1585112697656 0.004438335541635752 628
1585112731453 0.00521824462339282 629
1585112766193 0.00345675484277308 630
1585112799534 0.004146234132349491 631
1585112832902 0.0036064335145056248 632
1585112866440 0.004135577939450741 633
1585112900803 0.00420780386775732 634
1585112934136 0.0043960511684417725 635
1585112967443 0.004933841060847044 636
1585113000738 0.004462230484932661 637
1585113034485 0.003940006718039513 638
1585113067865 0.003573611145839095 639
1585113101302 0.003612831700593233 640
1585113134474 0.0038615672383457422 641
1585113167775 0.003683681134134531 642
1585113201332 0.004351119976490736 643
1585113235521 0.0038774493150413036 644
1585113269717 0.004790622275322676 645
1585113303301 0.003662931500002742 646
1585113336851 0.003975512459874153 647
1585113370275 0.004073285032063723 648
1585113403925 0.0044225356541574 649
1585113437392 0.0035721175372600555 650
1585113470715 0.00468339491635561 651
1585113503875 0.004679531790316105 652
1585113536969 0.004753738176077604 653
1585113571009 0.004231266677379608 654
1585113605053 0.003534030169248581 655
1585113639003 0.004615092650055885 656
1585113672534 0.0038490062579512596 657
1585113706993 0.00408306485041976 658
1585113740246 0.0038169417530298233 659
1585113774259 0.004166693892329931 660
1585113808084 0.0037382906302809715 661
1585113841493 0.0037833605892956257 662
1585113875209 0.004517300985753536 663
1585113908839 0.00452848756685853 664
1585113943248 0.004723139572888613 665
1585113977414 0.003934063017368317 666
1585114012130 0.003153556492179632 667
1585114047725 0.0038442027289420366 668
1585114082088 0.004072350449860096 669
1585114115410 0.00370350806042552 670
1585114148973 0.003928367979824543 671
1585114182830 0.0035271265078336 672
1585114216366 0.004473532550036907 673
1585114249672 0.004178956616669893 674
1585114283235 0.004035786725580692 675
1585114316956 0.003791047027334571 676
1585114350426 0.003764088498428464 677
1585114383662 0.00436739344149828 678
1585114416752 0.004043850116431713 679
1585114451055 0.0030533308163285255 680
1585114484501 0.003931813407689333 681
1585114517921 0.003939351998269558 682
1585114551400 0.004752021748572588 683
1585114585113 0.004387162625789642 684
1585114618531 0.0047735730186104774 685
1585114652381 0.003775534685701132 686
1585114686142 0.0046303593553602695 687
1585114719769 0.004219940397888422 688
1585114754349 0.004285005386918783 689
1585114788433 0.004181786440312862 690
1585114822234 0.004560575820505619 691
1585114855738 0.004013021010905504 692
1585114889072 0.004395329859107733 693
1585114922286 0.004051071126013994 694
1585114956101 0.004475648980587721 695
1585114989697 0.0040010628290474415 696
1585115022955 0.004048672504723072 697
1585115056656 0.004324796609580517 698
1585115090021 0.003671305486932397 699
1585115124343 0.004346841014921665 700
1585115157821 0.0030377875082194805 701
1585115192182 0.004521784372627735 702
1585115225458 0.0037019988521933556 703
1585115261476 0.0034177214838564396 704
1585115295261 0.0038183489814400673 705
1585115329295 0.002665787236765027 706
1585115363027 0.004294062964618206 707
1585115396404 0.004170560277998447 708
1585115429944 0.004373492207378149 709
1585115464162 0.004481334239244461 710
1585115497923 0.004048205446451902 711
1585115531404 0.003475136822089553 712
1585115564814 0.00437898887321353 713
1585115598905 0.0047052293084561825 714
1585115632096 0.0035690891090780497 715
1585115665710 0.0026868698187172413 716
1585115699090 0.0034603490494191647 717
1585115732258 0.003990743774920702 718
1585115765336 0.002287066075950861 719
1585115798755 0.005086869467049837 720
1585115832178 0.004409431479871273 721
1585115865778 0.00405108043923974 722
1585115899667 0.003852728521451354 723
1585115933212 0.004568011034280062 724
1585115967074 0.003062668489292264 725
1585116001571 0.0040908390656113625 726
1585116035117 0.004116021562367678 727
1585116068557 0.003992192447185516 728
1585116102275 0.003707999363541603 729
1585116135815 0.004101550672203302 730
1585116169094 0.003977491054683924 731
1585116202936 0.004355103708803654 732
1585116236417 0.0036534860264509916 733
1585116271204 0.003965005744248629 734
1585116304442 0.0050280774012207985 735
1585116339321 0.0038841592613607645 736
1585116372815 0.004272701218724251 737
1585116406366 0.003322409465909004 738
1585116439827 0.0040320781990885735 739
1585116474172 0.00414668396115303 740
1585116508754 0.0035326052457094193 741
1585116542507 0.004479763098061085 742
1585116576151 0.004512392915785313 743
1585116609514 0.004688960965722799 744
1585116642790 0.004510108381509781 745
1585116677103 0.004747845698148012 746
1585116711714 0.003936136141419411 747
1585116745282 0.0036992873065173626 748
1585116778770 0.003958024084568024 749
1585116813688 0.003667159005999565 750
1585116847228 0.004754163324832916 751
1585116880873 0.0037791156210005283 752
1585116914482 0.004446269012987614 753
1585116947822 0.003119664965197444 754
1585116980811 0.0040120757184922695 755
1585117014024 0.0036023673601448536 756
1585117047886 0.0036415397189557552 757
1585117081497 0.0043076276779174805 758
1585117115102 0.0036592232063412666 759
1585117149635 0.004544008523225784 760
1585117184592 0.0032342690974473953 761
1585117217936 0.004394539166241884 762
1585117251665 0.0037358615081757307 763
1585117285010 0.004076309502124786 764
1585117318409 0.0035613805521279573 765
1585117351777 0.003630284685641527 766
1585117385672 0.004259647335857153 767
1585117418909 0.004173359367996454 768
1585117452380 0.003795639146119356 769
1585117485489 0.004120936151593924 770
1585117518966 0.0037673646584153175 771
1585117552139 0.0045279404148459435 772
1585117585568 0.003812466748058796 773
1585117619267 0.0034329271875321865 774
1585117653055 0.004936647601425648 775
1585117687140 0.0029160005506128073 776
1585117720553 0.004392554052174091 777
1585117753807 0.003909772727638483 778
1585117787146 0.004232934210449457 779
1585117820573 0.0034400164149701595 780
1585117854092 0.004453849047422409 781
1585117887598 0.00353249697946012 782
1585117920778 0.00469712121412158 783
1585117955264 0.0032896865159273148 784
1585117988653 0.0033760627266019583 785
1585118022658 0.00406328309327364 786
1585118056458 0.004167455248534679 787
1585118090765 0.0042421454563736916 788
1585118124397 0.004317600280046463 789
1585118159356 0.004355405457317829 790
1585118192499 0.003742803353816271 791
1585118225874 0.0034530386328697205 792
1585118259579 0.004588527604937553 793
1585118293021 0.005038714502006769 794
1585118326578 0.0040474762208759785 795
1585118360028 0.0034392462112009525 796
1585118393748 0.003383901435881853 797
1585118426846 0.004188592545688152 798
1585118460573 0.003565002465620637 799
1585118493870 0.003936911001801491 800
1585118527557 0.003910866566002369 801
1585118561450 0.006664265878498554 802
1585118594778 0.003280318807810545 803
1585118628194 0.004393373616039753 804
1585118661682 0.004020725376904011 805
1585118695360 0.0032481381203979254 806
1585118728970 0.005109073128551245 807
1585118762803 0.004099286161363125 808
1585118796043 0.0036887633614242077 809
1585118829746 0.0041886852122843266 810
1585118863093 0.0038912040181457996 811
1585118896800 0.004113253206014633 812
1585118930388 0.004122976213693619 813
1585118963756 0.00418036850169301 814
1585118998232 0.0035999969113618135 815
1585119031532 0.0038262060843408108 816
1585119064794 0.0035315765999257565 817
1585119098496 0.004486370831727982 818
1585119131957 0.0031850719824433327 819
1585119165196 0.004444004036486149 820
1585119199025 0.004107960499823093 821
1585119233422 0.0044995322823524475 822
1585119267428 0.003848277498036623 823
1585119301788 0.0033201551996171474 824
1585119335277 0.0035800933837890625 825
1585119368471 0.0039026536978781223 826
1585119401751 0.0041398098692297935 827
1585119435337 0.0038717174902558327 828
1585119469014 0.0036291650030761957 829
1585119502239 0.003731008619070053 830
1585119535434 0.003677231026813388 831
1585119568759 0.00450609577819705 832
1585119601890 0.003966972231864929 833
1585119635864 0.003943998366594315 834
1585119669169 0.004128360189497471 835
1585119704056 0.0044929939322173595 836
1585119738127 0.004689634777605534 837
1585119771960 0.0043333470821380615 838
1585119806078 0.0038006813265383244 839
1585119839323 0.004193768836557865 840
1585119872976 0.0036463977303355932 841
1585119906524 0.003384999232366681 842
1585119940516 0.004219219088554382 843
1585119974025 0.0032426698599010706 844
1585120007287 0.003798141609877348 845
1585120040657 0.003999864682555199 846
1585120073912 0.005112648941576481 847
1585120107321 0.00459183007478714 848
1585120141033 0.00336932810023427 849
1585120175236 0.004411001224070787 850
1585120208509 0.003713165642693639 851
1585120241993 0.0035974127240478992 852
1585120275583 0.0035953393671661615 853
1585120309188 0.003237424185499549 854
1585120342942 0.0033773905597627163 855
1585120376220 0.00384720042347908 856
1585120409881 0.0036206769291311502 857
1585120443069 0.003637688234448433 858
1585120476811 0.0038127966690808535 859
1585120510507 0.004484968725591898 860
1585120543852 0.003345868084579706 861
1585120577404 0.0046624173410236835 862
1585120611074 0.0037002149038016796 863
1585120644523 0.00412696273997426 864
1585120678639 0.0032431096769869328 865
1585120711945 0.0034343269653618336 866
1585120745658 0.0036163574550300837 867
1585120779361 0.0032791844569146633 868
1585120812702 0.0031247586011886597 869
1585120846661 0.004905469249933958 870
1585120879765 0.004388574976474047 871
1585120913272 0.0035219646524637938 872
1585120946711 0.003901771502569318 873
1585120980878 0.004192281048744917 874
1585121014273 0.003749190829694271 875
1585121048520 0.0039558750577270985 876
1585121081982 0.003285081358626485 877
1585121115285 0.004375469870865345 878
1585121148979 0.003811438335105777 879
1585121185130 0.002852849895134568 880
1585121218618 0.0033386247232556343 881
1585121252246 0.0036232084967195988 882
1585121285959 0.0037324214354157448 883
1585121319837 0.003698570653796196 884
1585121353021 0.003518352285027504 885
1585121386455 0.0036063778679817915 886
1585121420158 0.0033134405966848135 887
1585121453594 0.00375548517331481 888
1585121487099 0.00390740716829896 889
1585121521682 0.0035515883937478065 890
1585121554766 0.0035320750903338194 891
1585121588164 0.003810488386079669 892
1585121621302 0.004149855114519596 893
1585121654862 0.00659538246691227 894
1585121688472 0.003786456072703004 895
1585121721937 0.003542541526257992 896
1585121755329 0.004072542767971754 897
1585121790525 0.003791983239352703 898
1585121824013 0.0035236452240496874 899
1585121857779 0.004526312928646803 900
1585121891812 0.0037188041023910046 901
1585121925377 0.0039765299297869205 902
1585121959559 0.003723330097272992 903
1585121993891 0.004159623757004738 904
1585122027873 0.004316351842135191 905
1585122061224 0.004017115104943514 906
1585122094604 0.003943546675145626 907
1585122128172 0.002847685944288969 908
1585122161623 0.003615740453824401 909
1585122195520 0.003729692194610834 910
1585122228636 0.004480014089494944 911
1585122262214 0.004554701969027519 912
1585122295583 0.003854988142848015 913
1585122329093 0.003787784371525049 914
1585122362578 0.004372908268123865 915
1585122395946 0.0038778986781835556 916
1585122429261 0.003177883569151163 917
1585122462874 0.004240682348608971 918
1585122496111 0.004553887527436018 919
1585122529823 0.004001816734671593 920
1585122563527 0.00369629031047225 921
1585122597562 0.0032914236653596163 922
1585122630787 0.0036152161192148924 923
1585122664459 0.0035673915408551693 924
1585122697816 0.004571355879306793 925
1585122731263 0.004440084099769592 926
1585122764585 0.003526077838614583 927
1585122797838 0.003162621520459652 928
1585122831139 0.0035310136154294014 929
1585122864394 0.003590029664337635 930
1585122898094 0.003856258699670434 931
1585122931453 0.003384013194590807 932
1585122965390 0.0032722363248467445 933
1585122999387 0.0038052829913794994 934
1585123033101 0.0037212707102298737 935
1585123066398 0.004452499561011791 936
1585123100696 0.003608247498050332 937
1585123134804 0.00478027667850256 938
1585123168110 0.004183278419077396 939
1585123201393 0.0033338493667542934 940
1585123234941 0.003783979918807745 941
1585123269044 0.0036329966969788074 942
1585123302331 0.003623067168518901 943
1585123336363 0.0036412947811186314 944
1585123369634 0.0032060067169368267 945
1585123403231 0.00464288517832756 946
1585123436690 0.0042558759450912476 947
1585123470871 0.0037557678297162056 948
1585123504193 0.0042035020887851715 949
1585123537413 0.003396617714315653 950
1585123571560 0.0036665527150034904 951
1585123605328 0.003476496087387204 952
1585123639177 0.004333099350333214 953
1585123673421 0.003983600996434689 954
1585123707294 0.004142167512327433 955
1585123741271 0.005321160890161991 956
1585123775723 0.00425375672057271 957
1585123809009 0.0034693574998527765 958
1585123842650 0.0039071133360266685 959
1585123876616 0.0036390183959156275 960
1585123909997 0.003959398716688156 961
1585123943754 0.0034157871268689632 962
1585123977257 0.0036659901961684227 963
1585124011582 0.0034913653507828712 964
1585124045813 0.003670469159260392 965
1585124079424 0.0032725902274250984 966
1585124112790 0.0035074788611382246 967
1585124146074 0.0038797578308731318 968
1585124179392 0.0035842752549797297 969
1585124212786 0.0037651369348168373 970
1585124246581 0.0033149488735944033 971
1585124280939 0.003661259775981307 972
1585124314440 0.004298036452382803 973
1585124348310 0.003964590840041637 974
1585124381561 0.0034887208603322506 975
1585124414941 0.00425911508500576 976
1585124448113 0.0034812181256711483 977
1585124481116 0.0033075432293117046 978
1585124513635 0.0040620737709105015 979
1585124546024 0.003409481607377529 980
1585124578264 0.003488692222163081 981
1585124610856 0.0035897144116461277 982
1585124643134 0.00373259698972106 983
1585124675507 0.004586728755384684 984
1585124707999 0.0036639408208429813 985
1585124740357 0.003728414885699749 986
1585124772865 0.0034322342835366726 987
1585124807499 0.004120440687984228 988
1585124840040 0.003633978543803096 989
1585124872466 0.004153498914092779 990
1585124905113 0.0031177664641290903 991
1585124937518 0.0035474663600325584 992
1585124970018 0.004033731296658516 993
1585125002944 0.0039663249626755714 994
1585125035966 0.003726975293830037 995
1585125068457 0.0034527480602264404 996
1585125101195 0.0036453022621572018 997
1585125134174 0.003479430917650461 998
1585125166960 0.0038037020713090897 999
1585125199511 0.003853532252833247 1000
1585125232116 0.004051115829497576 1001
1585125264567 0.003978292923420668 1002
1585125297129 0.003691414836794138 1003
1585125329888 0.004415227100253105 1004
1585125362173 0.003950119484215975 1005
1585125394505 0.0038731899112462997 1006
1585125427187 0.003351839492097497 1007
1585125459774 0.004092675168067217 1008
1585125492427 0.0041841971687972546 1009
1585125525081 0.004311904311180115 1010
1585125557659 0.004115024581551552 1011
1585125590058 0.004024378955364227 1012
1585125622891 0.0028237660881131887 1013
1585125655938 0.003569373395293951 1014
1585125688417 0.0037009045481681824 1015
1585125721140 0.003485395573079586 1016
1585125753670 0.003303122939541936 1017
1585125786356 0.004889737814664841 1018
1585125818878 0.004149598069489002 1019
1585125851140 0.003457611659541726 1020
1585125883666 0.0035910913720726967 1021
1585125916545 0.004285495262593031 1022
1585125950267 0.003845111932605505 1023
1585125982700 0.004123548045754433 1024
1585126014918 0.0036736298352479935 1025
1585126047532 0.004061968065798283 1026
1585126080249 0.004185791593044996 1027
1585126112840 0.004347315523773432 1028
1585126145236 0.004309679847210646 1029
1585126178209 0.004590559285134077 1030
1585126210935 0.0037082501221448183 1031
1585126243479 0.0037660705856978893 1032
1585126276163 0.0037255792412906885 1033
1585126308712 0.003528806148096919 1034
1585126341340 0.004042069427669048 1035
1585126373906 0.0035580070689320564 1036
1585126406786 0.0038430741988122463 1037
1585126440214 0.0032844652887433767 1038
1585126472603 0.0036853556521236897 1039
1585126505443 0.004384963307529688 1040
1585126538245 0.004616933409124613 1041
1585126570903 0.004189929459244013 1042
1585126603497 0.0042619830928742886 1043
1585126636061 0.004073744174093008 1044
1585126669078 0.00284454133361578 1045
1585126701679 0.003456825390458107 1046
1585126734461 0.0032737592700868845 1047
1585126767108 0.003847398329526186 1048
1585126800174 0.0038058911450207233 1049
1585126832685 0.004210728220641613 1050
1585126866216 0.004239771049469709 1051
1585126898736 0.0034440455492585897 1052
1585126931491 0.003809180576354265 1053
1585126964169 0.003378229681402445 1054
1585126997143 0.003425305476412177 1055
1585127029733 0.003735416103154421 1056
1585127062435 0.0037971956189721823 1057
1585127095146 0.0040238117799162865 1058
1585127127841 0.0046308888122439384 1059
1585127160620 0.003934876061975956 1060
1585127194162 0.0032688600476831198 1061
1585127226493 0.004150488413870335 1062
1585127258628 0.004192588850855827 1063
1585127291086 0.0036213286221027374 1064
1585127323434 0.004405034705996513 1065
1585127356066 0.0037412995006889105 1066
1585127388620 0.0041591511107981205 1067
1585127421000 0.0031676962971687317 1068
1585127453646 0.003185204230248928 1069
1585127486291 0.0028984518721699715 1070
1585127518750 0.0029633070807904005 1071
1585127551144 0.0034423305187374353 1072
1585127584586 0.003141901921480894 1073
1585127617175 0.003923863638192415 1074
1585127649512 0.002851595403626561 1075
1585127682134 0.004399482626467943 1076
1585127714746 0.00311540556140244 1077
1585127747286 0.003736396785825491 1078
1585127779710 0.0037433309480547905 1079
1585127812052 0.0042237937450408936 1080
1585127844506 0.003747448790818453 1081
1585127877281 0.004260187968611717 1082
1585127910261 0.003656276036053896 1083
1585127943178 0.00391249218955636 1084
1585127975728 0.00434681074693799 1085
1585128008349 0.0035636653192341328 1086
1585128040824 0.0038098623044788837 1087
1585128073437 0.003343137912452221 1088
1585128105888 0.003303567413240671 1089
1585128138166 0.0031675519421696663 1090
1585128171186 0.0039042592979967594 1091
1585128203759 0.004541504196822643 1092
1585128239355 0.004472695291042328 1093
1585128271760 0.003728266106918454 1094
1585128304102 0.004210250917822123 1095
1585128336795 0.0037587452679872513 1096
1585128369328 0.0036563295871019363 1097
1585128401972 0.0036382083781063557 1098
1585128434682 0.004033619072288275 1099
1585128467197 0.0037684268318116665 1100
1585128499712 0.003185440320521593 1101
1585128532868 0.0033052614890038967 1102
1585128565513 0.0041380939073860645 1103
1585128598663 0.003312609391286969 1104
1585128631269 0.0042501469142735004 1105
1585128663641 0.0030182115733623505 1106
1585128695964 0.004681875463575125 1107
1585128728560 0.003616026835516095 1108
1585128761203 0.0037860278971493244 1109
1585128794085 0.003229428082704544 1110
1585128826526 0.003037795890122652 1111
1585128858885 0.0029419774655252695 1112
1585128891303 0.003736030077561736 1113
1585128924131 0.003538168268278241 1114
1585128956553 0.00428767129778862 1115
1585128990225 0.0038997731171548367 1116
1585129023395 0.0034178495407104492 1117
1585129056167 0.0031355416867882013 1118
1585129088789 0.0032757073640823364 1119
1585129121761 0.004025297239422798 1120
1585129154552 0.0038527417927980423 1121
1585129187040 0.003994658123701811 1122
1585129219720 0.0047918446362018585 1123
1585129252486 0.004155710805207491 1124
1585129284837 0.0037375197280198336 1125
1585129317260 0.004486946389079094 1126
1585129349817 0.0039700414054095745 1127
1585129382443 0.0031731126364320517 1128
1585129414997 0.0034971609711647034 1129
1585129447355 0.003594927256926894 1130
1585129480005 0.00359505508095026 1131
1585129512350 0.0027951381634920835 1132
1585129544673 0.00419657165184617 1133
1585129577063 0.003777203382924199 1134
1585129609575 0.003140136366710067 1135
1585129642243 0.003766727400943637 1136
1585129674797 0.003820665180683136 1137
1585129707345 0.0035453015007078648 1138
1585129740172 0.003914309665560722 1139
1585129773225 0.0033198201563209295 1140
1585129805561 0.0037262397818267345 1141
1585129838027 0.0034872894175350666 1142
1585129870589 0.0036256620660424232 1143
1585129903665 0.0038004720117896795 1144
1585129936456 0.0037958945613354445 1145
1585129969631 0.0035823388025164604 1146
1585130001932 0.0035939484369009733 1147
1585130034843 0.003061731345951557 1148
1585130067600 0.0035725245252251625 1149
1585130100015 0.003218790516257286 1150
1585130132368 0.0037186802364885807 1151
1585130164934 0.004193255677819252 1152
1585130197124 0.003831195645034313 1153
1585130229850 0.003828095505014062 1154
1585130263481 0.00457098800688982 1155
1585130296056 0.004010013770312071 1156
1585130328381 0.0032042786478996277 1157
1585130360548 0.0038992473855614662 1158
1585130393224 0.004736087750643492 1159
1585130425892 0.004122736398130655 1160
1585130458790 0.003886521328240633 1161
1585130491576 0.0035347952507436275 1162
1585130524143 0.003763120388612151 1163
1585130556581 0.00349059677682817 1164
1585130589012 0.003660263027995825 1165
1585130621500 0.003401682246476412 1166
1585130654017 0.003504310268908739 1167
1585130686864 0.0033844776917248964 1168
1585130719551 0.0037722254637628794 1169
1585130752762 0.004139321390539408 1170
1585130785243 0.003751712618395686 1171
1585130818986 0.003350012470036745 1172
1585130851749 0.004066097550094128 1173
1585130884587 0.0037762003485113382 1174
1585130916940 0.0032416353933513165 1175
1585130950106 0.003975832834839821 1176
1585130982535 0.002976168179884553 1177
1585131014929 0.0029305084608495235 1178
1585131047387 0.0035739915911108255 1179
1585131080094 0.0038120513781905174 1180
1585131112761 0.003969431854784489 1181
1585131145438 0.003744682529941201 1182
1585131178074 0.0033077443949878216 1183
1585131210452 0.003368640784174204 1184
1585131242978 0.004177617374807596 1185
1585131275775 0.004013881087303162 1186
1585131308123 0.003530213376507163 1187
1585131340868 0.0037839445285499096 1188
1585131373386 0.003702632850036025 1189
1585131405887 0.003393605351448059 1190
1585131438425 0.004247559700161219 1191
1585131470759 0.0031994532328099012 1192
1585131503343 0.0028962523210793734 1193
1585131535921 0.004209486767649651 1194
1585131568564 0.00336643448099494 1195
1585131601329 0.004549508448690176 1196
1585131634111 0.0031737075187265873 1197
1585131666619 0.0035545453429222107 1198
1585131699062 0.0033923841547220945 1199
1585131731632 0.0034664866980165243 1200
1585131764468 0.003579933661967516 1201
1585131797203 0.004090036731213331 1202
1585131829495 0.0035983650013804436 1203
1585131862582 0.004033103585243225 1204
1585131894638 0.0040967934764921665 1205
1585131927112 0.0032587626483291388 1206
1585131960519 0.003550434485077858 1207
1585131992718 0.003938634879887104 1208
1585132025264 0.0037350556813180447 1209
1585132057875 0.0037896716967225075 1210
1585132090273 0.003706973511725664 1211
1585132123052 0.002908147871494293 1212
1585132156305 0.0030889292247593403 1213
1585132188814 0.003535765688866377 1214
1585132221294 0.003217145334929228 1215
1585132253807 0.0035068823490291834 1216
1585132286079 0.003559734206646681 1217
1585132318930 0.0037029569502919912 1218
1585132351523 0.003929351456463337 1219
1585132384083 0.003230670001357794 1220
1585132416700 0.0041593993082642555 1221
1585132450947 0.0032867812551558018 1222
1585132483547 0.0033895433880388737 1223
1585132516192 0.003471137024462223 1224
1585132549425 0.0038703547324985266 1225
1585132582140 0.0030386021826416254 1226
1585132614538 0.0035916538909077644 1227
1585132647285 0.0037221801467239857 1228
1585132679942 0.004706081002950668 1229
1585132712574 0.004403952043503523 1230
1585132744891 0.003940778784453869 1231
1585132778365 0.003925591707229614 1232
1585132811051 0.0034655521158128977 1233
1585132843772 0.003638699185103178 1234
1585132876602 0.0033453211653977633 1235
1585132909204 0.004060967825353146 1236
1585132941867 0.003463590517640114 1237
1585132974436 0.004177380353212357 1238
1585133006957 0.003463969100266695 1239
1585133039446 0.003125918097794056 1240
1585133072172 0.0032487392891198397 1241
1585133104928 0.00314994715154171 1242
1585133137404 0.004142405930906534 1243
1585133170129 0.004193587694317102 1244
1585133202802 0.0033174031414091587 1245
1585133235464 0.0036355294287204742 1246
1585133268289 0.0043731313198804855 1247
1585133300859 0.002110937610268593 1248
1585133333634 0.004251426551491022 1249
1585133366160 0.00376434950158 1250
1585133398820 0.004456027876585722 1251
1585133431627 0.003111334517598152 1252
1585133463906 0.0038411286659538746 1253
1585133496221 0.0037430627271533012 1254
1585133528442 0.0035529162269085646 1255
1585133561359 0.0038131182081997395 1256
1585133594404 0.0031854198314249516 1257
1585133627067 0.0034024359192699194 1258
1585133659654 0.003369300626218319 1259
1585133692024 0.004227155819535255 1260
1585133725004 0.003990218508988619 1261
1585133757703 0.0033802876714617014 1262
1585133790275 0.003623285098001361 1263
1585133822874 0.003177026752382517 1264
1585133856189 0.00342117459513247 1265
1585133889835 0.0034506754018366337 1266
1585133922611 0.0027886424213647842 1267
1585133955443 0.0035781688056886196 1268
1585133988160 0.003720264183357358 1269
1585134022052 0.003950092941522598 1270
1585134054675 0.003735605627298355 1271
1585134087228 0.003525765147060156 1272
1585134120323 0.003518032841384411 1273
1585134153169 0.002590081887319684 1274
1585134186803 0.0033054689411073923 1275
1585134219304 0.003953978419303894 1276
1585134252615 0.00411209324374795 1277
1585134286441 0.0031067950185388327 1278
1585134319054 0.004052836447954178 1279
1585134351576 0.0032175558153539896 1280
1585134385303 0.003850401844829321 1281
1585134417816 0.0031077030580490828 1282
1585134450176 0.0044257622212171555 1283
1585134482908 0.003976746462285519 1284
1585134515535 0.003716493723914027 1285
1585134548070 0.00367322308011353 1286
1585134580487 0.003518014680594206 1287
1585134613198 0.0035968588199466467 1288
1585134645540 0.0038013234734535217 1289
1585134678153 0.003630046732723713 1290
1585134710719 0.0032808759715408087 1291
1585134743404 0.0034069179091602564 1292
1585134775958 0.0037163039669394493 1293
1585134808652 0.003487817943096161 1294
1585134841677 0.003121312242001295 1295
1585134874250 0.0035354539286345243 1296
1585134906633 0.0034664738923311234 1297
1585134939512 0.0036165688652545214 1298
1585134972483 0.0038114299532026052 1299
1585135005075 0.0032824715599417686 1300
1585135038604 0.0032798952888697386 1301
1585135071221 0.0036446386948227882 1302
1585135105089 0.003930453676730394 1303
1585135137806 0.003641627263277769 1304
1585135170310 0.0037401660811156034 1305
1585135203186 0.003905635792762041 1306
1585135235901 0.003430740674957633 1307
1585135268484 0.0029574211221188307 1308
1585135301136 0.003364346921443939 1309
1585135333672 0.004794872831553221 1310
1585135366551 0.0037249650340527296 1311
1585135399857 0.003589215688407421 1312
1585135432549 0.002145269187167287 1313
1585135465188 0.003315223380923271 1314
1585135497961 0.003603243036195636 1315
1585135530595 0.003786213928833604 1316
1585135563196 0.004215690307319164 1317
1585135595573 0.0034919369500130415 1318
1585135628129 0.003917553462088108 1319
1585135661152 0.003366064513102174 1320
1585135694740 0.0033920684363693 1321
1585135727576 0.003643279429525137 1322
1585135760411 0.0032878313213586807 1323
1585135793211 0.003938342910259962 1324
1585135827102 0.00395942572504282 1325
1585135859819 0.004004082642495632 1326
1585135892568 0.0034627679269760847 1327
1585135925163 0.00406666100025177 1328
1585135957748 0.003937172703444958 1329
1585135990198 0.004542033653706312 1330
1585136022853 0.003620980540290475 1331
1585136055155 0.003647057805210352 1332
1585136088099 0.00435585156083107 1333
1585136120589 0.004054524470120668 1334
1585136153466 0.003190533258020878 1335
1585136186213 0.0030621513724327087 1336
1585136218710 0.0034271629992872477 1337
1585136251585 0.0034432874526828527 1338
1585136284594 0.004235048312693834 1339
1585136317162 0.004256065934896469 1340
1585136350492 0.0035569099709391594 1341
1585136382933 0.004056008066982031 1342
1585136415849 0.0040885936468839645 1343
1585136449174 0.003468393115326762 1344
1585136481688 0.003698425367474556 1345
1585136514780 0.004121122881770134 1346
1585136547746 0.004291730001568794 1347
1585136580418 0.003306708764284849 1348
1585136613028 0.0033336691558361053 1349
1585136645699 0.0032800266053527594 1350
1585136678341 0.0027834379579871893 1351
1585136710916 0.0033541463781148195 1352
1585136743510 0.0035271525848656893 1353
1585136776549 0.003387418109923601 1354
1585136808989 0.0036878548562526703 1355
1585136841678 0.0030885229352861643 1356
1585136874305 0.0036342162638902664 1357
1585136906914 0.003273341804742813 1358
1585136939514 0.003442864865064621 1359
1585136972737 0.003964121453464031 1360
1585137005165 0.0034057938028126955 1361
1585137037920 0.003953961189836264 1362
1585137070607 0.0034610910806804895 1363
1585137103352 0.003544864244759083 1364
1585137136306 0.0033981925807893276 1365
1585137169031 0.004036919213831425 1366
1585137201593 0.00341540714725852 1367
1585137234015 0.0033805309794843197 1368
1585137266588 0.0037343630101531744 1369
1585137299084 0.0036173013504594564 1370
1585137331583 0.0031273504719138145 1371
1585137364365 0.0037590526044368744 1372
1585137397204 0.003934841603040695 1373
1585137429857 0.0034899883903563023 1374
1585137462569 0.0036345957778394222 1375
1585137495092 0.003301042364910245 1376
1585137527664 0.00356429535895586 1377
1585137560462 0.003446763614192605 1378
1585137593546 0.004812952596694231 1379
1585137625965 0.0038792004343122244 1380
1585137658713 0.0032731222454458475 1381
1585137691510 0.00375605677254498 1382
1585137724499 0.0035617416724562645 1383
1585137757253 0.0036020667757838964 1384
1585137789694 0.0037909303791821003 1385
1585137822010 0.0036633601412177086 1386
1585137854852 0.0035029591526836157 1387
1585137887980 0.0034302687272429466 1388
1585137920628 0.003424903377890587 1389
1585137953427 0.003655558917671442 1390
1585137986020 0.004060183186084032 1391
1585138019003 0.0037676533684134483 1392
1585138051810 0.003770331386476755 1393
1585138084364 0.004028956405818462 1394
1585138116677 0.0036239319015294313 1395
1585138149737 0.0038317707367241383 1396
1585138182434 0.004603201057761908 1397
1585138215200 0.003935519605875015 1398
1585138247851 0.0032005615066736937 1399
1585138280449 0.0035601642448455095 1400
1585138313163 0.0037111188285052776 1401
1585138346169 0.003707712283357978 1402
1585138378803 0.003939656540751457 1403
1585138412661 0.003958420362323523 1404
1585138445327 0.0033612935803830624 1405
1585138477807 0.004074948839843273 1406
1585138510529 0.0028619186487048864 1407
1585138543043 0.0029609256889671087 1408
1585138575888 0.003699120134115219 1409
1585138608560 0.003433512756600976 1410
1585138641154 0.003593947971239686 1411
1585138673592 0.0036638255696743727 1412
1585138706434 0.0034511068370193243 1413
1585138738761 0.004477814771234989 1414
1585138771790 0.0029356747400015593 1415
1585138804221 0.0037927175872027874 1416
1585138836752 0.0034740986302495003 1417
1585138869401 0.004009486176073551 1418
1585138902437 0.0031168314162641764 1419
1585138935341 0.0044936235062778 1420
1585138967758 0.0035703920293599367 1421
1585139000355 0.0038308820221573114 1422
1585139033055 0.0036440014373511076 1423
1585139065585 0.0037545477971434593 1424
1585139098236 0.0037606616970151663 1425
1585139130840 0.003924187738448381 1426
1585139163791 0.003052263054996729 1427
1585139196483 0.0032826203387230635 1428
1585139228960 0.003204191802069545 1429
1585139261720 0.0034139922354370356 1430
1585139294792 0.0030595450662076473 1431
1585139327463 0.003581718308851123 1432
1585139360299 0.0030580225866287947 1433
1585139392892 0.0034855096600949764 1434
1585139426670 0.0031154737807810307 1435
1585139459183 0.003913852386176586 1436
1585139491668 0.0036788599099963903 1437
1585139524430 0.0036152147222310305 1438
1585139557044 0.0038249215576797724 1439
1585139589738 0.003740998450666666 1440
1585139622159 0.003438749350607395 1441
1585139654763 0.003780159167945385 1442
1585139687572 0.003715996630489826 1443
1585139720444 0.0036897992249578238 1444
1585139753159 0.002691760426387191 1445
1585139785646 0.003174449084326625 1446
1585139818297 0.003356083296239376 1447
1585139851116 0.003548764856532216 1448
1585139883727 0.0036085103638470173 1449
1585139916387 0.003780040889978409 1450
1585139948859 0.0037264025304466486 1451
1585139981415 0.0033214183058589697 1452
1585140014344 0.0030685216188430786 1453
1585140047126 0.003380856476724148 1454
1585140079871 0.00364474393427372 1455
1585140112623 0.0031449017114937305 1456
1585140146529 0.003076515393331647 1457
1585140179057 0.002951979637145996 1458
1585140211399 0.0030930819921195507 1459
1585140243896 0.0028830524533987045 1460
1585140276841 0.003611616790294647 1461
1585140309582 0.002690523862838745 1462
1585140342083 0.0036342001985758543 1463
1585140375142 0.004001439083367586 1464
1585140407585 0.003554833820089698 1465
1585140440271 0.003192569361999631 1466
1585140472653 0.003649551887065172 1467
1585140505246 0.0036598590668290854 1468
1585140537887 0.003543292637914419 1469
1585140570294 0.0040697501972317696 1470
1585140603000 0.003111554542556405 1471
1585140635436 0.003508523106575012 1472
1585140669152 0.0036490694619715214 1473
1585140701909 0.0036334507167339325 1474
1585140734778 0.0031556282192468643 1475
1585140767508 0.003347119316458702 1476
1585140799981 0.0036739830393344164 1477
1585140832969 0.003786741988733411 1478
1585140868800 0.003942181821912527 1479
1585140901281 0.0033230246044695377 1480
1585140933878 0.003544765990227461 1481
1585140966685 0.003327561542391777 1482
1585140999291 0.0032615726813673973 1483
1585141031775 0.0031306662131100893 1484
1585141064397 0.00391241442412138 1485
1585141097513 0.0035668753553181887 1486
1585141132178 0.0036563347093760967 1487
1585141165047 0.00338680949062109 1488
1585141197777 0.003743675770238042 1489
1585141230718 0.0037314174696803093 1490
1585141263308 0.0030900388956069946 1491
1585141295859 0.0034882500767707825 1492
1585141328581 0.003543183673173189 1493
1585141361106 0.0034693204797804356 1494
1585141393744 0.004308025352656841 1495
1585141426394 0.003701541107147932 1496
1585141458861 0.0028050653636455536 1497
1585141491366 0.0034169270657002926 1498
1585141523960 0.0028951477725058794 1499
1585141556468 0.0037873289547860622 1500
