1585091756115 0.8505749702453613 0
1585091789694 0.7582588195800781 1
1585091823028 0.7078867554664612 2
1585091856499 0.6801301836967468 3
1585091889656 0.6754475235939026 4
1585091922755 0.6602656841278076 5
1585091955900 0.6457200646400452 6
1585091989124 0.6216797232627869 7
1585092022418 0.6052224636077881 8
1585092055240 0.5718501210212708 9
1585092088045 0.5562986135482788 10
1585092121364 0.5302959084510803 11
1585092154569 0.5130652189254761 12
1585092187935 0.4972380995750427 13
1585092221356 0.4811260402202606 14
1585092254576 0.47060686349868774 15
1585092288150 0.4617390036582947 16
1585092321838 0.4516615867614746 17
1585092354954 0.44345393776893616 18
1585092388237 0.4297003746032715 19
1585092421710 0.42340755462646484 20
1585092454820 0.4110819399356842 21
1585092488315 0.4052536189556122 22
1585092521429 0.39615628123283386 23
1585092554452 0.38616713881492615 24
1585092587758 0.3826274573802948 25
1585092620700 0.3765341341495514 26
1585092655138 0.3726392984390259 27
1585092688580 0.36751022934913635 28
1585092721826 0.3626644015312195 29
1585092755031 0.35722681879997253 30
1585092788067 0.35529014468193054 31
1585092821156 0.35607919096946716 32
1585092854515 0.3488631844520569 33
1585092887726 0.3443984389305115 34
1585092920711 0.3399258255958557 35
1585092953927 0.3440191149711609 36
1585092987550 0.33535081148147583 37
1585093020743 0.3328835666179657 38
1585093054356 0.3291316628456116 39
1585093087358 0.3309035897254944 40
1585093120327 0.3254822790622711 41
1585093153677 0.32477107644081116 42
1585093187539 0.3222702145576477 43
1585093221217 0.31760355830192566 44
1585093254534 0.32133933901786804 45
1585093289579 0.3170544505119324 46
1585093323340 0.31605497002601624 47
1585093357326 0.30925530195236206 48
1585093390391 0.3081246614456177 49
1585093423506 0.30645397305488586 50
1585093457926 0.30040767788887024 51
1585093491155 0.30614012479782104 52
1585093524349 0.2951847314834595 53
1585093557570 0.3029177486896515 54
1585093591389 0.3034694194793701 55
1585093624616 0.2992987036705017 56
1585093657922 0.293941468000412 57
1585093691241 0.2927929162979126 58
1585093724312 0.29378360509872437 59
1585093757485 0.2868563234806061 60
1585093791242 0.2822595536708832 61
1585093824797 0.2875252664089203 62
1585093858067 0.29562124609947205 63
1585093891395 0.2815944254398346 64
1585093924665 0.28425708413124084 65
1585093957734 0.28466564416885376 66
1585093990824 0.2784658372402191 67
1585094023886 0.2808528244495392 68
1585094057486 0.2777598202228546 69
1585094091016 0.2823368310928345 70
1585094124199 0.27042844891548157 71
1585094157480 0.28149110078811646 72
1585094190848 0.2720779478549957 73
1585094224107 0.27063602209091187 74
1585094257750 0.2702755033969879 75
1585094290663 0.2684788107872009 76
1585094324712 0.26810142397880554 77
1585094357868 0.27362385392189026 78
1585094391614 0.2677869200706482 79
1585094424955 0.2597406506538391 80
1585094458575 0.27076709270477295 81
1585094491638 0.2709738612174988 82
1585094524615 0.28423234820365906 83
1585094557484 0.26347076892852783 84
1585094590725 0.2658040225505829 85
1585094623810 0.25516554713249207 86
1585094657507 0.26112356781959534 87
1585094691130 0.25017181038856506 88
1585094724051 0.2545706629753113 89
1585094757544 0.2538014352321625 90
1585094791033 0.2527257204055786 91
1585094823950 0.25465476512908936 92
1585094857121 0.24941685795783997 93
1585094890428 0.24918760359287262 94
1585094923515 0.24338775873184204 95
1585094956487 0.2446805089712143 96
1585094989420 0.24367009103298187 97
1585095022576 0.25149884819984436 98
1585095055494 0.24802565574645996 99
1585095088425 0.24086067080497742 100
1585095121534 0.24664361774921417 101
1585095154818 0.24178361892700195 102
1585095188648 0.24418476223945618 103
1585095221732 0.24054676294326782 104
1585095255062 0.24862170219421387 105
1585095288325 0.23852045834064484 106
1585095321434 0.2446238249540329 107
1585095355075 0.2385973483324051 108
1585095387995 0.23483724892139435 109
1585095421055 0.2425040453672409 110
1585095454118 0.2301110178232193 111
1585095488399 0.23461733758449554 112
1585095521530 0.24045896530151367 113
1585095554479 0.2285449057817459 114
1585095587419 0.23640860617160797 115
1585095620724 0.23819589614868164 116
1585095653933 0.22959144413471222 117
1585095687567 0.23740972578525543 118
1585095720675 0.2324712872505188 119
1585095753795 0.22637134790420532 120
1585095787238 0.23038265109062195 121
1585095820691 0.23137728869915009 122
1585095854252 0.2302175611257553 123
1585095887380 0.22273631393909454 124
1585095920782 0.23091237246990204 125
1585095954189 0.2210383117198944 126
1585095987551 0.22429104149341583 127
1585096020685 0.2271333485841751 128
1585096054029 0.2204558253288269 129
1585096087549 0.22760698199272156 130
1585096120630 0.22964592278003693 131
1585096153750 0.22148394584655762 132
1585096186898 0.2367103099822998 133
1585096220001 0.22492964565753937 134
1585096253178 0.2184499204158783 135
1585096286429 0.2206566333770752 136
1585096319504 0.22124695777893066 137
1585096352708 0.21824009716510773 138
1585096385942 0.22129853069782257 139
1585096419391 0.21637755632400513 140
1585096452356 0.21301957964897156 141
1585096485596 0.212284117937088 142
1585096519171 0.2190152257680893 143
1585096552194 0.2145608514547348 144
1585096585344 0.21151766180992126 145
1585096618510 0.21245558559894562 146
1585096651762 0.21527501940727234 147
1585096684955 0.21069231629371643 148
1585096717978 0.2289953976869583 149
1585096750870 0.21020740270614624 150
1585096784096 0.2092636078596115 151
1585096817578 0.20633167028427124 152
1585096850399 0.2106695920228958 153
1585096883596 0.20778639614582062 154
1585096916955 0.20640885829925537 155
1585096950196 0.21005983650684357 156
1585096983249 0.20875364542007446 157
1585097016625 0.20196010172367096 158
1585097049839 0.20929235219955444 159
1585097083937 0.19699054956436157 160
1585097116928 0.2017287164926529 161
1585097150513 0.20293259620666504 162
1585097184076 0.20221096277236938 163
1585097217134 0.2078385055065155 164
1585097250912 0.19754424691200256 165
1585097283926 0.2002972960472107 166
1585097317061 0.20354634523391724 167
1585097351219 0.20333199203014374 168
1585097385308 0.1995944380760193 169
1585097418060 0.2021588534116745 170
1585097451643 0.19507744908332825 171
1585097485143 0.1982486993074417 172
1585097518086 0.19568826258182526 173
1585097551787 0.19723089039325714 174
1585097584932 0.1908217966556549 175
1585097617921 0.19329914450645447 176
1585097651092 0.20076365768909454 177
1585097684331 0.20053011178970337 178
1585097717495 0.19910456240177155 179
1585097750610 0.1938459873199463 180
1585097784473 0.19487932324409485 181
1585097817645 0.19283248484134674 182
1585097850646 0.20033322274684906 183
1585097883769 0.19128082692623138 184
1585097916929 0.19949324429035187 185
1585097950306 0.19003894925117493 186
1585097984181 0.1926298886537552 187
1585098017232 0.18937183916568756 188
1585098050384 0.19001446664333344 189
1585098083316 0.19601479172706604 190
1585098116327 0.18954354524612427 191
1585098149715 0.18916144967079163 192
1585098182617 0.19041483104228973 193
1585098215987 0.18697315454483032 194
1585098249371 0.18384778499603271 195
1585098282362 0.1903436928987503 196
1585098315670 0.1925780475139618 197
1585098350179 0.1889774203300476 198
1585098383512 0.1852549910545349 199
1585098416556 0.1896667182445526 200
1585098449721 0.18233618140220642 201
1585098483007 0.19774189591407776 202
1585098516588 0.1840655505657196 203
1585098549699 0.17692036926746368 204
1585098582746 0.18830770254135132 205
1585098615872 0.18123020231723785 206
1585098649315 0.1894051879644394 207
1585098682579 0.1827714890241623 208
1585098715945 0.17968983948230743 209
1585098749053 0.1801651418209076 210
1585098782208 0.18514998257160187 211
1585098815421 0.18116804957389832 212
1585098848896 0.18124014139175415 213
1585098882498 0.18701082468032837 214
1585098915644 0.17958109080791473 215
1585098948613 0.17783395946025848 216
1585098981799 0.18006569147109985 217
1585099014834 0.17964912950992584 218
1585099048020 0.17466095089912415 219
1585099080930 0.18971385061740875 220
1585099114005 0.17799915373325348 221
1585099146960 0.17230422794818878 222
1585099179939 0.18252108991146088 223
1585099213249 0.17467589676380157 224
1585099246499 0.17665648460388184 225
1585099279403 0.17120058834552765 226
1585099312500 0.18067562580108643 227
1585099345572 0.1777447760105133 228
1585099378887 0.1778002232313156 229
1585099411908 0.18607103824615479 230
1585099445199 0.17243045568466187 231
1585099478414 0.18140138685703278 232
1585099511493 0.17981697618961334 233
1585099545816 0.1796576976776123 234
1585099579135 0.17350716888904572 235
1585099612431 0.1773388683795929 236
1585099645425 0.17568126320838928 237
1585099678885 0.17535024881362915 238
1585099712063 0.16767139732837677 239
1585099745089 0.17954306304454803 240
1585099778284 0.16730470955371857 241
1585099811488 0.17104367911815643 242
1585099846169 0.16938291490077972 243
1585099879873 0.17230069637298584 244
1585099913200 0.16900217533111572 245
1585099946683 0.16796191036701202 246
1585099979713 0.16500581800937653 247
1585100012530 0.16222265362739563 248
1585100046448 0.17439720034599304 249
1585100079464 0.1685364842414856 250
1585100112404 0.1665726602077484 251
1585100145727 0.1766587346792221 252
1585100179104 0.1759757250547409 253
1585100212203 0.16851480305194855 254
1585100245111 0.16760174930095673 255
1585100278311 0.1719350963830948 256
1585100311365 0.16231994330883026 257
1585100344661 0.18703889846801758 258
1585100377942 0.16423793137073517 259
1585100411024 0.17234456539154053 260
1585100443953 0.16897642612457275 261
1585100477684 0.17003081738948822 262
1585100511260 0.1648206263780594 263
1585100544783 0.16058418154716492 264
1585100578004 0.16717950999736786 265
1585100611372 0.1631758213043213 266
1585100644484 0.16076527535915375 267
1585100677653 0.16180498898029327 268
1585100710884 0.16837002336978912 269
1585100744257 0.15855738520622253 270
1585100777408 0.1572960764169693 271
1585100810743 0.1731584668159485 272
1585100843895 0.15834075212478638 273
1585100877354 0.15797793865203857 274
1585100910935 0.15957093238830566 275
1585100944196 0.166499063372612 276
1585100977156 0.16340385377407074 277
1585101010327 0.1699664443731308 278
1585101043205 0.1635676473379135 279
1585101076268 0.1593005508184433 280
1585101109238 0.16042597591876984 281
1585101142383 0.16222961246967316 282
1585101175709 0.16500312089920044 283
1585101209059 0.15655359625816345 284
1585101242024 0.16419655084609985 285
1585101276126 0.15925297141075134 286
1585101309376 0.15322355926036835 287
1585101342314 0.17189174890518188 288
1585101375919 0.15833616256713867 289
1585101409235 0.157194122672081 290
1585101442561 0.1699203997850418 291
1585101476094 0.1596759408712387 292
1585101509695 0.15951648354530334 293
1585101542781 0.15600627660751343 294
1585101575823 0.15141265094280243 295
1585101608953 0.16127847135066986 296
1585101641986 0.1509581208229065 297
1585101675158 0.16526545584201813 298
1585101708177 0.16912157833576202 299
1585101741351 0.1490127146244049 300
1585101774401 0.1539185792207718 301
1585101807492 0.1637539267539978 302
1585101841099 0.15874162316322327 303
1585101874191 0.16486625373363495 304
1585101907578 0.14877167344093323 305
1585101940656 0.1529352217912674 306
1585101973921 0.15087701380252838 307
1585102006958 0.15799985826015472 308
1585102040636 0.16150589287281036 309
1585102074155 0.15924249589443207 310
1585102107621 0.1536022424697876 311
1585102141115 0.15550826489925385 312
1585102174832 0.1519441306591034 313
1585102208004 0.1493956297636032 314
1585102241305 0.15062130987644196 315
1585102274553 0.14714114367961884 316
1585102307740 0.14910830557346344 317
1585102341336 0.1598360538482666 318
1585102374644 0.1590002179145813 319
1585102408333 0.14696355164051056 320
1585102441438 0.1502389907836914 321
1585102474583 0.15090839564800262 322
1585102507649 0.15140029788017273 323
1585102540675 0.14686565101146698 324
1585102573953 0.15614080429077148 325
1585102607109 0.14825452864170074 326
1585102640272 0.15662753582000732 327
1585102673222 0.1466904729604721 328
1585102706110 0.15048237144947052 329
1585102739551 0.14411933720111847 330
1585102772848 0.14455671608448029 331
1585102806147 0.15353496372699738 332
1585102839394 0.14652681350708008 333
1585102872436 0.1471365988254547 334
1585102905634 0.14124606549739838 335
1585102938985 0.16589617729187012 336
1585102972430 0.1557377576828003 337
1585103005428 0.16267825663089752 338
1585103039144 0.14946305751800537 339
1585103072407 0.1587696522474289 340
1585103105505 0.1561061143875122 341
1585103138751 0.14689107239246368 342
1585103172169 0.15004542469978333 343
1585103205440 0.15435142815113068 344
1585103239123 0.14456084370613098 345
1585103272420 0.17316266894340515 346
1585103305848 0.14880459010601044 347
1585103339256 0.1460074931383133 348
1585103372815 0.15051503479480743 349
1585103405964 0.14181695878505707 350
1585103439363 0.13894209265708923 351
1585103473086 0.14447106420993805 352
1585103506062 0.14211520552635193 353
1585103539213 0.14397397637367249 354
1585103572543 0.14773699641227722 355
1585103605764 0.15019641816616058 356
1585103638971 0.14223022758960724 357
1585103672678 0.13729113340377808 358
1585103705888 0.14246144890785217 359
1585103739059 0.13546481728553772 360
1585103772139 0.1401997059583664 361
1585103805246 0.13619105517864227 362
1585103838620 0.1383221596479416 363
1585103871928 0.13632138073444366 364
1585103905452 0.14432404935359955 365
1585103938544 0.15121270716190338 366
1585103971471 0.1391938328742981 367
1585104004801 0.13893885910511017 368
1585104038053 0.14494234323501587 369
1585104070908 0.14743399620056152 370
1585104103826 0.13771197199821472 371
1585104136820 0.1569550484418869 372
1585104174318 0.1301736831665039 373
1585104207971 0.14231152832508087 374
1585104240972 0.13651390373706818 375
1585104274639 0.14264559745788574 376
1585104308633 0.14653845131397247 377
1585104341876 0.14141936600208282 378
1585104375562 0.13981400430202484 379
1585104410068 0.14073093235492706 380
1585104443126 0.1409020721912384 381
1585104477496 0.13431522250175476 382
1585104510827 0.13879594206809998 383
1585104543725 0.1312648057937622 384
1585104576817 0.14164073765277863 385
1585104609822 0.1344916969537735 386
1585104642867 0.1344657987356186 387
1585104677050 0.13510315120220184 388
1585104710295 0.134414941072464 389
1585104743621 0.1420532763004303 390
1585104776704 0.1439337581396103 391
1585104809904 0.14276841282844543 392
1585104843499 0.13817307353019714 393
1585104876534 0.13726969063282013 394
1585104909696 0.12979060411453247 395
1585104942928 0.13477285206317902 396
1585104977088 0.13871094584465027 397
1585105010172 0.14677457511425018 398
1585105043406 0.13901086151599884 399
1585105076538 0.13504436612129211 400
1585105109385 0.13976968824863434 401
1585105142581 0.13851912319660187 402
1585105175560 0.13479188084602356 403
1585105208448 0.13094253838062286 404
1585105241609 0.13427306711673737 405
1585105274613 0.13695842027664185 406
1585105307940 0.1437431275844574 407
1585105341040 0.14450959861278534 408
1585105374142 0.1325012892484665 409
1585105407519 0.12761139869689941 410
1585105442512 0.1311270147562027 411
1585105476181 0.12948288023471832 412
1585105509917 0.14189590513706207 413
1585105543309 0.12850485742092133 414
1585105576431 0.13800795376300812 415
1585105609550 0.1375611275434494 416
1585105642598 0.1440790295600891 417
1585105675674 0.1316799521446228 418
1585105709042 0.14556607604026794 419
1585105742545 0.13443484902381897 420
1585105775820 0.12381865084171295 421
1585105808743 0.12971872091293335 422
1585105843761 0.12659287452697754 423
1585105877043 0.13298694789409637 424
1585105910298 0.13688364624977112 425
1585105943288 0.13225801289081573 426
1585105976654 0.1349530816078186 427
1585106009834 0.1351107507944107 428
1585106042935 0.12600912153720856 429
1585106075774 0.12862753868103027 430
1585106109052 0.13171716034412384 431
1585106142256 0.14447222650051117 432
1585106175284 0.12852776050567627 433
1585106208473 0.13327133655548096 434
1585106241622 0.12754260003566742 435
1585106275049 0.12821820378303528 436
1585106308665 0.13018393516540527 437
1585106342434 0.13172248005867004 438
1585106375677 0.12637974321842194 439
1585106408839 0.12703406810760498 440
1585106442749 0.137273371219635 441
1585106475813 0.12876562774181366 442
1585106509028 0.1295863389968872 443
1585106542215 0.13388991355895996 444
1585106575834 0.12577016651630402 445
1585106609121 0.13047659397125244 446
1585106642712 0.13548578321933746 447
1585106676110 0.13735602796077728 448
1585106709508 0.12990011274814606 449
1585106742892 0.14347152411937714 450
1585106776112 0.127071812748909 451
1585106809213 0.12816864252090454 452
1585106843485 0.1276058703660965 453
1585106877078 0.12709710001945496 454
1585106910167 0.12403412908315659 455
1585106943799 0.12651868164539337 456
1585106977452 0.12648116052150726 457
1585107011684 0.12729427218437195 458
1585107044662 0.13745653629302979 459
1585107077872 0.126841738820076 460
1585107111210 0.12330591678619385 461
1585107144080 0.12857688963413239 462
1585107177172 0.12782038748264313 463
1585107210500 0.12696392834186554 464
1585107243583 0.12844084203243256 465
1585107276696 0.1298377811908722 466
1585107310019 0.1236213818192482 467
1585107344271 0.12268298119306564 468
1585107377228 0.14750590920448303 469
1585107410499 0.12638096511363983 470
1585107443585 0.12497396022081375 471
1585107476623 0.1209259033203125 472
1585107509925 0.13415475189685822 473
1585107543534 0.13130760192871094 474
1585107576951 0.13589078187942505 475
1585107610099 0.12201754003763199 476
1585107643553 0.12278250604867935 477
1585107676862 0.1240609660744667 478
1585107710746 0.12794311344623566 479
1585107744547 0.12375239282846451 480
1585107778872 0.12720987200737 481
1585107813159 0.12811210751533508 482
1585107846411 0.14524291455745697 483
1585107879934 0.139372780919075 484
1585107913526 0.13129769265651703 485
1585107946954 0.12408194690942764 486
1585107980190 0.12568123638629913 487
1585108013420 0.11785576492547989 488
1585108046443 0.1219821348786354 489
1585108079708 0.12310559302568436 490
1585108112712 0.12520653009414673 491
1585108145625 0.12319031357765198 492
1585108179277 0.13264155387878418 493
1585108212518 0.11872637271881104 494
1585108245438 0.13502608239650726 495
1585108278868 0.11756850779056549 496
1585108312218 0.11998889595270157 497
1585108345304 0.1194423958659172 498
1585108378510 0.12373188138008118 499
1585108411466 0.12649528682231903 500
1585108446009 0.1164720430970192 501
1585108479031 0.1332206428050995 502
1585108512267 0.12787029147148132 503
1585108546318 0.11796111613512039 504
1585108579333 0.11970969289541245 505
1585108612712 0.12443934381008148 506
1585108646563 0.12235956639051437 507
1585108679618 0.12281950563192368 508
1585108712766 0.12132654339075089 509
1585108745853 0.11931848526000977 510
1585108779233 0.1143789142370224 511
1585108813443 0.12211956083774567 512
1585108846534 0.12672412395477295 513
1585108879623 0.11636397987604141 514
1585108912830 0.13506266474723816 515
1585108945823 0.1239103227853775 516
1585108979009 0.12394098192453384 517
1585109012869 0.11686941236257553 518
1585109046075 0.1179376170039177 519
1585109079284 0.12385744601488113 520
1585109112656 0.11613479256629944 521
1585109145906 0.13828222453594208 522
1585109179267 0.1137937605381012 523
1585109212592 0.11831233650445938 524
1585109245775 0.11850555986166 525
1585109278942 0.11375759541988373 526
1585109311867 0.12027910351753235 527
1585109346834 0.1167951449751854 528
1585109379804 0.11760850995779037 529
1585109412836 0.11463917791843414 530
1585109446236 0.11682698875665665 531
1585109479330 0.12850679457187653 532
1585109512830 0.11481431126594543 533
1585109546120 0.12587983906269073 534
1585109579415 0.11244317144155502 535
1585109613682 0.11047106236219406 536
1585109646646 0.12582463026046753 537
1585109680224 0.11728448420763016 538
1585109713628 0.117385134100914 539
1585109746970 0.1103343591094017 540
1585109780165 0.14037390053272247 541
1585109813672 0.12794864177703857 542
1585109846871 0.1100204735994339 543
1585109879825 0.12439792603254318 544
1585109913126 0.11792560666799545 545
1585109946402 0.11892414093017578 546
1585109979615 0.1097279042005539 547
1585110012732 0.11751525849103928 548
1585110046837 0.12421540170907974 549
1585110079933 0.11410751938819885 550
1585110113332 0.11317455768585205 551
1585110146747 0.11109999567270279 552
1585110179696 0.11482379585504532 553
1585110213726 0.11383099108934402 554
1585110246943 0.12145846337080002 555
1585110280067 0.12123766541481018 556
1585110312978 0.10972081869840622 557
1585110345939 0.11519382894039154 558
1585110379325 0.11610797047615051 559
1585110412566 0.12003624439239502 560
1585110445716 0.11440572887659073 561
1585110478868 0.12177713960409164 562
1585110512517 0.1140829473733902 563
1585110545623 0.11226800084114075 564
1585110578651 0.11099632829427719 565
1585110612050 0.10838949680328369 566
1585110645332 0.11797060072422028 567
1585110678268 0.12450835853815079 568
1585110711368 0.11943504959344864 569
1585110744402 0.11855027824640274 570
1585110777609 0.11413148045539856 571
1585110810709 0.13008254766464233 572
1585110845495 0.1189107894897461 573
1585110878396 0.11671357601881027 574
1585110911428 0.11781937628984451 575
1585110944661 0.10951782763004303 576
1585110977730 0.10718277841806412 577
1585111010901 0.11174868047237396 578
1585111043857 0.11180777102708817 579
1585111076852 0.12389245629310608 580
1585111110400 0.11669519543647766 581
1585111143558 0.11948929727077484 582
1585111176703 0.11780130863189697 583
1585111209958 0.1160457506775856 584
1585111243097 0.11525408178567886 585
1585111276437 0.12978056073188782 586
1585111309482 0.10928966104984283 587
1585111342866 0.11509132385253906 588
1585111376261 0.10881402343511581 589
1585111409117 0.10894328355789185 590
1585111442150 0.10902666300535202 591
1585111475442 0.12208851426839828 592
1585111508518 0.11293981224298477 593
1585111542974 0.11277825385332108 594
1585111576203 0.11725412309169769 595
1585111609729 0.12364096194505692 596
1585111642916 0.1147778332233429 597
1585111676075 0.12320739775896072 598
1585111709825 0.11003416776657104 599
1585111743143 0.11657554656267166 600
1585111776381 0.1125541403889656 601
1585111810249 0.11008019000291824 602
1585111843438 0.12155482918024063 603
1585111876773 0.11951826512813568 604
1585111910320 0.10487683117389679 605
1585111943624 0.1162860170006752 606
1585111976928 0.10960059612989426 607
1585112010044 0.10824846476316452 608
1585112044463 0.11601588875055313 609
1585112078209 0.11297469586133957 610
1585112111449 0.11267981678247452 611
1585112144638 0.10261881351470947 612
1585112178309 0.1105661541223526 613
1585112212309 0.11369401961565018 614
1585112245750 0.11085466295480728 615
1585112279054 0.10990739613771439 616
1585112312601 0.10728364437818527 617
1585112346136 0.10509937256574631 618
1585112379439 0.11543973535299301 619
1585112412861 0.10497495532035828 620
1585112446421 0.10559150576591492 621
1585112480206 0.10708089172840118 622
1585112514610 0.12616313993930817 623
1585112548973 0.10296115279197693 624
1585112584096 0.10505194216966629 625
1585112618303 0.10493075102567673 626
1585112651453 0.10490608960390091 627
1585112685599 0.11269354820251465 628
1585112719608 0.1033455953001976 629
1585112753928 0.11381418257951736 630
1585112787888 0.11023221909999847 631
1585112821238 0.10948838293552399 632
1585112854640 0.11095289140939713 633
1585112888984 0.10524727404117584 634
1585112922318 0.10649740695953369 635
1585112955652 0.12017840892076492 636
1585112988989 0.10636646300554276 637
1585113022779 0.10446584969758987 638
1585113056024 0.10533370822668076 639
1585113089588 0.10425660759210587 640
1585113122746 0.10694131255149841 641
1585113155956 0.1028098538517952 642
1585113189500 0.1033034548163414 643
1585113223728 0.10436315834522247 644
1585113257309 0.10907920449972153 645
1585113291656 0.1142587661743164 646
1585113325039 0.11094960570335388 647
1585113358651 0.09816273301839828 648
1585113391924 0.10506255179643631 649
1585113425592 0.10503765940666199 650
1585113458877 0.1054217591881752 651
1585113492262 0.10406602174043655 652
1585113525320 0.1085096076130867 653
1585113559004 0.10799513012170792 654
1585113592806 0.11134979873895645 655
1585113627122 0.10384105890989304 656
1585113660585 0.10479576885700226 657
1585113695256 0.10366056114435196 658
1585113728552 0.10184705257415771 659
1585113762047 0.11840621381998062 660
1585113796305 0.11166861653327942 661
1585113829551 0.10727515816688538 662
1585113863268 0.11009440571069717 663
1585113897035 0.10731828212738037 664
1585113930423 0.10815655440092087 665
1585113965492 0.11213571578264236 666
1585114000440 0.09884682297706604 667
1585114035931 0.10650069266557693 668
1585114070234 0.11502867192029953 669
1585114103725 0.10312497615814209 670
1585114137133 0.10088981688022614 671
1585114170486 0.10392730683088303 672
1585114204488 0.10084183514118195 673
1585114237925 0.10670576989650726 674
1585114271572 0.10668398439884186 675
1585114305189 0.1030983179807663 676
1585114338597 0.10584226995706558 677
1585114371945 0.10179159790277481 678
1585114405118 0.09822259098291397 679
1585114438318 0.10296061635017395 680
1585114472682 0.11256984621286392 681
1585114506173 0.10844264924526215 682
1585114539505 0.10334532707929611 683
1585114573154 0.1016223132610321 684
1585114606745 0.11345987766981125 685
1585114640547 0.10288835316896439 686
1585114674415 0.11132649332284927 687
1585114707824 0.1034616008400917 688
1585114742344 0.09961429983377457 689
1585114776655 0.10314873605966568 690
1585114810178 0.10174217075109482 691
1585114844053 0.0984455943107605 692
1585114877355 0.10370731353759766 693
1585114910614 0.12062512338161469 694
1585114943955 0.0985843613743782 695
1585114977815 0.1010657325387001 696
1585115011271 0.10178694874048233 697
1585115044946 0.10409720987081528 698
1585115078293 0.10116653144359589 699
1585115112409 0.10244958102703094 700
1585115146158 0.09535590559244156 701
1585115179482 0.09985033422708511 702
1585115213672 0.10421627014875412 703
1585115249317 0.10456489771604538 704
1585115283290 0.10054376721382141 705
1585115317442 0.11093983799219131 706
1585115351155 0.11537226289510727 707
1585115384555 0.09959236532449722 708
1585115418122 0.10626162588596344 709
1585115452225 0.11382614076137543 710
1585115486191 0.12959575653076172 711
1585115519692 0.10551663488149643 712
1585115553067 0.13450881838798523 713
1585115587195 0.0989699438214302 714
1585115620423 0.09797942638397217 715
1585115654076 0.1027786061167717 716
1585115687185 0.09796250611543655 717
1585115720581 0.09711378812789917 718
1585115753610 0.10543942451477051 719
1585115786827 0.0979219451546669 720
1585115820353 0.09775161743164062 721
1585115854082 0.1075548306107521 722
1585115887773 0.10100759565830231 723
1585115921396 0.09773651510477066 724
1585115954987 0.11066433042287827 725
1585115989901 0.1026618629693985 726
1585116023211 0.10259803384542465 727
1585116056843 0.10179329663515091 728
1585116090279 0.0965033546090126 729
1585116124006 0.09794948250055313 730
1585116157348 0.10493535548448563 731
1585116191272 0.10671500861644745 732
1585116224538 0.09912961721420288 733
1585116258006 0.09764406085014343 734
1585116292661 0.10008011013269424 735
1585116327387 0.10334982722997665 736
1585116361103 0.0974138155579567 737
1585116394528 0.09710104763507843 738
1585116427825 0.09949050843715668 739
1585116462030 0.09635112434625626 740
1585116496861 0.09557995945215225 741
1585116530849 0.09879409521818161 742
1585116564487 0.09471219778060913 743
1585116597808 0.09936324506998062 744
1585116631002 0.09520817548036575 745
1585116665368 0.09925366193056107 746
1585116699630 0.10459262877702713 747
1585116733598 0.09851936250925064 748
1585116766949 0.10138311237096786 749
1585116800623 0.09918097406625748 750
1585116835083 0.10847510397434235 751
1585116869003 0.09878825396299362 752
1585116902655 0.10935670137405396 753
1585116936116 0.10194169729948044 754
1585116969204 0.09383701533079147 755
1585117002424 0.10798300802707672 756
1585117036263 0.10238555073738098 757
1585117069863 0.09979862719774246 758
1585117103424 0.09882063418626785 759
1585117137686 0.10310257971286774 760
1585117172089 0.09406491369009018 761
1585117206202 0.0930047333240509 762
1585117239971 0.10019717365503311 763
1585117273174 0.10523920506238937 764
1585117306665 0.11149891465902328 765
1585117340161 0.10394763946533203 766
1585117373564 0.09320655465126038 767
1585117407222 0.09810858219861984 768
1585117440632 0.0908774584531784 769
1585117473865 0.09688249975442886 770
1585117507161 0.09533777087926865 771
1585117540472 0.1034310832619667 772
1585117573667 0.12018219381570816 773
1585117607600 0.1038181483745575 774
1585117641424 0.11473210901021957 775
1585117675506 0.10010585933923721 776
1585117708926 0.09703776985406876 777
1585117742077 0.09282929450273514 778
1585117775495 0.09429085999727249 779
1585117808904 0.10154429823160172 780
1585117842301 0.09427867829799652 781
1585117875568 0.0969318374991417 782
1585117909155 0.10685291886329651 783
1585117943517 0.10323690623044968 784
1585117976900 0.1028214544057846 785
1585118010694 0.09520194679498672 786
1585118044684 0.0938456729054451 787
1585118078823 0.0954200029373169 788
1585118112469 0.102037213742733 789
1585118147698 0.09720313549041748 790
1585118180755 0.09977531433105469 791
1585118214162 0.10558807849884033 792
1585118247764 0.09391645342111588 793
1585118281300 0.10107768326997757 794
1585118314960 0.0947863906621933 795
1585118348305 0.09514328092336655 796
1585118381973 0.09974678605794907 797
1585118415221 0.11482246965169907 798
1585118448866 0.10132887214422226 799
1585118482200 0.09299369901418686 800
1585118515776 0.09821038693189621 801
1585118549592 0.09668847918510437 802
1585118583097 0.09594684839248657 803
1585118616419 0.09194748848676682 804
1585118650035 0.09283363074064255 805
1585118683642 0.09946699440479279 806
1585118717224 0.09294961392879486 807
1585118750982 0.09277930110692978 808
1585118784350 0.09128082543611526 809
1585118818077 0.10403794795274734 810
1585118851414 0.08919224888086319 811
1585118885051 0.08991435915231705 812
1585118918647 0.09427271783351898 813
1585118952028 0.0898105651140213 814
1585118986496 0.09439632296562195 815
1585119019900 0.09645330905914307 816
1585119053048 0.096947081387043 817
1585119086625 0.09540257602930069 818
1585119120291 0.09752534329891205 819
1585119153524 0.09523992240428925 820
1585119187197 0.09517141431570053 821
1585119221791 0.09276195615530014 822
1585119255138 0.09534932672977448 823
1585119289763 0.09779426455497742 824
1585119323503 0.09377112239599228 825
1585119356820 0.08941689133644104 826
1585119389987 0.09265158325433731 827
1585119423391 0.09331464767456055 828
1585119457066 0.09067866951227188 829
1585119490571 0.09520626068115234 830
1585119523835 0.09294406324625015 831
1585119557045 0.08713398873806 832
1585119590239 0.08664052933454514 833
1585119624076 0.09807969629764557 834
1585119657362 0.09365715086460114 835
1585119692261 0.09458843618631363 836
1585119726502 0.09234227240085602 837
1585119759963 0.09957440197467804 838
1585119794317 0.10854284465312958 839
1585119827655 0.09230334311723709 840
1585119861099 0.08681649714708328 841
1585119894851 0.09410347044467926 842
1585119928717 0.09094735234975815 843
1585119962304 0.08834746479988098 844
1585119995633 0.0893564522266388 845
1585120029022 0.08418907970190048 846
1585120062247 0.09580075740814209 847
1585120095688 0.1008099615573883 848
1585120129287 0.09317280352115631 849
1585120163512 0.09691891819238663 850
1585120196831 0.08920203149318695 851
1585120230193 0.09284056723117828 852
1585120263836 0.09561743587255478 853
1585120297367 0.0883336067199707 854
1585120330988 0.08654555678367615 855
1585120364509 0.090596042573452 856
1585120398096 0.09484724700450897 857
1585120431415 0.0940510630607605 858
1585120465113 0.08594954758882523 859
1585120498655 0.09877609461545944 860
1585120532198 0.08817540854215622 861
1585120565594 0.0910995826125145 862
1585120599311 0.08463620394468307 863
1585120632761 0.09848025441169739 864
1585120666763 0.09272077679634094 865
1585120700291 0.10024891048669815 866
1585120733971 0.089654341340065 867
1585120767330 0.08494863659143448 868
1585120801072 0.10015193372964859 869
1585120834757 0.09669613838195801 870
1585120868122 0.08664534240961075 871
1585120901626 0.0927603468298912 872
1585120934948 0.10269998759031296 873
1585120969069 0.08749007433652878 874
1585121002520 0.10595361143350601 875
1585121036777 0.09342752397060394 876
1585121070294 0.0934021919965744 877
1585121103495 0.09468332678079605 878
1585121137261 0.0943460538983345 879
1585121173330 0.09167733788490295 880
1585121206868 0.08695677667856216 881
1585121240468 0.09266991913318634 882
1585121274172 0.08741948753595352 883
1585121307967 0.09555820375680923 884
1585121341389 0.0853484496474266 885
1585121374624 0.08801095187664032 886
1585121408110 0.08408103138208389 887
1585121441947 0.098347969353199 888
1585121475407 0.09407211095094681 889
1585121510026 0.0906665250658989 890
1585121543058 0.08370942622423172 891
1585121576483 0.08413078635931015 892
1585121609664 0.0951164960861206 893
1585121643017 0.09004472941160202 894
1585121676649 0.1013375073671341 895
1585121710242 0.0923188179731369 896
1585121743683 0.09151232987642288 897
1585121778455 0.089689239859581 898
1585121812178 0.08786004781723022 899
1585121845975 0.08102486282587051 900
1585121880169 0.09842947125434875 901
1585121913594 0.09055479615926743 902
1585121947895 0.0890471413731575 903
1585121982056 0.09124863892793655 904
1585122015554 0.09943287074565887 905
1585122049456 0.09075555950403214 906
1585122082694 0.08525190502405167 907
1585122116165 0.10111959278583527 908
1585122149695 0.08961444348096848 909
1585122183225 0.09464575350284576 910
1585122216995 0.08951827138662338 911
1585122250297 0.0801112949848175 912
1585122283737 0.09318188577890396 913
1585122317336 0.08468963950872421 914
1585122350856 0.09471256285905838 915
1585122384255 0.08822140842676163 916
1585122417424 0.08969507366418839 917
1585122451030 0.08524433523416519 918
1585122484442 0.09276629984378815 919
1585122518162 0.08623018115758896 920
1585122551671 0.09390030801296234 921
1585122585945 0.08648093044757843 922
1585122619101 0.08975140750408173 923
1585122652370 0.09123585373163223 924
1585122686069 0.08665590733289719 925
1585122719568 0.08654078841209412 926
1585122752767 0.08896196633577347 927
1585122786140 0.08473978191614151 928
1585122819290 0.08616013824939728 929
1585122852603 0.08209305256605148 930
1585122885925 0.09076028317213058 931
1585122919737 0.08669809997081757 932
1585122953018 0.09026500582695007 933
1585122987238 0.09886759519577026 934
1585123021185 0.0930502712726593 935
1585123054638 0.0857481062412262 936
1585123088288 0.08328123390674591 937
1585123123124 0.08464961498975754 938
1585123156468 0.10393623262643814 939
1585123189743 0.08550077676773071 940
1585123223182 0.08635950088500977 941
1585123257242 0.08031031489372253 942
1585123290605 0.10175706446170807 943
1585123324486 0.09457473456859589 944
1585123357884 0.08556651324033737 945
1585123391455 0.09155397862195969 946
1585123424953 0.09308618307113647 947
1585123458395 0.0887058675289154 948
1585123492394 0.08516115695238113 949
1585123525686 0.10546711832284927 950
1585123559678 0.08198360353708267 951
1585123593195 0.08538278192281723 952
1585123627152 0.0810377225279808 953
1585123661579 0.08501491695642471 954
1585123695635 0.08641652017831802 955
1585123729451 0.08915159106254578 956
1585123763743 0.08366324752569199 957
1585123797366 0.09620528668165207 958
1585123831012 0.08788838982582092 959
1585123864830 0.084584079682827 960
1585123898146 0.10021195560693741 961
1585123931940 0.09076540172100067 962
1585123965536 0.08719255775213242 963
1585123998732 0.08708801865577698 964
1585124034020 0.09452768415212631 965
1585124067678 0.09580156207084656 966
1585124101039 0.08280789107084274 967
1585124134399 0.09033644944429398 968
1585124167755 0.0904010459780693 969
1585124200985 0.0941234901547432 970
1585124234797 0.08172117173671722 971
1585124269086 0.08282559365034103 972
1585124302707 0.08414191007614136 973
1585124336621 0.08427629619836807 974
1585124369793 0.09067942202091217 975
1585124403144 0.09678150713443756 976
1585124436425 0.08544328063726425 977
1585124469528 0.08144424855709076 978
1585124502035 0.08482033014297485 979
1585124534575 0.08770764619112015 980
1585124566746 0.08048279583454132 981
1585124599314 0.08430497348308563 982
1585124631794 0.08070351183414459 983
1585124664093 0.0864190012216568 984
1585124696552 0.07717541605234146 985
1585124728922 0.08400212228298187 986
1585124761388 0.08264090120792389 987
1585124795743 0.09450279176235199 988
1585124828567 0.0855330303311348 989
1585124861087 0.10885435342788696 990
1585124893664 0.08773123472929001 991
1585124926158 0.07942555099725723 992
1585124958616 0.08757207542657852 993
1585124991443 0.08516327291727066 994
1585125024515 0.0871918797492981 995
1585125057080 0.0887245163321495 996
1585125089738 0.0856117457151413 997
1585125122678 0.0826059952378273 998
1585125155369 0.09455601871013641 999
1585125188033 0.08096783608198166 1000
1585125220740 0.08838609606027603 1001
1585125253239 0.08862904459238052 1002
1585125285705 0.09332647174596786 1003
1585125318328 0.08050031214952469 1004
1585125350683 0.08970724791288376 1005
1585125383119 0.08517476171255112 1006
1585125415412 0.0943966880440712 1007
1585125448342 0.09952012449502945 1008
1585125480958 0.08250240981578827 1009
1585125513573 0.08185514807701111 1010
1585125546244 0.08194098621606827 1011
1585125578641 0.07472118735313416 1012
1585125611450 0.08821661025285721 1013
1585125644387 0.08706048876047134 1014
1585125676905 0.09541711956262589 1015
1585125709631 0.08516450226306915 1016
1585125742175 0.10402370989322662 1017
1585125774791 0.08281970024108887 1018
1585125807460 0.09016444534063339 1019
1585125839865 0.07816332578659058 1020
1585125872340 0.08646134287118912 1021
1585125904936 0.0908251404762268 1022
1585125938760 0.07978812605142593 1023
1585125971392 0.09001115709543228 1024
1585126003582 0.08805891126394272 1025
1585126036014 0.07997668534517288 1026
1585126068840 0.07850106060504913 1027
1585126101340 0.09152043610811234 1028
1585126133742 0.08201068639755249 1029
1585126166602 0.07814697176218033 1030
1585126199400 0.08870181441307068 1031
1585126232008 0.08213882148265839 1032
1585126264674 0.08050902932882309 1033
1585126297257 0.0867379754781723 1034
1585126329832 0.08065152913331985 1035
1585126362421 0.08345849066972733 1036
1585126395324 0.07536130398511887 1037
1585126428772 0.08644838631153107 1038
1585126461368 0.07604211568832397 1039
1585126493962 0.08344976603984833 1040
1585126526588 0.08576998114585876 1041
1585126559434 0.07682455331087112 1042
1585126592042 0.07779186218976974 1043
1585126624550 0.08898530155420303 1044
1585126657247 0.08452029526233673 1045
1585126690182 0.08181864768266678 1046
1585126723076 0.08198783546686172 1047
1585126755576 0.07868073880672455 1048
1585126788666 0.08771832287311554 1049
1585126821184 0.09870309382677078 1050
1585126853860 0.09743946045637131 1051
1585126887288 0.0777040347456932 1052
1585126920185 0.08220906555652618 1053
1585126952718 0.07545448839664459 1054
1585126985370 0.08277428150177002 1055
1585127018243 0.08354061096906662 1056
1585127050888 0.08863277733325958 1057
1585127083809 0.08010721951723099 1058
1585127116395 0.0795811116695404 1059
1585127149085 0.0841168463230133 1060
1585127181810 0.10175897181034088 1061
1585127215260 0.08537065982818604 1062
1585127247373 0.0739692896604538 1063
1585127279609 0.0805133655667305 1064
1585127312100 0.08037156611680984 1065
1585127344564 0.08167983591556549 1066
1585127377284 0.0877695083618164 1067
1585127409686 0.07884258776903152 1068
1585127442171 0.08301454782485962 1069
1585127474699 0.08844699710607529 1070
1585127507263 0.08123376965522766 1071
1585127539796 0.08187911659479141 1072
1585127573060 0.08243668079376221 1073
1585127605693 0.08749580383300781 1074
1585127638145 0.08362549543380737 1075
1585127670634 0.08624422550201416 1076
1585127703169 0.07914365082979202 1077
1585127735816 0.08627282828092575 1078
1585127768382 0.08074662834405899 1079
1585127800674 0.07871060818433762 1080
1585127833001 0.08145220577716827 1081
1585127865677 0.08443235605955124 1082
1585127898391 0.08600912243127823 1083
1585127931566 0.09187856316566467 1084
1585127964329 0.07558723539113998 1085
1585127996878 0.08341394364833832 1086
1585128029414 0.07635233551263809 1087
1585128061970 0.07435549795627594 1088
1585128094428 0.08526960760354996 1089
1585128126813 0.0756642296910286 1090
1585128159336 0.08334444463253021 1091
1585128192208 0.08740923553705215 1092
1585128224900 0.07921347767114639 1093
1585128260397 0.07983864843845367 1094
1585128292649 0.0752255842089653 1095
1585128325266 0.08669369667768478 1096
1585128357936 0.07683703303337097 1097
1585128390466 0.07821689546108246 1098
1585128423174 0.07296964526176453 1099
1585128455841 0.08607271313667297 1100
1585128488228 0.08158896118402481 1101
1585128521139 0.07852233946323395 1102
1585128553943 0.07939319312572479 1103
1585128586726 0.08803366124629974 1104
1585128619798 0.07852036505937576 1105
1585128652204 0.09530729055404663 1106
1585128684638 0.07834161818027496 1107
1585128717062 0.07612190395593643 1108
1585128749719 0.08007965236902237 1109
1585128782279 0.0749719962477684 1110
1585128815018 0.08747222274541855 1111
1585128847595 0.078429214656353 1112
1585128879982 0.08271501213312149 1113
1585128912605 0.0792446956038475 1114
1585128945055 0.0807928815484047 1115
1585128978766 0.07596372812986374 1116
1585129011443 0.0754118263721466 1117
1585129044506 0.09054650366306305 1118
1585129077384 0.08596048504114151 1119
1585129110105 0.07717765122652054 1120
1585129143076 0.08433214575052261 1121
1585129175571 0.0774708166718483 1122
1585129208127 0.07999160140752792 1123
1585129240835 0.07403475791215897 1124
1585129273316 0.07648000866174698 1125
1585129305818 0.0754384845495224 1126
1585129338317 0.07648596912622452 1127
1585129370965 0.08862020075321198 1128
1585129403612 0.07689376175403595 1129
1585129435871 0.07623830437660217 1130
1585129468315 0.07442209124565125 1131
1585129500990 0.07637481391429901 1132
1585129533464 0.09191939979791641 1133
1585129565672 0.0802796483039856 1134
1585129598162 0.08431056886911392 1135
1585129630704 0.0734190121293068 1136
1585129663396 0.0825868546962738 1137
1585129695792 0.08746511489152908 1138
1585129728723 0.07900659739971161 1139
1585129761685 0.08177312463521957 1140
1585129794118 0.07604067772626877 1141
1585129826548 0.08089657872915268 1142
1585129859215 0.08184637129306793 1143
1585129891903 0.08171702921390533 1144
1585129924789 0.10694418847560883 1145
1585129958181 0.08536428958177567 1146
1585129990663 0.07423548400402069 1147
1585130023304 0.08277255296707153 1148
1585130056106 0.08989132940769196 1149
1585130088641 0.07904133945703506 1150
1585130120885 0.08016428351402283 1151
1585130153384 0.07819327712059021 1152
1585130185786 0.07792700827121735 1153
1585130218371 0.07710728794336319 1154
1585130250780 0.08069678395986557 1155
1585130284486 0.07886717468500137 1156
1585130316913 0.08132708072662354 1157
1585130349286 0.07777885347604752 1158
1585130381728 0.08055989444255829 1159
1585130414446 0.07774695008993149 1160
1585130447028 0.0741860568523407 1161
1585130480121 0.07780071347951889 1162
1585130512646 0.0797530934214592 1163
1585130545187 0.0750868171453476 1164
1585130577646 0.07739671319723129 1165
1585130610117 0.07775630056858063 1166
1585130642526 0.07668749243021011 1167
1585130675374 0.07186273485422134 1168
1585130707976 0.08530184626579285 1169
1585130741295 0.07595033198595047 1170
1585130773749 0.08123030513525009 1171
1585130807352 0.07094983011484146 1172
1585130840311 0.07683594524860382 1173
1585130872765 0.07617836445569992 1174
1585130905533 0.07547785341739655 1175
1585130938661 0.07972290366888046 1176
1585130971120 0.07242926955223083 1177
1585131003571 0.07907447218894958 1178
1585131035968 0.09213719516992569 1179
1585131068494 0.08672168850898743 1180
1585131101349 0.0735081359744072 1181
1585131133950 0.07990674674510956 1182
1585131166730 0.08989769220352173 1183
1585131198974 0.07397526502609253 1184
1585131231407 0.07237819582223892 1185
1585131264344 0.07672498375177383 1186
1585131296877 0.07593359053134918 1187
1585131329436 0.07929170876741409 1188
1585131362029 0.07727468758821487 1189
1585131394476 0.07668319344520569 1190
1585131426957 0.07466017454862595 1191
1585131459318 0.08195234835147858 1192
1585131491849 0.06945603340864182 1193
1585131524493 0.08294297754764557 1194
1585131557154 0.11999254673719406 1195
1585131589815 0.07724596560001373 1196
1585131622470 0.07419273257255554 1197
1585131655257 0.08508136123418808 1198
1585131687541 0.07513777166604996 1199
1585131720147 0.08044280856847763 1200
1585131752688 0.07329399883747101 1201
1585131785768 0.0852493941783905 1202
1585131818141 0.08642596006393433 1203
1585131850790 0.07169854640960693 1204
1585131883418 0.08187776803970337 1205
1585131915593 0.07113011926412582 1206
1585131949140 0.07659389078617096 1207
1585131981246 0.07677052915096283 1208
1585132013797 0.07677463442087173 1209
1585132046518 0.0854525938630104 1210
1585132078891 0.07114370167255402 1211
1585132111598 0.07271415740251541 1212
1585132144317 0.07594134658575058 1213
1585132177435 0.07427176088094711 1214
1585132209798 0.08178480714559555 1215
1585132242485 0.07213597744703293 1216
1585132274838 0.07937043160200119 1217
1585132307512 0.08221251517534256 1218
1585132340057 0.074172243475914 1219
1585132372620 0.08185217529535294 1220
1585132405099 0.07688681781291962 1221
1585132439445 0.07825744152069092 1222
1585132472069 0.0801975205540657 1223
1585132504754 0.07456094026565552 1224
1585132537723 0.07224062830209732 1225
1585132570635 0.08710449188947678 1226
1585132603154 0.07021142542362213 1227
1585132635712 0.07753027975559235 1228
1585132668489 0.07500789314508438 1229
1585132701149 0.07722383737564087 1230
1585132733497 0.07417619973421097 1231
1585132765805 0.07644873112440109 1232
1585132799453 0.08704251796007156 1233
1585132832391 0.0805828720331192 1234
1585132865099 0.0750332698225975 1235
1585132897608 0.07832866162061691 1236
1585132930263 0.08293430507183075 1237
1585132963003 0.07792745530605316 1238
1585132995536 0.07378003746271133 1239
1585133028082 0.07404180616140366 1240
1585133060666 0.07644645124673843 1241
1585133093227 0.07229068875312805 1242
1585133125902 0.07647237926721573 1243
1585133158660 0.07400915026664734 1244
1585133191173 0.07915481925010681 1245
1585133223938 0.07654519379138947 1246
1585133256701 0.07360857725143433 1247
1585133289400 0.08080781251192093 1248
1585133322163 0.0707840770483017 1249
1585133354721 0.06948857009410858 1250
1585133387442 0.08140211552381516 1251
1585133420019 0.07972414791584015 1252
1585133452706 0.08040805160999298 1253
1585133484805 0.07038095593452454 1254
1585133517220 0.08602742105722427 1255
1585133549714 0.07427029311656952 1256
1585133582810 0.07263659685850143 1257
1585133615702 0.07459402084350586 1258
1585133648155 0.07864297926425934 1259
1585133680521 0.08224989473819733 1260
1585133713485 0.08070454746484756 1261
1585133746183 0.07207123190164566 1262
1585133778776 0.08440946042537689 1263
1585133811316 0.07523886114358902 1264
1585133843697 0.06916555017232895 1265
1585133878345 0.07460722327232361 1266
1585133911064 0.08255798369646072 1267
1585133943987 0.07039368897676468 1268
1585133976741 0.0747181847691536 1269
1585134010153 0.07885836064815521 1270
1585134043214 0.07933878898620605 1271
1585134075726 0.0759638175368309 1272
1585134108533 0.07217156887054443 1273
1585134141675 0.07581103593111038 1274
1585134174209 0.07706490904092789 1275
1585134207810 0.07952819764614105 1276
1585134240373 0.07681956142187119 1277
1585134274144 0.08416777104139328 1278
1585134307520 0.0781046450138092 1279
1585134340059 0.0775911808013916 1280
1585134372880 0.07666554301977158 1281
1585134406380 0.07968857139348984 1282
1585134438776 0.0679805800318718 1283
1585134471384 0.08061715960502625 1284
1585134504105 0.06728103756904602 1285
1585134536612 0.08031127601861954 1286
1585134569055 0.0726642981171608 1287
1585134601663 0.07829181104898453 1288
1585134634212 0.07060866802930832 1289
1585134666575 0.07093308866024017 1290
1585134699218 0.07623495906591415 1291
1585134731936 0.07309428602457047 1292
1585134764450 0.07331370562314987 1293
1585134797180 0.07159100472927094 1294
1585134830188 0.08088314533233643 1295
1585134862785 0.07640045136213303 1296
1585134895073 0.07126227021217346 1297
1585134927756 0.07419154793024063 1298
1585134960810 0.0683685764670372 1299
1585134993530 0.0723472610116005 1300
1585135026932 0.07329315692186356 1301
1585135059778 0.07068761438131332 1302
1585135093632 0.07137039303779602 1303
1585135126348 0.07009091973304749 1304
1585135158815 0.08351695537567139 1305
1585135191548 0.06814668327569962 1306
1585135224262 0.07418109476566315 1307
1585135257020 0.07010583579540253 1308
1585135289619 0.07248090952634811 1309
1585135322142 0.08269171416759491 1310
1585135355040 0.07254256308078766 1311
1585135388114 0.07731737196445465 1312
1585135421022 0.07784713804721832 1313
1585135453680 0.07720741629600525 1314
1585135486445 0.07095392793416977 1315
1585135519098 0.07681160420179367 1316
1585135551447 0.07453557103872299 1317
1585135584160 0.07943155616521835 1318
1585135616595 0.08917190134525299 1319
1585135649660 0.0779457688331604 1320
1585135683032 0.0824621245265007 1321
1585135715807 0.07509614527225494 1322
1585135748840 0.07965462654829025 1323
1585135781563 0.07429852336645126 1324
1585135814435 0.08002857118844986 1325
1585135848169 0.07653401046991348 1326
1585135881007 0.0717686265707016 1327
1585135913664 0.07537543773651123 1328
1585135946344 0.07372819632291794 1329
1585135978863 0.07161080837249756 1330
1585136011386 0.0755353644490242 1331
1585136043768 0.07616979628801346 1332
1585136076602 0.07395515590906143 1333
1585136109233 0.0647963285446167 1334
1585136141998 0.07991480082273483 1335
1585136174815 0.07049118727445602 1336
1585136207152 0.07363089919090271 1337
1585136240149 0.07742829620838165 1338
1585136273179 0.06812714785337448 1339
1585136305761 0.07294004410505295 1340
1585136338923 0.07059923559427261 1341
1585136371495 0.077420674264431 1342
1585136403980 0.07697179168462753 1343
1585136437705 0.07408025115728378 1344
1585136470200 0.07380206882953644 1345
1585136503227 0.07323360443115234 1346
1585136536223 0.08285299688577652 1347
1585136569054 0.067011758685112 1348
1585136601677 0.07379167526960373 1349
1585136634248 0.06878640502691269 1350
1585136666980 0.06961682438850403 1351
1585136699549 0.07977758347988129 1352
1585136732118 0.06497237831354141 1353
1585136764977 0.07221046835184097 1354
1585136797521 0.07214545458555222 1355
1585136830146 0.06600707769393921 1356
1585136862819 0.06852363049983978 1357
1585136895517 0.08271220326423645 1358
1585136927948 0.07379511743783951 1359
1585136961145 0.07043930888175964 1360
1585136993768 0.07338397204875946 1361
1585137026499 0.06623617559671402 1362
1585137059129 0.06656503677368164 1363
1585137091890 0.06887355446815491 1364
1585137124520 0.06959740817546844 1365
1585137157347 0.07069234549999237 1366
1585137190309 0.0692853257060051 1367
1585137222504 0.07446359843015671 1368
1585137255165 0.06487606465816498 1369
1585137287615 0.07465478777885437 1370
1585137320219 0.07067027688026428 1371
1585137352857 0.06930285692214966 1372
1585137385764 0.07062748074531555 1373
1585137418449 0.07921189069747925 1374
1585137451126 0.07478564232587814 1375
1585137483565 0.06924748420715332 1376
1585137516188 0.07124880701303482 1377
1585137548606 0.08568302541971207 1378
1585137581914 0.08835170418024063 1379
1585137614545 0.07941875606775284 1380
1585137647188 0.07144669443368912 1381
1585137679882 0.06718431413173676 1382
1585137712736 0.07525122165679932 1383
1585137745749 0.07395969331264496 1384
1585137778195 0.07199022173881531 1385
1585137810683 0.06806979328393936 1386
1585137843373 0.07972083240747452 1387
1585137876517 0.07140044122934341 1388
1585137909082 0.06974607706069946 1389
1585137941954 0.08309785276651382 1390
1585137974541 0.07843978703022003 1391
1585138007514 0.0691634938120842 1392
1585138040336 0.07178991287946701 1393
1585138072897 0.07758884876966476 1394
1585138105403 0.07156720012426376 1395
1585138138234 0.0688055008649826 1396
1585138170820 0.07013939321041107 1397
1585138203731 0.07351262122392654 1398
1585138236348 0.06569427251815796 1399
1585138269029 0.06955592334270477 1400
1585138301661 0.06953871250152588 1401
1585138334385 0.0895770713686943 1402
1585138367345 0.07772674411535263 1403
1585138400996 0.07022619992494583 1404
1585138433823 0.06621471792459488 1405
1585138466424 0.07278118282556534 1406
1585138499008 0.06774261593818665 1407
1585138531688 0.0655471459031105 1408
1585138564269 0.06902412325143814 1409
1585138597127 0.07085050642490387 1410
1585138629828 0.06898915022611618 1411
1585138662148 0.07117407768964767 1412
1585138694996 0.0690780058503151 1413
1585138727448 0.06937936693429947 1414
1585138759833 0.07973065972328186 1415
1585138792869 0.0691818818449974 1416
1585138825328 0.07108593732118607 1417
1585138857875 0.06900656223297119 1418
1585138890834 0.06917709112167358 1419
1585138923697 0.07186482101678848 1420
1585138956225 0.07626096159219742 1421
1585138989007 0.06798862665891647 1422
1585139021585 0.06713245064020157 1423
1585139054019 0.08183077722787857 1424
1585139086678 0.06797290593385696 1425
1585139119328 0.06557970494031906 1426
1585139152188 0.0803704634308815 1427
1585139185167 0.0658051148056984 1428
1585139217579 0.07542506605386734 1429
1585139250261 0.06723812967538834 1430
1585139283077 0.07383577525615692 1431
1585139316080 0.06844047456979752 1432
1585139348795 0.06684497743844986 1433
1585139381380 0.07484951615333557 1434
1585139415119 0.07407180219888687 1435
1585139447702 0.07304365932941437 1436
1585139480151 0.0708000510931015 1437
1585139512898 0.09018751233816147 1438
1585139545552 0.07015447318553925 1439
1585139578253 0.06403136253356934 1440
1585139610792 0.07920300960540771 1441
1585139643280 0.06621084362268448 1442
1585139676189 0.06854617595672607 1443
1585139709076 0.07027142494916916 1444
1585139741690 0.06859224289655685 1445
1585139774208 0.08276098966598511 1446
1585139806774 0.06741539388895035 1447
1585139839739 0.06985906511545181 1448
1585139872182 0.06911611557006836 1449
1585139904866 0.07646075636148453 1450
1585139937369 0.0721927061676979 1451
1585139969904 0.06732252985239029 1452
1585140002584 0.07601969689130783 1453
1585140035585 0.06247023120522499 1454
1585140068361 0.06416676193475723 1455
1585140101073 0.07850361615419388 1456
1585140134872 0.0644521489739418 1457
1585140167657 0.07691729068756104 1458
1585140200061 0.06366337090730667 1459
1585140232513 0.06744822859764099 1460
1585140265113 0.07253304123878479 1461
1585140298127 0.07384061813354492 1462
1585140330607 0.065451979637146 1463
1585140363445 0.06930690258741379 1464
1585140396072 0.0660736933350563 1465
1585140428903 0.06956909596920013 1466
1585140461297 0.06371133774518967 1467
1585140493745 0.0625515803694725 1468
1585140526451 0.06585774570703506 1469
1585140558797 0.07405023276805878 1470
1585140591519 0.08200347423553467 1471
1585140623991 0.06820455193519592 1472
1585140657596 0.08069511502981186 1473
1585140690534 0.0725550502538681 1474
1585140723245 0.07035120576620102 1475
1585140756128 0.06801284104585648 1476
1585140788455 0.0723535493016243 1477
1585140821005 0.06402226537466049 1478
1585140857317 0.07061216980218887 1479
1585140889909 0.07169246673583984 1480
1585140922372 0.07481109350919724 1481
1585140955329 0.06574992090463638 1482
1585140987808 0.06513400375843048 1483
1585141020307 0.06601769477128983 1484
1585141052935 0.06844295561313629 1485
1585141085999 0.07220508903265 1486
1585141119896 0.06987801194190979 1487
1585141153496 0.06647535413503647 1488
1585141186306 0.07401076704263687 1489
1585141219088 0.06971810013055801 1490
1585141251825 0.06849529594182968 1491
1585141284446 0.06476064771413803 1492
1585141317066 0.0650237575173378 1493
1585141349592 0.06109422445297241 1494
1585141382276 0.0697053074836731 1495
1585141415048 0.06343064457178116 1496
1585141447418 0.08431751281023026 1497
1585141480011 0.0653616413474083 1498
1585141512480 0.06612932682037354 1499
1585141545096 0.07579339295625687 1500
