1585091756115 0.03446386754512787 0
1585091789694 0.008651548065245152 1
1585091823028 0.006249952130019665 2
1585091856499 0.010491324588656425 3
1585091889656 0.016841942444443703 4
1585091922755 0.024015722796320915 5
1585091955900 0.023849589750170708 6
1585091989124 0.014409825205802917 7
1585092022418 0.01124334242194891 8
1585092055240 0.004561466630548239 9
1585092088045 0.0033765940461307764 10
1585092121364 0.001988479634746909 11
1585092154569 0.004057682119309902 12
1585092187935 0.007535768207162619 13
1585092221356 0.011294458992779255 14
1585092254576 0.013886358588933945 15
1585092288150 0.015702281147241592 16
1585092321838 0.017148489132523537 17
1585092354954 0.017338179051876068 18
1585092388237 0.01791561022400856 19
1585092421710 0.017161458730697632 20
1585092454820 0.0164959579706192 21
1585092488315 0.015173569321632385 22
1585092521429 0.014214386232197285 23
1585092554452 0.013692478649318218 24
1585092587758 0.012324397452175617 25
1585092620700 0.011998850852251053 26
1585092655138 0.010562960058450699 27
1585092688580 0.010126760229468346 28
1585092721826 0.01028701663017273 29
1585092755031 0.010355530306696892 30
1585092788067 0.0097309285774827 31
1585092821156 0.009502069093286991 32
1585092854515 0.00975753553211689 33
1585092887726 0.009616534225642681 34
1585092920711 0.009658838622272015 35
1585092953927 0.009127981960773468 36
1585092987550 0.009816785342991352 37
1585093020743 0.009845519438385963 38
1585093054356 0.009417292661964893 39
1585093087358 0.0083141615614295 40
1585093120327 0.008901990018785 41
1585093153677 0.008571078069508076 42
1585093187539 0.008453233167529106 43
1585093221217 0.008523521013557911 44
1585093254534 0.007829555310308933 45
1585093289579 0.007900696247816086 46
1585093323340 0.007308150175958872 47
1585093357326 0.007899869233369827 48
1585093390391 0.007622185628861189 49
1585093423506 0.007539820391684771 50
1585093457926 0.008207239210605621 51
1585093491155 0.007092719431966543 52
1585093524349 0.008361543528735638 53
1585093557570 0.007371861021965742 54
1585093591389 0.006836591754108667 55
1585093624616 0.007381410337984562 56
1585093657922 0.007892326451838017 57
1585093691241 0.008011705242097378 58
1585093724312 0.007450766861438751 59
1585093757485 0.008827210403978825 60
1585093791242 0.008445043116807938 61
1585093824797 0.007575049996376038 62
1585093858067 0.007761274930089712 63
1585093891395 0.007889715023338795 64
1585093924665 0.0075646028853952885 65
1585093957734 0.007982242852449417 66
1585093990824 0.007845607586205006 67
1585094023886 0.007679319474846125 68
1585094057486 0.007912625558674335 69
1585094091016 0.0074287899769842625 70
1585094124199 0.008667699061334133 71
1585094157480 0.007097271736711264 72
1585094190848 0.007972095161676407 73
1585094224107 0.008327187970280647 74
1585094257750 0.00806389469653368 75
1585094290663 0.008324104361236095 76
1585094324712 0.008127340115606785 77
1585094357868 0.007494905963540077 78
1585094391614 0.008259453810751438 79
1585094424955 0.008796480484306812 80
1585094458575 0.007954942062497139 81
1585094491638 0.006552089471369982 82
1585094524615 0.008079062215983868 83
1585094557484 0.00833025574684143 84
1585094590725 0.008373863063752651 85
1585094623810 0.008750008419156075 86
1585094657507 0.008107224479317665 87
1585094691130 0.009415444917976856 88
1585094724051 0.008378511294722557 89
1585094757544 0.008740304969251156 90
1585094791033 0.008912664838135242 91
1585094823950 0.00862354040145874 92
1585094857121 0.009013199247419834 93
1585094890428 0.009249366819858551 94
1585094923515 0.009511572308838367 95
1585094956487 0.009512880817055702 96
1585094989420 0.010589735582470894 97
1585095022576 0.008707502856850624 98
1585095055494 0.00901821069419384 99
1585095088425 0.009447273798286915 100
1585095121534 0.009011272341012955 101
1585095154818 0.009942411445081234 102
1585095188648 0.00896716583520174 103
1585095221732 0.009138786233961582 104
1585095255062 0.009121919982135296 105
1585095288325 0.008632550947368145 106
1585095321434 0.007900643162429333 107
1585095355075 0.009456749074161053 108
1585095387995 0.009182502515614033 109
1585095421055 0.008671524934470654 110
1585095454118 0.010272364132106304 111
1585095488399 0.009669620543718338 112
1585095521530 0.00869483221322298 113
1585095554479 0.009984428994357586 114
1585095587419 0.00936280470341444 115
1585095620724 0.009130262769758701 116
1585095653933 0.009076450951397419 117
1585095687567 0.008534502238035202 118
1585095720675 0.008849681355059147 119
1585095753795 0.009478561580181122 120
1585095787238 0.009796869941055775 121
1585095820691 0.008930248208343983 122
1585095854252 0.009527517482638359 123
1585095887380 0.00997387245297432 124
1585095920782 0.008987314067780972 125
1585095954189 0.009749336168169975 126
1585095987551 0.008819395676255226 127
1585096020685 0.008891505189239979 128
1585096054029 0.01001132745295763 129
1585096087549 0.008536683395504951 130
1585096120630 0.008404972031712532 131
1585096153750 0.009663065895438194 132
1585096186898 0.00828353688120842 133
1585096220001 0.008525715209543705 134
1585096253178 0.009495381265878677 135
1585096286429 0.009168973192572594 136
1585096319504 0.008622058667242527 137
1585096352708 0.008590448647737503 138
1585096385942 0.009449515491724014 139
1585096419391 0.009888581931591034 140
1585096452356 0.009764116257429123 141
1585096485596 0.010317306965589523 142
1585096519171 0.008983527310192585 143
1585096552194 0.008924002759158611 144
1585096585344 0.009279993362724781 145
1585096618510 0.009897773154079914 146
1585096651762 0.009554033167660236 147
1585096684955 0.009730127640068531 148
1585096717978 0.008693484589457512 149
1585096750870 0.009353597648441792 150
1585096784096 0.010192932561039925 151
1585096817578 0.009851942770183086 152
1585096850399 0.009634512476623058 153
1585096883596 0.009977899491786957 154
1585096916955 0.009817681275308132 155
1585096950196 0.009371587075293064 156
1585096983249 0.009314032271504402 157
1585097016625 0.010210676118731499 158
1585097049839 0.009097346104681492 159
1585097083937 0.010210290551185608 160
1585097116928 0.010507266968488693 161
1585097150513 0.009707861579954624 162
1585097184076 0.009565540589392185 163
1585097217134 0.009481268934905529 164
1585097250912 0.010213491506874561 165
1585097283926 0.00953522976487875 166
1585097317061 0.00906797219067812 167
1585097351219 0.009143135510385036 168
1585097385308 0.009644217789173126 169
1585097418060 0.009578154422342777 170
1585097451643 0.009747729636728764 171
1585097485143 0.009533380158245564 172
1585097518086 0.010421969927847385 173
1585097551787 0.009176766499876976 174
1585097584932 0.010346665978431702 175
1585097617921 0.010082815773785114 176
1585097651092 0.009216544218361378 177
1585097684331 0.00989603903144598 178
1585097717495 0.008951966650784016 179
1585097750610 0.009936113841831684 180
1585097784473 0.009058857336640358 181
1585097817645 0.009981256909668446 182
1585097850646 0.008557935245335102 183
1585097883769 0.009454510174691677 184
1585097916929 0.009034741669893265 185
1585097950306 0.009957617148756981 186
1585097984181 0.009975266642868519 187
1585098017232 0.0094717126339674 188
1585098050384 0.009880549274384975 189
1585098083316 0.008849643170833588 190
1585098116327 0.009353209286928177 191
1585098149715 0.009418141096830368 192
1585098182617 0.009197560139000416 193
1585098215987 0.010061404667794704 194
1585098249371 0.009953536093235016 195
1585098282362 0.009279325604438782 196
1585098315670 0.008626395836472511 197
1585098350179 0.009225202724337578 198
1585098383512 0.00960216112434864 199
1585098416556 0.009203179739415646 200
1585098449721 0.010103515349328518 201
1585098483007 0.008926955051720142 202
1585098516588 0.009461723268032074 203
1585098549699 0.010501617565751076 204
1585098582746 0.009069018065929413 205
1585098615872 0.009725266136229038 206
1585098649315 0.00947652105242014 207
1585098682579 0.009454965591430664 208
1585098715945 0.009768906980752945 209
1585098749053 0.00978047214448452 210
1585098782208 0.009591332636773586 211
1585098815421 0.008604216389358044 212
1585098848896 0.009609845466911793 213
1585098882498 0.008440665900707245 214
1585098915644 0.009977136738598347 215
1585098948613 0.009597103111445904 216
1585098981799 0.009244287386536598 217
1585099014834 0.008952365256845951 218
1585099048020 0.010204960592091084 219
1585099080930 0.007845061831176281 220
1585099114005 0.0094328997656703 221
1585099146960 0.009754671715199947 222
1585099179939 0.008989042602479458 223
1585099213249 0.009314756840467453 224
1585099246499 0.009085428901016712 225
1585099279403 0.010104306973516941 226
1585099312500 0.00894029252231121 227
1585099345572 0.008841280825436115 228
1585099378887 0.008863359689712524 229
1585099411908 0.008277692832052708 230
1585099445199 0.009676205925643444 231
1585099478414 0.008109594695270061 232
1585099511493 0.008715242147445679 233
1585099545816 0.008520877920091152 234
1585099579135 0.009254229255020618 235
1585099612431 0.008598856627941132 236
1585099645425 0.009037623181939125 237
1585099678885 0.00900382548570633 238
1585099712063 0.010203273966908455 239
1585099745089 0.008417719043791294 240
1585099778284 0.009484678506851196 241
1585099811488 0.008511688560247421 242
1585099846169 0.009530504234135151 243
1585099879873 0.008789983578026295 244
1585099913200 0.009397340007126331 245
1585099946683 0.009274953976273537 246
1585099979713 0.009233759716153145 247
1585100012530 0.010025221854448318 248
1585100046448 0.00829346850514412 249
1585100079464 0.010111798532307148 250
1585100112404 0.009285102598369122 251
1585100145727 0.00871959887444973 252
1585100179104 0.008481600321829319 253
1585100212203 0.009099592454731464 254
1585100245111 0.009148768149316311 255
1585100278311 0.00888543389737606 256
1585100311365 0.009640929289162159 257
1585100344661 0.007553168572485447 258
1585100377942 0.009563975036144257 259
1585100411024 0.008135379292070866 260
1585100443953 0.008691268041729927 261
1585100477684 0.00792972557246685 262
1585100511260 0.009397134184837341 263
1585100544783 0.00970559474080801 264
1585100578004 0.008877421729266644 265
1585100611372 0.00892094150185585 266
1585100644484 0.008969238959252834 267
1585100677653 0.009502379223704338 268
1585100710884 0.00918649509549141 269
1585100744257 0.009543921798467636 270
1585100777408 0.00975594948977232 271
1585100810743 0.007994495332241058 272
1585100843895 0.009514941833913326 273
1585100877354 0.009554248303174973 274
1585100910935 0.009243232198059559 275
1585100944196 0.00840455200523138 276
1585100977156 0.009331249631941319 277
1585101010327 0.008115743286907673 278
1585101043205 0.009140261448919773 279
1585101076268 0.008678464218974113 280
1585101109238 0.009183421730995178 281
1585101142383 0.008997463621199131 282
1585101175709 0.008180858567357063 283
1585101209059 0.008853022940456867 284
1585101242024 0.00885873194783926 285
1585101276126 0.00843718834221363 286
1585101309376 0.009497259743511677 287
1585101342314 0.008173317648470402 288
1585101375919 0.009144412353634834 289
1585101409235 0.008971855975687504 290
1585101442561 0.007639724295586348 291
1585101476094 0.008462755009531975 292
1585101509695 0.008401154540479183 293
1585101542781 0.008970175869762897 294
1585101575823 0.00912876334041357 295
1585101608953 0.008957740850746632 296
1585101641986 0.009242186322808266 297
1585101675158 0.008081995882093906 298
1585101708177 0.008925608359277248 299
1585101741351 0.009430261328816414 300
1585101774401 0.009031127206981182 301
1585101807492 0.00796007364988327 302
1585101841099 0.008619819767773151 303
1585101874191 0.008384049870073795 304
1585101907578 0.009550021961331367 305
1585101940656 0.009127995930612087 306
1585101973921 0.008548702113330364 307
1585102006958 0.008344137109816074 308
1585102040636 0.007918314076960087 309
1585102074155 0.007862113416194916 310
1585102107621 0.008162625133991241 311
1585102141115 0.008410720154643059 312
1585102174832 0.008587327785789967 313
1585102208004 0.009481658227741718 314
1585102241305 0.008866722695529461 315
1585102274553 0.009480326436460018 316
1585102307740 0.008694682270288467 317
1585102341336 0.007627060171216726 318
1585102374644 0.006935168989002705 319
1585102408333 0.009249022230505943 320
1585102441438 0.008885210379958153 321
1585102474583 0.009160274639725685 322
1585102507649 0.008348110131919384 323
1585102540675 0.008814374916255474 324
1585102573953 0.007862262427806854 325
1585102607109 0.008429949171841145 326
1585102640272 0.008277743123471737 327
1585102673222 0.008750460110604763 328
1585102706110 0.008062264882028103 329
1585102739551 0.00884247850626707 330
1585102772848 0.008574905805289745 331
1585102806147 0.008105889894068241 332
1585102839394 0.008235311135649681 333
1585102872436 0.008795815519988537 334
1585102905634 0.00897656474262476 335
1585102938985 0.006394522730261087 336
1585102972430 0.007994131185114384 337
1585103005428 0.007656608242541552 338
1585103039144 0.007924029603600502 339
1585103072407 0.007994403131306171 340
1585103105505 0.007439787033945322 341
1585103138751 0.008927610702812672 342
1585103172169 0.008626990020275116 343
1585103205440 0.007994653657078743 344
1585103239123 0.008669015020132065 345
1585103272420 0.007229974959045649 346
1585103305848 0.008507980033755302 347
1585103339256 0.008114506490528584 348
1585103372815 0.00773537065833807 349
1585103405964 0.008183362893760204 350
1585103439363 0.008859007619321346 351
1585103473086 0.0086771659553051 352
1585103506062 0.008361107669770718 353
1585103539213 0.009175276383757591 354
1585103572543 0.007425124291330576 355
1585103605764 0.00793276447802782 356
1585103638971 0.008609151467680931 357
1585103672678 0.009364073164761066 358
1585103705888 0.008703608997166157 359
1585103739059 0.009426918812096119 360
1585103772139 0.008625892922282219 361
1585103805246 0.00950932502746582 362
1585103838620 0.008840329013764858 363
1585103871928 0.008770187385380268 364
1585103905452 0.0080421706661582 365
1585103938544 0.0069996328093111515 366
1585103971471 0.00853183027356863 367
1585104004801 0.008496947586536407 368
1585104038053 0.008277466520667076 369
1585104070908 0.008133416064083576 370
1585104103826 0.008947236463427544 371
1585104136820 0.007601151708513498 372
1585104174318 0.008984779939055443 373
1585104207971 0.008010311052203178 374
1585104240972 0.008734644390642643 375
1585104274639 0.008906828239560127 376
1585104308633 0.00749928830191493 377
1585104341876 0.007770279422402382 378
1585104375562 0.009034300222992897 379
1585104410068 0.008409179747104645 380
1585104443126 0.008412803523242474 381
1585104477496 0.0086978729814291 382
1585104510827 0.008235003799200058 383
1585104543725 0.009304561652243137 384
1585104576817 0.007579568307846785 385
1585104609822 0.008788986131548882 386
1585104642867 0.008698903024196625 387
1585104677050 0.008392749354243279 388
1585104710295 0.00843744445592165 389
1585104743621 0.007077184971421957 390
1585104776704 0.007460977416485548 391
1585104809904 0.008284376002848148 392
1585104843499 0.00785375852137804 393
1585104876534 0.008138233795762062 394
1585104909696 0.008547471836209297 395
1585104942928 0.007663621101528406 396
1585104977088 0.007849285379052162 397
1585105010172 0.007509411312639713 398
1585105043406 0.008000661619007587 399
1585105076538 0.008031309582293034 400
1585105109385 0.0075204456225037575 401
1585105142581 0.007742885034531355 402
1585105175560 0.008211227133870125 403
1585105208448 0.008337576873600483 404
1585105241609 0.008316605351865292 405
1585105274613 0.007706040982156992 406
1585105307940 0.007235621567815542 407
1585105341040 0.0065279314294457436 408
1585105374142 0.007581281941384077 409
1585105407519 0.008732385002076626 410
1585105442512 0.008038540370762348 411
1585105476181 0.008397392928600311 412
1585105509917 0.007219043094664812 413
1585105543309 0.008106226101517677 414
1585105576431 0.006927563343197107 415
1585105609550 0.008091774769127369 416
1585105642598 0.0073838308453559875 417
1585105675674 0.00825564656406641 418
1585105709042 0.006553062703460455 419
1585105742545 0.00787407997995615 420
1585105775820 0.008432169444859028 421
1585105808743 0.008204442448914051 422
1585105843761 0.008115725591778755 423
1585105877043 0.008269584737718105 424
1585105910298 0.007345693185925484 425
1585105943288 0.007444106973707676 426
1585105976654 0.007467119954526424 427
1585106009834 0.007887721993029118 428
1585106042935 0.00828600861132145 429
1585106075774 0.008211101405322552 430
1585106109052 0.008181783370673656 431
1585106142256 0.007148607634007931 432
1585106175284 0.008464808575809002 433
1585106208473 0.007984568364918232 434
1585106241622 0.007827108725905418 435
1585106275049 0.007818679325282574 436
1585106308665 0.007740280590951443 437
1585106342434 0.00780080771073699 438
1585106375677 0.007890546694397926 439
1585106408839 0.007817728444933891 440
1585106442749 0.006641410291194916 441
1585106475813 0.007767972070723772 442
1585106509028 0.008007352240383625 443
1585106542215 0.007024064660072327 444
1585106575834 0.007585723418742418 445
1585106609121 0.0076298946514725685 446
1585106642712 0.007579112891107798 447
1585106676110 0.007198953069746494 448
1585106709508 0.007548091467469931 449
1585106742892 0.006522315088659525 450
1585106776112 0.007661356125026941 451
1585106809213 0.007196542341262102 452
1585106843485 0.007699933368712664 453
1585106877078 0.008498130366206169 454
1585106910167 0.00800135638564825 455
1585106943799 0.007525640074163675 456
1585106977452 0.007360104937106371 457
1585107011684 0.007350179832428694 458
1585107044662 0.0060995277017354965 459
1585107077872 0.007593293208628893 460
1585107111210 0.007440257351845503 461
1585107144080 0.007404368836432695 462
1585107177172 0.0077794259414076805 463
1585107210500 0.007103170733898878 464
1585107243583 0.007065494079142809 465
1585107276696 0.007985759526491165 466
1585107310019 0.007987378165125847 467
1585107344271 0.007360534742474556 468
1585107377228 0.006015992723405361 469
1585107410499 0.007516578771173954 470
1585107443585 0.00825156457722187 471
1585107476623 0.007828432135283947 472
1585107509925 0.007306356448680162 473
1585107543534 0.007185338530689478 474
1585107576951 0.006582507863640785 475
1585107610099 0.007633725181221962 476
1585107643553 0.007490916643291712 477
1585107676862 0.008125720545649529 478
1585107710746 0.007742975372821093 479
1585107744547 0.007118264678865671 480
1585107778872 0.0073565891943871975 481
1585107813159 0.00769780995324254 482
1585107846411 0.006456638686358929 483
1585107879934 0.00766624603420496 484
1585107913526 0.006661741062998772 485
1585107946954 0.007584916427731514 486
1585107980190 0.007275258656591177 487
1585108013420 0.00819785799831152 488
1585108046443 0.00742012495175004 489
1585108079708 0.007197783328592777 490
1585108112712 0.008016335777938366 491
1585108145625 0.00754682207480073 492
1585108179277 0.005585112143307924 493
1585108212518 0.007982024922966957 494
1585108245438 0.0067636906169354916 495
1585108278868 0.0076523334719240665 496
1585108312218 0.007796210702508688 497
1585108345304 0.0075981998816132545 498
1585108378510 0.007613057736307383 499
1585108411466 0.007032135967165232 500
1585108446009 0.008376345038414001 501
1585108479031 0.007187801878899336 502
1585108512267 0.007152012083679438 503
1585108546318 0.007456676103174686 504
1585108579333 0.007620459888130426 505
1585108612712 0.006980993784964085 506
1585108646563 0.007515010889619589 507
1585108679618 0.007256616372615099 508
1585108712766 0.007396016735583544 509
1585108745853 0.0070821428671479225 510
1585108779233 0.007330276072025299 511
1585108813443 0.007065600715577602 512
1585108846534 0.006281126756221056 513
1585108879623 0.007809473667293787 514
1585108912830 0.005477918311953545 515
1585108945823 0.007079208269715309 516
1585108979009 0.006785403471440077 517
1585109012869 0.007710177917033434 518
1585109046075 0.007620567921549082 519
1585109079284 0.007568033877760172 520
1585109112656 0.007341783028095961 521
1585109145906 0.006975631695240736 522
1585109179267 0.007451612036675215 523
1585109212592 0.006958151701837778 524
1585109245775 0.0073735774494707584 525
1585109278942 0.007822689600288868 526
1585109311867 0.007054481189697981 527
1585109346834 0.006918377708643675 528
1585109379804 0.0073370314203202724 529
1585109412836 0.007637884002178907 530
1585109446236 0.007010939065366983 531
1585109479330 0.006236076354980469 532
1585109512830 0.0074373590759932995 533
1585109546120 0.006064633838832378 534
1585109579415 0.006817440968006849 535
1585109613682 0.0072344527579844 536
1585109646646 0.006855322513729334 537
1585109680224 0.006773428991436958 538
1585109713628 0.007051543332636356 539
1585109746970 0.0075926207937300205 540
1585109780165 0.004838945344090462 541
1585109813672 0.006649308372288942 542
1585109846871 0.00754053657874465 543
1585109879825 0.0063842898234725 544
1585109913126 0.007574453949928284 545
1585109946402 0.007139525376260281 546
1585109979615 0.007102918345481157 547
1585110012732 0.007014134898781776 548
1585110046837 0.005945575889199972 549
1585110079933 0.0067464429885149 550
1585110113332 0.007531607523560524 551
1585110146747 0.007978683337569237 552
1585110179696 0.006858085282146931 553
1585110213726 0.006752165965735912 554
1585110246943 0.007130316458642483 555
1585110280067 0.007323679979890585 556
1585110312978 0.007632207591086626 557
1585110345939 0.006990478374063969 558
1585110379325 0.007585206069052219 559
1585110412566 0.006398727651685476 560
1585110445716 0.006596639286726713 561
1585110478868 0.006239806301891804 562
1585110512517 0.006710878107696772 563
1585110545623 0.0073219300247728825 564
1585110578651 0.007199358660727739 565
1585110612050 0.007273739669471979 566
1585110645332 0.006818943191319704 567
1585110678268 0.005680159665644169 568
1585110711368 0.006111285649240017 569
1585110744402 0.006605018861591816 570
1585110777609 0.007413673680275679 571
1585110810709 0.005727311130613089 572
1585110845495 0.006648461800068617 573
1585110878396 0.006424054503440857 574
1585110911428 0.006484697572886944 575
1585110944661 0.006907275412231684 576
1585110977730 0.007456568535417318 577
1585111010901 0.007118260022252798 578
1585111043857 0.006647827569395304 579
1585111076852 0.006133260205388069 580
1585111110400 0.005813962314277887 581
1585111143558 0.006929290946573019 582
1585111176703 0.006516674999147654 583
1585111209958 0.0075625646859407425 584
1585111243097 0.006178462877869606 585
1585111276437 0.005608581006526947 586
1585111309482 0.007360985968261957 587
1585111342866 0.006733717862516642 588
1585111376261 0.0069823116064071655 589
1585111409117 0.006889862474054098 590
1585111442150 0.006282811518758535 591
1585111475442 0.005807514768093824 592
1585111508518 0.0064932056702673435 593
1585111542974 0.006676338147372007 594
1585111576203 0.005869104992598295 595
1585111609729 0.005767186172306538 596
1585111642916 0.006557207554578781 597
1585111676075 0.00583221111446619 598
1585111709825 0.006980564910918474 599
1585111743143 0.006405279505997896 600
1585111776381 0.006748488638550043 601
1585111810249 0.007137399632483721 602
1585111843438 0.0057506863959133625 603
1585111876773 0.006747236475348473 604
1585111910320 0.007865832187235355 605
1585111943624 0.0067280554212629795 606
1585111976928 0.006863221991807222 607
1585112010044 0.00707353325560689 608
1585112044463 0.005839770659804344 609
1585112078209 0.00663641095161438 610
1585112111449 0.006891402881592512 611
1585112144638 0.006985409650951624 612
1585112178309 0.007586651481688023 613
1585112212309 0.006724343169480562 614
1585112245750 0.006799007300287485 615
1585112279054 0.006815998815000057 616
1585112312601 0.00713190296664834 617
1585112346136 0.007822036743164062 618
1585112379439 0.006390525493770838 619
1585112412861 0.006864124909043312 620
1585112446421 0.00672657135874033 621
1585112480206 0.007107676938176155 622
1585112514610 0.005403390619903803 623
1585112548973 0.0070472643710672855 624
1585112584096 0.0070676421746611595 625
1585112618303 0.006947996560484171 626
1585112651453 0.0068883285857737064 627
1585112685599 0.006064781453460455 628
1585112719608 0.006921571213752031 629
1585112753928 0.0062699830159544945 630
1585112787888 0.0067519270814955235 631
1585112821238 0.006664740387350321 632
1585112854640 0.006075457204133272 633
1585112888984 0.006948534864932299 634
1585112922318 0.006474801804870367 635
1585112955652 0.00597754493355751 636
1585112988989 0.006619853433221579 637
1585113022779 0.006688084919005632 638
1585113056024 0.006829062942415476 639
1585113089588 0.007324581500142813 640
1585113122746 0.007215982768684626 641
1585113155956 0.0068233925849199295 642
1585113189500 0.006848739925771952 643
1585113223728 0.0066361986100673676 644
1585113257309 0.005996856838464737 645
1585113291656 0.006124584469944239 646
1585113325039 0.00644796434789896 647
1585113358651 0.007532821968197823 648
1585113391924 0.006840054877102375 649
1585113425592 0.006213524378836155 650
1585113458877 0.00697969738394022 651
1585113492262 0.006895784754306078 652
1585113525320 0.006227453704923391 653
1585113559004 0.0064108711667358875 654
1585113592806 0.006126748863607645 655
1585113627122 0.0069647300988435745 656
1585113660585 0.0067837354727089405 657
1585113695256 0.0066583664156496525 658
1585113728552 0.006380258593708277 659
1585113762047 0.005342855583876371 660
1585113796305 0.006048162467777729 661
1585113829551 0.006252477411180735 662
1585113863268 0.0061049750074744225 663
1585113897035 0.006371273193508387 664
1585113930423 0.005993869621306658 665
1585113965492 0.006469196639955044 666
1585114000440 0.007232706528156996 667
1585114035931 0.0056497217155992985 668
1585114070234 0.00577941071242094 669
1585114103725 0.006847602315247059 670
1585114137133 0.006638214457780123 671
1585114170486 0.00621357187628746 672
1585114204488 0.00612301379442215 673
1585114237925 0.006411603651940823 674
1585114271572 0.006574532482773066 675
1585114305189 0.0063988687470555305 676
1585114338597 0.00645355274900794 677
1585114371945 0.006889232434332371 678
1585114405118 0.006705631967633963 679
1585114438318 0.0065232980996370316 680
1585114472682 0.005103848408907652 681
1585114506173 0.005975928157567978 682
1585114539505 0.006499181035906076 683
1585114573154 0.006709624547511339 684
1585114606745 0.006117200944572687 685
1585114640547 0.006289976183325052 686
1585114674415 0.005491392686963081 687
1585114707824 0.006370736751705408 688
1585114742344 0.006972268223762512 689
1585114776655 0.007379235699772835 690
1585114810178 0.006407132372260094 691
1585114844053 0.00657660560682416 692
1585114877355 0.006164079532027245 693
1585114910614 0.0046766712330281734 694
1585114943955 0.0067819892428815365 695
1585114977815 0.006775800138711929 696
1585115011271 0.006632133387029171 697
1585115044946 0.006601667031645775 698
1585115078293 0.006563009228557348 699
1585115112409 0.006406768690794706 700
1585115146158 0.007131730671972036 701
1585115179482 0.007022312842309475 702
1585115213672 0.005406604614108801 703
1585115249317 0.006446415092796087 704
1585115283290 0.006669467315077782 705
1585115317442 0.0061357938684523106 706
1585115351155 0.005733316298574209 707
1585115384555 0.005932048428803682 708
1585115418122 0.005752319470047951 709
1585115452225 0.005926851648837328 710
1585115486191 0.004547404125332832 711
1585115519692 0.005915139336138964 712
1585115553067 0.005811141338199377 713
1585115587195 0.006548489909619093 714
1585115620423 0.006213622633367777 715
1585115654076 0.005912204273045063 716
1585115687185 0.00646481616422534 717
1585115720581 0.00625362666323781 718
1585115753610 0.005756968166679144 719
1585115786827 0.006461890414357185 720
1585115820353 0.006309089716523886 721
1585115854082 0.006036778446286917 722
1585115887773 0.006965782959014177 723
1585115921396 0.0062158615328371525 724
1585115954987 0.005039659328758717 725
1585115989901 0.00549802090972662 726
1585116023211 0.006157026160508394 727
1585116056843 0.005559426266700029 728
1585116090279 0.007038857322186232 729
1585116124006 0.006099369376897812 730
1585116157348 0.006690580397844315 731
1585116191272 0.005755701567977667 732
1585116224538 0.006284261588007212 733
1585116258006 0.0070799654349684715 734
1585116292661 0.0067725214175879955 735
1585116327387 0.006258709821850061 736
1585116361103 0.006243044510483742 737
1585116394528 0.006223012693226337 738
1585116427825 0.006583737209439278 739
1585116462030 0.006285862065851688 740
1585116496861 0.006450966000556946 741
1585116530849 0.006307867355644703 742
1585116564487 0.006302260793745518 743
1585116597808 0.006184485740959644 744
1585116631002 0.006515392567962408 745
1585116665368 0.006762121804058552 746
1585116699630 0.0055854227393865585 747
1585116733598 0.0059705981984734535 748
1585116766949 0.006383781787008047 749
1585116800623 0.005806821398437023 750
1585116835083 0.005243661347776651 751
1585116869003 0.006405313033610582 752
1585116902655 0.006434927228838205 753
1585116936116 0.005490690004080534 754
1585116969204 0.0069691273383796215 755
1585117002424 0.005274144466966391 756
1585117036263 0.005867973435670137 757
1585117069863 0.006190198939293623 758
1585117103424 0.006421409547328949 759
1585117137686 0.005705987103283405 760
1585117172089 0.006317683961242437 761
1585117206202 0.006352320779114962 762
1585117239971 0.005898132920265198 763
1585117273174 0.005504331551492214 764
1585117306665 0.005428232718259096 765
1585117340161 0.005593238864094019 766
1585117373564 0.006088985595852137 767
1585117407222 0.005977528169751167 768
1585117440632 0.006776595488190651 769
1585117473865 0.006322743371129036 770
1585117507161 0.006382194813340902 771
1585117540472 0.005807316862046719 772
1585117573667 0.004660075064748526 773
1585117607600 0.006224289536476135 774
1585117641424 0.005185533780604601 775
1585117675506 0.00585546949878335 776
1585117708926 0.006079736165702343 777
1585117742077 0.006331608630716801 778
1585117775495 0.006346381269395351 779
1585117808904 0.005942860618233681 780
1585117842301 0.005970328580588102 781
1585117875568 0.005984124261885881 782
1585117909155 0.004937227815389633 783
1585117943517 0.005720971617847681 784
1585117976900 0.006016839761286974 785
1585118010694 0.006399574689567089 786
1585118044684 0.006325922440737486 787
1585118078823 0.005860505159944296 788
1585118112469 0.005420193076133728 789
1585118147698 0.005362998228520155 790
1585118180755 0.0060548544861376286 791
1585118214162 0.00526474229991436 792
1585118247764 0.006087716203182936 793
1585118281300 0.005416665691882372 794
1585118314960 0.006062598899006844 795
1585118348305 0.00591037143021822 796
1585118381973 0.005031710024923086 797
1585118415221 0.004528296645730734 798
1585118448866 0.005399937741458416 799
1585118482200 0.00661874795332551 800
1585118515776 0.005431439261883497 801
1585118549592 0.006051122210919857 802
1585118583097 0.005929848644882441 803
1585118616419 0.006366073153913021 804
1585118650035 0.00578658701851964 805
1585118683642 0.004887061659246683 806
1585118717224 0.005817758850753307 807
1585118750982 0.006038783583790064 808
1585118784350 0.006016040686517954 809
1585118818077 0.005359334871172905 810
1585118851414 0.005856098607182503 811
1585118885051 0.006184636149555445 812
1585118918647 0.005785576067864895 813
1585118952028 0.006547492928802967 814
1585118986496 0.005803015548735857 815
1585119019900 0.005973372142761946 816
1585119053048 0.005959364119917154 817
1585119086625 0.005794891621917486 818
1585119120291 0.0050241658464074135 819
1585119153524 0.006882517132908106 820
1585119187197 0.005719582550227642 821
1585119221791 0.005752245429903269 822
1585119255138 0.00563945434987545 823
1585119289763 0.006534127984195948 824
1585119323503 0.005876821465790272 825
1585119356820 0.005935785826295614 826
1585119389987 0.0057445005513727665 827
1585119423391 0.0063686678186059 828
1585119457066 0.00599108450114727 829
1585119490571 0.005254516378045082 830
1585119523835 0.005485794972628355 831
1585119557045 0.006246654782444239 832
1585119590239 0.0065917931497097015 833
1585119624076 0.005635665729641914 834
1585119657362 0.0055368938483297825 835
1585119692261 0.005446209106594324 836
1585119726502 0.00585896847769618 837
1585119759963 0.005360225681215525 838
1585119794317 0.0049699097871780396 839
1585119827655 0.00596166355535388 840
1585119861099 0.005955705419182777 841
1585119894851 0.005534365773200989 842
1585119928717 0.005904132500290871 843
1585119962304 0.006296603474766016 844
1585119995633 0.00561220059171319 845
1585120029022 0.006501167546957731 846
1585120062247 0.005758714396506548 847
1585120095688 0.005786789581179619 848
1585120129287 0.006247259676456451 849
1585120163512 0.005654738284647465 850
1585120196831 0.005474179983139038 851
1585120230193 0.005780024453997612 852
1585120263836 0.00594585994258523 853
1585120297367 0.005699038039892912 854
1585120330988 0.006179925985634327 855
1585120364509 0.0059034619480371475 856
1585120398096 0.004743747878819704 857
1585120431415 0.0053793201223015785 858
1585120465113 0.006042080465704203 859
1585120498655 0.005256113596260548 860
1585120532198 0.006307518575340509 861
1585120565594 0.0059629175812006 862
1585120599311 0.0058069126680493355 863
1585120632761 0.005499674938619137 864
1585120666763 0.005405856296420097 865
1585120700291 0.005430209916085005 866
1585120733971 0.006819449365139008 867
1585120767330 0.006476417649537325 868
1585120801072 0.00461794575676322 869
1585120834757 0.005155937746167183 870
1585120868122 0.00619889609515667 871
1585120901626 0.005652440711855888 872
1585120934948 0.005237399600446224 873
1585120969069 0.006057791877537966 874
1585121002520 0.0044195083901286125 875
1585121036777 0.005445178132504225 876
1585121070294 0.0057211751118302345 877
1585121103495 0.005466131493449211 878
1585121137261 0.005211625248193741 879
1585121173330 0.005825180094689131 880
1585121206868 0.006105994340032339 881
1585121240468 0.0061260550282895565 882
1585121274172 0.00620123278349638 883
1585121307967 0.004933502525091171 884
1585121341389 0.005691381171345711 885
1585121374624 0.00615832069888711 886
1585121408110 0.005756220780313015 887
1585121441947 0.004646558780223131 888
1585121475407 0.005565151572227478 889
1585121510026 0.005097702145576477 890
1585121543058 0.006271100137382746 891
1585121576483 0.005862039513885975 892
1585121609664 0.005429169628769159 893
1585121643017 0.005871614906936884 894
1585121676649 0.005901402328163385 895
1585121710242 0.00562760466709733 896
1585121743683 0.0049887849017977715 897
1585121778455 0.005205029621720314 898
1585121812178 0.005939147900789976 899
1585121845975 0.006282047368586063 900
1585121880169 0.005184912122786045 901
1585121913594 0.0056682853028178215 902
1585121947895 0.00589662604033947 903
1585121982056 0.005851148162037134 904
1585122015554 0.004223032854497433 905
1585122049456 0.0054090493358671665 906
1585122082694 0.005743487738072872 907
1585122116165 0.0044774580746889114 908
1585122149695 0.005486919078975916 909
1585122183225 0.004951535724103451 910
1585122216995 0.0055890255607664585 911
1585122250297 0.00586710823699832 912
1585122283737 0.005536148324608803 913
1585122317336 0.005836951546370983 914
1585122350856 0.004942182917147875 915
1585122384255 0.005538129713386297 916
1585122417424 0.005948459263890982 917
1585122451030 0.0060072788037359715 918
1585122484442 0.005790431052446365 919
1585122518162 0.005498508922755718 920
1585122551671 0.0057596126571297646 921
1585122585945 0.005311889108270407 922
1585122619101 0.005389235448092222 923
1585122652370 0.006102640647441149 924
1585122686069 0.00549069419503212 925
1585122719568 0.005560937337577343 926
1585122752767 0.005294477567076683 927
1585122786140 0.00561541598290205 928
1585122819290 0.00636266591027379 929
1585122852603 0.005836031399667263 930
1585122885925 0.005584916099905968 931
1585122919737 0.005367602221667767 932
1585122953018 0.005449526011943817 933
1585122987238 0.004587775561958551 934
1585123021185 0.005408300086855888 935
1585123054638 0.005284628365188837 936
1585123088288 0.0055281319655478 937
1585123123124 0.005782576743513346 938
1585123156468 0.004577819257974625 939
1585123189743 0.005518750287592411 940
1585123223182 0.0053802188485860825 941
1585123257242 0.005879186559468508 942
1585123290605 0.004579363856464624 943
1585123324486 0.0047850278206169605 944
1585123357884 0.005802979692816734 945
1585123391455 0.005420751869678497 946
1585123424953 0.00540087791159749 947
1585123458395 0.005150230601429939 948
1585123492394 0.005794222466647625 949
1585123525686 0.004188633989542723 950
1585123559678 0.005933097098022699 951
1585123593195 0.005284103564918041 952
1585123627152 0.005717820022255182 953
1585123661579 0.006090231239795685 954
1585123695635 0.005216887686401606 955
1585123729451 0.00535660982131958 956
1585123763743 0.005861306097358465 957
1585123797366 0.004224305506795645 958
1585123831012 0.005153093487024307 959
1585123864830 0.005370255559682846 960
1585123898146 0.0051319170743227005 961
1585123931940 0.005156931933015585 962
1585123965536 0.005278610158711672 963
1585123998732 0.005418647546321154 964
1585124034020 0.005157787818461657 965
1585124067678 0.0049199918285012245 966
1585124101039 0.005490391049534082 967
1585124134399 0.0053060478530824184 968
1585124167755 0.005202710162848234 969
1585124200985 0.00509635591879487 970
1585124234797 0.0056944615207612514 971
1585124269086 0.005455471575260162 972
1585124302707 0.006144276820123196 973
1585124336621 0.005296545103192329 974
1585124369793 0.005061064846813679 975
1585124403144 0.0045106844045221806 976
1585124436425 0.0047461711801588535 977
1585124469528 0.00622579175978899 978
1585124502035 0.005296312738209963 979
1585124534575 0.004763995297253132 980
1585124566746 0.005650659091770649 981
1585124599314 0.005170898512005806 982
1585124631794 0.0050217085517942905 983
1585124664093 0.005104249343276024 984
1585124696552 0.005760652013123035 985
1585124728922 0.005544121842831373 986
1585124761388 0.005116480868309736 987
1585124795743 0.004937941674143076 988
1585124828567 0.0051374277099967 989
1585124861087 0.004145328886806965 990
1585124893664 0.0052497247233986855 991
1585124926158 0.005932780914008617 992
1585124958616 0.005157352425158024 993
1585124991443 0.005821286700665951 994
1585125024515 0.0048624747432768345 995
1585125057080 0.005055230110883713 996
1585125089738 0.005150818731635809 997
1585125122678 0.005469158757477999 998
1585125155369 0.004886341746896505 999
1585125188033 0.005484779831022024 1000
1585125220740 0.004961933940649033 1001
1585125253239 0.0046906378120183945 1002
1585125285705 0.005160283297300339 1003
1585125318328 0.005710600409656763 1004
1585125350683 0.005524856504052877 1005
1585125383119 0.00519475806504488 1006
1585125415412 0.004652606789022684 1007
1585125448342 0.00417160103097558 1008
1585125480958 0.005794169846922159 1009
1585125513573 0.005691933445632458 1010
1585125546244 0.005294161848723888 1011
1585125578641 0.005555846728384495 1012
1585125611450 0.005274168215692043 1013
1585125644387 0.005282142665237188 1014
1585125676905 0.004200881812721491 1015
1585125709631 0.005649487022310495 1016
1585125742175 0.004851342644542456 1017
1585125774791 0.005604431964457035 1018
1585125807460 0.004897883161902428 1019
1585125839865 0.005869552493095398 1020
1585125872340 0.004928076174110174 1021
1585125904936 0.004394999239593744 1022
1585125938760 0.005589665845036507 1023
1585125971392 0.004857257939875126 1024
1585126003582 0.005330439656972885 1025
1585126036014 0.005608422681689262 1026
1585126068840 0.005870584864169359 1027
1585126101340 0.005587523337453604 1028
1585126133742 0.005170980002731085 1029
1585126166602 0.005322227254509926 1030
1585126199400 0.004742661025375128 1031
1585126232008 0.005185831803828478 1032
1585126264674 0.005527915898710489 1033
1585126297257 0.005495758261531591 1034
1585126329832 0.004865070804953575 1035
1585126362421 0.005504662171006203 1036
1585126395324 0.005332369823008776 1037
1585126428772 0.0043913209810853004 1038
1585126461368 0.005757208913564682 1039
1585126493962 0.005329177714884281 1040
1585126526588 0.005472120363265276 1041
1585126559434 0.005615063942968845 1042
1585126592042 0.0057138786651194096 1043
1585126624550 0.005405542906373739 1044
1585126657247 0.005362684838473797 1045
1585126690182 0.005292101297527552 1046
1585126723076 0.005215026903897524 1047
1585126755576 0.005650719162076712 1048
1585126788666 0.004569737706333399 1049
1585126821184 0.005181317217648029 1050
1585126853860 0.005118487868458033 1051
1585126887288 0.005556994583457708 1052
1585126920185 0.004537881352007389 1053
1585126952718 0.0055940113961696625 1054
1585126985370 0.005478446371853352 1055
1585127018243 0.004722875077277422 1056
1585127050888 0.005338237155228853 1057
1585127083809 0.0054604304023087025 1058
1585127116395 0.005332626402378082 1059
1585127149085 0.004971409682184458 1060
1585127181810 0.004543082322925329 1061
1585127215260 0.004834548570215702 1062
1585127247373 0.005887120496481657 1063
1585127279609 0.005341699346899986 1064
1585127312100 0.00503337848931551 1065
1585127344564 0.005373646505177021 1066
1585127377284 0.0045417072251439095 1067
1585127409686 0.005568941123783588 1068
1585127442171 0.005151266697794199 1069
1585127474699 0.00476829381659627 1070
1585127507263 0.005631251726299524 1071
1585127539796 0.004864893853664398 1072
1585127573060 0.005344627890735865 1073
1585127605693 0.004860709886997938 1074
1585127638145 0.005081872455775738 1075
1585127670634 0.005320137366652489 1076
1585127703169 0.005309324245899916 1077
1585127735816 0.0047670453786849976 1078
1585127768382 0.004880290012806654 1079
1585127800674 0.0054422602988779545 1080
1585127833001 0.005287444684654474 1081
1585127865677 0.005047426093369722 1082
1585127898391 0.004816689062863588 1083
1585127931566 0.004887858405709267 1084
1585127964329 0.005470924079418182 1085
1585127996878 0.004944832995533943 1086
1585128029414 0.0055045802146196365 1087
1585128061970 0.005094748921692371 1088
1585128094428 0.004788271151483059 1089
1585128126813 0.005289518274366856 1090
1585128159336 0.004316276405006647 1091
1585128192208 0.004427220206707716 1092
1585128224900 0.005051023792475462 1093
1585128260397 0.0048590535297989845 1094
1585128292649 0.005306138191372156 1095
1585128325266 0.005451335571706295 1096
1585128357936 0.005195310804992914 1097
1585128390466 0.005275686737149954 1098
1585128423174 0.005586217623203993 1099
1585128455841 0.004289050120860338 1100
1585128488228 0.0050611337646842 1101
1585128521139 0.00528856972232461 1102
1585128553943 0.005429525393992662 1103
1585128586726 0.0044920542277395725 1104
1585128619798 0.005343789700418711 1105
1585128652204 0.004025271628051996 1106
1585128684638 0.00497606722638011 1107
1585128717062 0.005252544768154621 1108
1585128749719 0.005028164479881525 1109
1585128782279 0.005015590228140354 1110
1585128815018 0.005184412933886051 1111
1585128847595 0.00503738084807992 1112
1585128879982 0.004966037347912788 1113
1585128912605 0.005201556254178286 1114
1585128945055 0.0048103113658726215 1115
1585128978766 0.005044625140726566 1116
1585129011443 0.004678183235228062 1117
1585129044506 0.00394819350913167 1118
1585129077384 0.00476648798212409 1119
1585129110105 0.004967174027115107 1120
1585129143076 0.00436280807480216 1121
1585129175571 0.005294372793287039 1122
1585129208127 0.004702517297118902 1123
1585129240835 0.0049187662079930305 1124
1585129273316 0.005122711416333914 1125
1585129305818 0.005424261558800936 1126
1585129338317 0.004755388014018536 1127
1585129370965 0.004661723971366882 1128
1585129403612 0.0050667086616158485 1129
1585129435871 0.0048672896809875965 1130
1585129468315 0.005319554358720779 1131
1585129500990 0.004828696604818106 1132
1585129533464 0.0046800910495221615 1133
1585129565672 0.004904415458440781 1134
1585129598162 0.004779194016009569 1135
1585129630704 0.00523831183090806 1136
1585129663396 0.004481727723032236 1137
1585129695792 0.0046170675195753574 1138
1585129728723 0.005168665666133165 1139
1585129761685 0.004877238068729639 1140
1585129794118 0.0054162535816431046 1141
1585129826548 0.004744288511574268 1142
1585129859215 0.0047559416852891445 1143
1585129891903 0.005240708589553833 1144
1585129924789 0.0039744069799780846 1145
1585129958181 0.004703176207840443 1146
1585129990663 0.005152131896466017 1147
1585130023304 0.005077926442027092 1148
1585130056106 0.004858075175434351 1149
1585130088641 0.004706451669335365 1150
1585130120885 0.0048667085357010365 1151
1585130153384 0.004936815705150366 1152
1585130185786 0.005075159482657909 1153
1585130218371 0.0049253362230956554 1154
1585130250780 0.005053434520959854 1155
1585130284486 0.00479606119915843 1156
1585130316913 0.005312009248882532 1157
1585130349286 0.004636929836124182 1158
1585130381728 0.004685307387262583 1159
1585130414446 0.004856693092733622 1160
1585130447028 0.005220097955316305 1161
1585130480121 0.005004465579986572 1162
1585130512646 0.00521164620295167 1163
1585130545187 0.004710416775196791 1164
1585130577646 0.004553185310214758 1165
1585130610117 0.005389333702623844 1166
1585130642526 0.005377129651606083 1167
1585130675374 0.0053750211372971535 1168
1585130707976 0.004709865432232618 1169
1585130741295 0.005137309432029724 1170
1585130773749 0.0048624202609062195 1171
1585130807352 0.005510957911610603 1172
1585130840311 0.005521895829588175 1173
1585130872765 0.004834079183638096 1174
1585130905533 0.004981715232133865 1175
1585130938661 0.00488398689776659 1176
1585130971120 0.005519286263734102 1177
1585131003571 0.004855684004724026 1178
1585131035968 0.0041687679477036 1179
1585131068494 0.0048163896426558495 1180
1585131101349 0.005244037602096796 1181
1585131133950 0.0044538239017128944 1182
1585131166730 0.004108639899641275 1183
1585131198974 0.004803842399269342 1184
1585131231407 0.004980390425771475 1185
1585131264344 0.0047094435431063175 1186
1585131296877 0.005048938095569611 1187
1585131329436 0.004537354689091444 1188
1585131362029 0.004403641913086176 1189
1585131394476 0.004510947968810797 1190
1585131426957 0.0048290155827999115 1191
1585131459318 0.005215763114392757 1192
1585131491849 0.005024598445743322 1193
1585131524493 0.004872790537774563 1194
1585131557154 0.008893587626516819 1195
1585131589815 0.004847030621021986 1196
1585131622470 0.0054556201212108135 1197
1585131655257 0.0043488359078764915 1198
1585131687541 0.004880074877291918 1199
1585131720147 0.00408239895477891 1200
1585131752688 0.004534624516963959 1201
1585131785768 0.005427218973636627 1202
1585131818141 0.004617027007043362 1203
1585131850790 0.00472863158211112 1204
1585131883418 0.004431582521647215 1205
1585131915593 0.005277146585285664 1206
1585131949140 0.004662213381379843 1207
1585131981246 0.004894551355391741 1208
1585132013797 0.005438472609966993 1209
1585132046518 0.0038639861159026623 1210
1585132078891 0.004866451490670443 1211
1585132111598 0.0050896345637738705 1212
1585132144317 0.004675869829952717 1213
1585132177435 0.005038605537265539 1214
1585132209798 0.00496132206171751 1215
1585132242485 0.00509831914678216 1216
1585132274838 0.004901381209492683 1217
1585132307512 0.004123881924897432 1218
1585132340057 0.005039531737565994 1219
1585132372620 0.004571029916405678 1220
1585132405099 0.004591112025082111 1221
1585132439445 0.004965049680322409 1222
1585132472069 0.0050493706949055195 1223
1585132504754 0.004890623036772013 1224
1585132537723 0.005073279142379761 1225
1585132570635 0.004414996597915888 1226
1585132603154 0.004872269928455353 1227
1585132635712 0.0046919421292841434 1228
1585132668489 0.00473457807675004 1229
1585132701149 0.004920694977045059 1230
1585132733497 0.004928401671350002 1231
1585132765805 0.004697402939200401 1232
1585132799453 0.00424606166779995 1233
1585132832391 0.0047775572165846825 1234
1585132865099 0.00438787741586566 1235
1585132897608 0.004579353611916304 1236
1585132930263 0.0043626935221254826 1237
1585132963003 0.005500776693224907 1238
1585132995536 0.004910121206194162 1239
1585133028082 0.004948797170072794 1240
1585133060666 0.0045252093113958836 1241
1585133093227 0.004784504417330027 1242
1585133125902 0.004583505913615227 1243
1585133158660 0.005089662969112396 1244
1585133191173 0.00425639096647501 1245
1585133223938 0.004695570562034845 1246
1585133256701 0.004927992820739746 1247
1585133289400 0.004153235349804163 1248
1585133322163 0.005106792319566011 1249
1585133354721 0.005031696520745754 1250
1585133387442 0.0045833345502614975 1251
1585133420019 0.004865671042352915 1252
1585133452706 0.004389605019241571 1253
1585133484805 0.004873983096331358 1254
1585133517220 0.003909113351255655 1255
1585133549714 0.004451273009181023 1256
1585133582810 0.0048864358104765415 1257
1585133615702 0.005025356076657772 1258
1585133648155 0.004579686559736729 1259
1585133680521 0.004497216083109379 1260
1585133713485 0.004519506357610226 1261
1585133746183 0.004579437896609306 1262
1585133778776 0.0041384887881577015 1263
1585133811316 0.004100685473531485 1264
1585133843697 0.004962865263223648 1265
1585133878345 0.005002789199352264 1266
1585133911064 0.0041337828151881695 1267
1585133943987 0.004602817352861166 1268
1585133976741 0.0045077260583639145 1269
1585134010153 0.003966283053159714 1270
1585134043214 0.004601002670824528 1271
1585134075726 0.005026478786021471 1272
1585134108533 0.005059512797743082 1273
1585134141675 0.004714320879429579 1274
1585134174209 0.0049239592626690865 1275
1585134207810 0.0041396599262952805 1276
1585134240373 0.004410986788570881 1277
1585134274144 0.0036431525368243456 1278
1585134307520 0.004940537735819817 1279
1585134340059 0.004155316855758429 1280
1585134372880 0.0048950957134366035 1281
1585134406380 0.004009234718978405 1282
1585134438776 0.004874872509390116 1283
1585134471384 0.003799331607297063 1284
1585134504105 0.0050020767375826836 1285
1585134536612 0.004946057219058275 1286
1585134569055 0.005092189647257328 1287
1585134601663 0.0044820779003202915 1288
1585134634212 0.004691737703979015 1289
1585134666575 0.004914307035505772 1290
1585134699218 0.0044120182283222675 1291
1585134731936 0.004882774781435728 1292
1585134764450 0.004349978640675545 1293
1585134797180 0.0048877461813390255 1294
1585134830188 0.0041442932561039925 1295
1585134862785 0.004137544427067041 1296
1585134895073 0.00498590525239706 1297
1585134927756 0.0048530069179832935 1298
1585134960810 0.004938292317092419 1299
1585134993530 0.004967581946402788 1300
1585135026932 0.004908690694719553 1301
1585135059778 0.005319210700690746 1302
1585135093632 0.004586154595017433 1303
1585135126348 0.004455575253814459 1304
1585135158815 0.0042969887144863605 1305
1585135191548 0.005000721197575331 1306
1585135224262 0.005191004369407892 1307
1585135257020 0.00468751136213541 1308
1585135289619 0.004427874926477671 1309
1585135322142 0.004087784327566624 1310
1585135355040 0.004555359482765198 1311
1585135388114 0.00431773392483592 1312
1585135421022 0.004487886093556881 1313
1585135453680 0.00431788107380271 1314
1585135486445 0.004914975259453058 1315
1585135519098 0.0045885141007602215 1316
1585135551447 0.0049252635799348354 1317
1585135584160 0.0045229000970721245 1318
1585135616595 0.003712145844474435 1319
1585135649660 0.004490565042942762 1320
1585135683032 0.003735709236934781 1321
1585135715807 0.004579043015837669 1322
1585135748840 0.004366173408925533 1323
1585135781563 0.004529271274805069 1324
1585135814435 0.004306814167648554 1325
1585135848169 0.004364272113889456 1326
1585135881007 0.004741226322948933 1327
1585135913664 0.003928415477275848 1328
1585135946344 0.003833878319710493 1329
1585135978863 0.004508559126406908 1330
1585136011386 0.00476801348850131 1331
1585136043768 0.004500437993556261 1332
1585136076602 0.004819813650101423 1333
1585136109233 0.00497476989403367 1334
1585136141998 0.004472869914025068 1335
1585136174815 0.0042827436700463295 1336
1585136207152 0.004468872211873531 1337
1585136240149 0.004250438883900642 1338
1585136273179 0.0046891686506569386 1339
1585136305761 0.004300209227949381 1340
1585136338923 0.0049195438623428345 1341
1585136371495 0.00466777291148901 1342
1585136403980 0.0045235250145196915 1343
1585136437705 0.004466977436095476 1344
1585136470200 0.0048135980032384396 1345
1585136503227 0.004491864703595638 1346
1585136536223 0.0042113047093153 1347
1585136569054 0.0050377571024000645 1348
1585136601677 0.003926237113773823 1349
1585136634248 0.00459993164986372 1350
1585136666980 0.004485094919800758 1351
1585136699549 0.004361770581454039 1352
1585136732118 0.004928188864141703 1353
1585136764977 0.004009564407169819 1354
1585136797521 0.004294468089938164 1355
1585136830146 0.00438090180978179 1356
1585136862819 0.004853223450481892 1357
1585136895517 0.004032225348055363 1358
1585136927948 0.004649984650313854 1359
1585136961145 0.004090568516403437 1360
1585136993768 0.004536180756986141 1361
1585137026499 0.004780251067131758 1362
1585137059129 0.004763512406498194 1363
1585137091890 0.004574987571686506 1364
1585137124520 0.004484218545258045 1365
1585137157347 0.004495674278587103 1366
1585137190309 0.004421324469149113 1367
1585137222504 0.004235000349581242 1368
1585137255165 0.0050348397344350815 1369
1585137287615 0.00454835407435894 1370
1585137320219 0.0041883559897542 1371
1585137352857 0.0048690359108150005 1372
1585137385764 0.004646610468626022 1373
1585137418449 0.003389068879187107 1374
1585137451126 0.004664181265980005 1375
1585137483565 0.00497152004390955 1376
1585137516188 0.004165454301983118 1377
1585137548606 0.004304153844714165 1378
1585137581914 0.0041019306518137455 1379
1585137614545 0.00396962184458971 1380
1585137647188 0.004689160268753767 1381
1585137679882 0.004824680741876364 1382
1585137712736 0.004096003249287605 1383
1585137745749 0.0052001457661390305 1384
1585137778195 0.004288653377443552 1385
1585137810683 0.004295371472835541 1386
1585137843373 0.004197246395051479 1387
1585137876517 0.00423909118399024 1388
1585137909082 0.004506005439907312 1389
1585137941954 0.004329972434788942 1390
1585137974541 0.003855473594740033 1391
1585138007514 0.0046199955977499485 1392
1585138040336 0.004649276379495859 1393
1585138072897 0.004927512723952532 1394
1585138105403 0.004151773639023304 1395
1585138138234 0.004539159592241049 1396
1585138170820 0.004137756768614054 1397
1585138203731 0.003987395204603672 1398
1585138236348 0.004862205591052771 1399
1585138269029 0.0044254218228161335 1400
1585138301661 0.004345203284174204 1401
1585138334385 0.003579574404284358 1402
1585138367345 0.004118000157177448 1403
1585138400996 0.004478784278035164 1404
1585138433823 0.004595175851136446 1405
1585138466424 0.004132422152906656 1406
1585138499008 0.004710427485406399 1407
1585138531688 0.00492226192727685 1408
1585138564269 0.00448120292276144 1409
1585138597127 0.004811984021216631 1410
1585138629828 0.004672861658036709 1411
1585138662148 0.004388971254229546 1412
1585138694996 0.005040143150836229 1413
1585138727448 0.004374864045530558 1414
1585138759833 0.0036521777510643005 1415
1585138792869 0.004636513069272041 1416
1585138825328 0.004347498062998056 1417
1585138857875 0.004550110548734665 1418
1585138890834 0.004142174031585455 1419
1585138923697 0.004089627414941788 1420
1585138956225 0.0040655964985489845 1421
1585138989007 0.004281805828213692 1422
1585139021585 0.004485467914491892 1423
1585139054019 0.0037762888241559267 1424
1585139086678 0.004464228171855211 1425
1585139119328 0.004670890513807535 1426
1585139152188 0.004161666613072157 1427
1585139185167 0.0045448546297848225 1428
1585139217579 0.003920921590179205 1429
1585139250261 0.004633861128240824 1430
1585139283077 0.0039977808482944965 1431
1585139316080 0.004579443484544754 1432
1585139348795 0.004346816334873438 1433
1585139381380 0.00426444923505187 1434
1585139415119 0.004494237247854471 1435
1585139447702 0.004135036841034889 1436
1585139480151 0.00448684161528945 1437
1585139512898 0.0030808320734649897 1438
1585139545552 0.004255636129528284 1439
1585139578253 0.00460798479616642 1440
1585139610792 0.004099742975085974 1441
1585139643280 0.0046305241994559765 1442
1585139676189 0.0045577227137982845 1443
1585139709076 0.004251040983945131 1444
1585139741690 0.004697084426879883 1445
1585139774208 0.003529822686687112 1446
1585139806774 0.004320260602980852 1447
1585139839739 0.004173679742962122 1448
1585139872182 0.0037629674188792706 1449
1585139904866 0.004031771328300238 1450
1585139937369 0.003917262889444828 1451
1585139969904 0.004530563484877348 1452
1585140002584 0.004080525133758783 1453
1585140035585 0.0049170320853590965 1454
1585140068361 0.004703130107372999 1455
1585140101073 0.0037972298450767994 1456
1585140134872 0.004440848249942064 1457
1585140167657 0.004171852022409439 1458
1585140200061 0.0043417103588581085 1459
1585140232513 0.004490903113037348 1460
1585140265113 0.004274241626262665 1461
1585140298127 0.003842088859528303 1462
1585140330607 0.004433741327375174 1463
1585140363445 0.004621449392288923 1464
1585140396072 0.004262854345142841 1465
1585140428903 0.003983961418271065 1466
1585140461297 0.004449320491403341 1467
1585140493745 0.0048340060748159885 1468
1585140526451 0.004615700803697109 1469
1585140558797 0.0045912680216133595 1470
1585140591519 0.004311287309974432 1471
1585140623991 0.0042654117569327354 1472
1585140657596 0.004084006417542696 1473
1585140690534 0.003818088909611106 1474
1585140723245 0.004221836570650339 1475
1585140756128 0.004226823803037405 1476
1585140788455 0.004012603312730789 1477
1585140821005 0.0048303366638720036 1478
1585140857317 0.004157497081905603 1479
1585140889909 0.004291769582778215 1480
1585140922372 0.0035939954686909914 1481
1585140955329 0.004415202885866165 1482
1585140987808 0.004599391017109156 1483
1585141020307 0.004413425922393799 1484
1585141052935 0.004985656123608351 1485
1585141085999 0.004402457736432552 1486
1585141119896 0.003693466307595372 1487
1585141153496 0.0044602565467357635 1488
1585141186306 0.004006254021078348 1489
1585141219088 0.004062394145876169 1490
1585141251825 0.004065995570272207 1491
1585141284446 0.004375908058136702 1492
1585141317066 0.004655534401535988 1493
1585141349592 0.004733835346996784 1494
1585141382276 0.004621078725904226 1495
1585141415048 0.004490251652896404 1496
1585141447418 0.0038174197543412447 1497
1585141480011 0.0039561353623867035 1498
1585141512480 0.0043709175661206245 1499
1585141545096 0.004272408317774534 1500
