1585091767862 0.8315979242324829 0
1585091801584 0.7384100556373596 1
1585091834642 0.6876856088638306 2
1585091868168 0.6595292091369629 3
1585091901314 0.6449902057647705 4
1585091934343 0.6386979222297668 5
1585091967461 0.6186585426330566 6
1585092000684 0.5867530703544617 7
1585092033962 0.5716400146484375 8
1585092066823 0.5527991056442261 9
1585092099701 0.5212072730064392 10
1585092132955 0.5071694254875183 11
1585092166272 0.4858704209327698 12
1585092199650 0.46813687682151794 13
1585092233065 0.4556286334991455 14
1585092266251 0.44511324167251587 15
1585092300188 0.4364745020866394 16
1585092333503 0.4260742962360382 17
1585092366622 0.4143030345439911 18
1585092399899 0.40266454219818115 19
1585092433407 0.3901216685771942 20
1585092466518 0.38329389691352844 21
1585092499987 0.37613701820373535 22
1585092533015 0.3622809648513794 23
1585092566213 0.35825496912002563 24
1585092599308 0.34636080265045166 25
1585092633653 0.34207868576049805 26
1585092667018 0.3364917039871216 27
1585092700246 0.3341163694858551 28
1585092733488 0.3312702476978302 29
1585092766660 0.33230000734329224 30
1585092799767 0.32543471455574036 31
1585092833060 0.322419136762619 32
1585092866221 0.31396612524986267 33
1585092899264 0.3116037845611572 34
1585092932453 0.3143902122974396 35
1585092965483 0.3062341511249542 36
1585092999208 0.3012316823005676 37
1585093032544 0.2965797185897827 38
1585093065935 0.29635852575302124 39
1585093098933 0.2972904443740845 40
1585093131939 0.28984615206718445 41
1585093165538 0.29295340180397034 42
1585093199284 0.29589295387268066 43
1585093232911 0.2842243015766144 44
1585093266492 0.2907405495643616 45
1585093301693 0.2864498794078827 46
1585093335805 0.28650379180908203 47
1585093368998 0.2786381244659424 48
1585093402045 0.2859566807746887 49
1585093435407 0.2864137291908264 50
1585093469598 0.27567651867866516 51
1585093502883 0.2765347957611084 52
1585093536053 0.2795940637588501 53
1585093569152 0.27236616611480713 54
1585093603051 0.2727295756340027 55
1585093636525 0.2738802433013916 56
1585093669511 0.2722265124320984 57
1585093702866 0.2830880582332611 58
1585093735943 0.27282148599624634 59
1585093769921 0.2770999073982239 60
1585093802948 0.27639323472976685 61
1585093836392 0.26996415853500366 62
1585093870094 0.2697509229183197 63
1585093903190 0.26968976855278015 64
1585093936261 0.2614224851131439 65
1585093969576 0.2741415500640869 66
1585094002375 0.2699607312679291 67
1585094035467 0.2633565366268158 68
1585094069154 0.26196977496147156 69
1585094102706 0.26005980372428894 70
1585094136071 0.26204714179039 71
1585094169155 0.26777249574661255 72
1585094202403 0.2627538740634918 73
1585094235776 0.261026531457901 74
1585094269293 0.2542092204093933 75
1585094302298 0.2624385952949524 76
1585094336349 0.2641102075576782 77
1585094369694 0.25316888093948364 78
1585094403302 0.2568763792514801 79
1585094436770 0.25817224383354187 80
1585094470285 0.25863999128341675 81
1585094503219 0.24783703684806824 82
1585094536186 0.25419262051582336 83
1585094569256 0.2614736258983612 84
1585094602362 0.2511257231235504 85
1585094635388 0.24446947872638702 86
1585094669483 0.2477886974811554 87
1585094702721 0.25289344787597656 88
1585094735692 0.24957707524299622 89
1585094769229 0.2463311105966568 90
1585094802674 0.257846862077713 91
1585094835642 0.24826376140117645 92
1585094868745 0.2407931685447693 93
1585094901937 0.2539491653442383 94
1585094935095 0.24300575256347656 95
1585094968099 0.25818097591400146 96
1585095001107 0.24144510924816132 97
1585095034142 0.24357262253761292 98
1585095067193 0.24950367212295532 99
1585095100154 0.2469683587551117 100
1585095133253 0.24085620045661926 101
1585095166977 0.24226462841033936 102
1585095200377 0.25218328833580017 103
1585095233438 0.23993785679340363 104
1585095266754 0.23807242512702942 105
1585095299924 0.23862409591674805 106
1585095333236 0.24075794219970703 107
1585095366629 0.24144247174263 108
1585095399534 0.240770161151886 109
1585095432735 0.2440730482339859 110
1585095467102 0.2384956330060959 111
1585095499941 0.23599646985530853 112
1585095533215 0.24217046797275543 113
1585095566010 0.22972404956817627 114
1585095599137 0.23360536992549896 115
1585095632420 0.22935163974761963 116
1585095666239 0.23480527102947235 117
1585095699436 0.23976851999759674 118
1585095732314 0.22978997230529785 119
1585095765516 0.22967055439949036 120
1585095798904 0.2374643087387085 121
1585095832576 0.23608878254890442 122
1585095865831 0.2298728972673416 123
1585095899098 0.22897374629974365 124
1585095932468 0.2390746921300888 125
1585095965985 0.23006224632263184 126
1585095999286 0.22780682146549225 127
1585096032543 0.23036789894104004 128
1585096065955 0.23094311356544495 129
1585096099157 0.2303704023361206 130
1585096132254 0.22089526057243347 131
1585096165617 0.2300293743610382 132
1585096198492 0.23697704076766968 133
1585096231585 0.2390584647655487 134
1585096264796 0.2309570014476776 135
1585096298170 0.2233644425868988 136
1585096331119 0.22146916389465332 137
1585096364590 0.23716288805007935 138
1585096398046 0.23245830833911896 139
1585096431099 0.22561036050319672 140
1585096464176 0.2412877380847931 141
1585096497760 0.22765564918518066 142
1585096530821 0.22225993871688843 143
1585096563958 0.21923433244228363 144
1585096596979 0.22450050711631775 145
1585096630271 0.22135451436042786 146
1585096663494 0.23191264271736145 147
1585096696573 0.21763017773628235 148
1585096729506 0.21846674382686615 149
1585096762509 0.2223978042602539 150
1585096795744 0.21521195769309998 151
1585096829151 0.21654421091079712 152
1585096862051 0.2216411679983139 153
1585096895422 0.21983951330184937 154
1585096928696 0.22748975455760956 155
1585096961812 0.21904447674751282 156
1585096995175 0.21278077363967896 157
1585097028312 0.21770112216472626 158
1585097062002 0.2130887508392334 159
1585097095550 0.22021961212158203 160
1585097128776 0.22009612619876862 161
1585097162404 0.22461611032485962 162
1585097195763 0.22282089293003082 163
1585097228918 0.21090470254421234 164
1585097262483 0.21492889523506165 165
1585097295651 0.2191285490989685 166
1585097328769 0.2113008350133896 167
1585097362900 0.22188572585582733 168
1585097396800 0.23492074012756348 169
1585097429816 0.21756382286548615 170
1585097463541 0.21853534877300262 171
1585097496740 0.21830695867538452 172
1585097529829 0.23342940211296082 173
1585097563368 0.21535566449165344 174
1585097596561 0.21380628645420074 175
1585097629789 0.21906611323356628 176
1585097662663 0.2202475368976593 177
1585097696012 0.21039608120918274 178
1585097729087 0.20852449536323547 179
1585097762908 0.21438300609588623 180
1585097796119 0.20872583985328674 181
1585097829265 0.20578546822071075 182
1585097862197 0.21748124063014984 183
1585097895454 0.21318359673023224 184
1585097928761 0.21420972049236298 185
1585097962292 0.21387964487075806 186
1585097995757 0.21120785176753998 187
1585098028859 0.20711277425289154 188
1585098061934 0.20797009766101837 189
1585098094951 0.2211752086877823 190
1585098127918 0.21149516105651855 191
1585098161331 0.22539924085140228 192
1585098194305 0.20336265861988068 193
1585098227651 0.211164653301239 194
1585098261026 0.21351388096809387 195
1585098293908 0.20633354783058167 196
1585098327257 0.21481303870677948 197
1585098361814 0.20622073113918304 198
1585098395076 0.20680391788482666 199
1585098428314 0.20447389781475067 200
1585098461466 0.21079455316066742 201
1585098494660 0.21446150541305542 202
1585098528276 0.19688862562179565 203
1585098561322 0.19775383174419403 204
1585098594355 0.19901423156261444 205
1585098627540 0.205966055393219 206
1585098661040 0.20506079494953156 207
1585098694385 0.20779858529567719 208
1585098727496 0.20105165243148804 209
1585098760690 0.21198463439941406 210
1585098794007 0.1946767121553421 211
1585098827301 0.20182305574417114 212
1585098860934 0.21463584899902344 213
1585098894057 0.21001967787742615 214
1585098927228 0.19963602721691132 215
1585098960299 0.20041905343532562 216
1585098993420 0.19847026467323303 217
1585099026535 0.20620402693748474 218
1585099059571 0.1943962126970291 219
1585099092729 0.20203569531440735 220
1585099125594 0.1991022229194641 221
1585099158700 0.20332369208335876 222
1585099191601 0.20810745656490326 223
1585099225054 0.20226582884788513 224
1585099258089 0.20809653401374817 225
1585099290956 0.2023015171289444 226
1585099324171 0.20346477627754211 227
1585099357267 0.20701542496681213 228
1585099390646 0.20321674644947052 229
1585099423631 0.19606275856494904 230
1585099456827 0.19486357271671295 231
1585099490069 0.20136462152004242 232
1585099523055 0.19192220270633698 233
1585099557472 0.1967218518257141 234
1585099591186 0.19559231400489807 235
1585099624000 0.2024567425251007 236
1585099657105 0.1992032527923584 237
1585099690436 0.1933785378932953 238
1585099723680 0.20324349403381348 239
1585099756639 0.1952422708272934 240
1585099789920 0.2064928412437439 241
1585099823032 0.20006388425827026 242
1585099857973 0.19317173957824707 243
1585099891784 0.1891222894191742 244
1585099924951 0.20211726427078247 245
1585099958374 0.19297441840171814 246
1585099991256 0.19439776241779327 247
1585100024115 0.19251102209091187 248
1585100058070 0.19269339740276337 249
1585100091009 0.19341416656970978 250
1585100124015 0.1926833987236023 251
1585100157283 0.19137047231197357 252
1585100190762 0.19599032402038574 253
1585100223701 0.19048981368541718 254
1585100256770 0.18962758779525757 255
1585100290001 0.18626901507377625 256
1585100323097 0.2067132592201233 257
1585100356307 0.19915910065174103 258
1585100389651 0.19718879461288452 259
1585100422568 0.19651839137077332 260
1585100455669 0.19281773269176483 261
1585100489306 0.18920715153217316 262
1585100522972 0.18185336887836456 263
1585100556437 0.19521939754486084 264
1585100589709 0.19101491570472717 265
1585100622935 0.18706576526165009 266
1585100656240 0.1925116926431656 267
1585100689341 0.20066915452480316 268
1585100722531 0.1883043497800827 269
1585100755878 0.19011594355106354 270
1585100789093 0.20546232163906097 271
1585100822299 0.18729573488235474 272
1585100855679 0.1896403282880783 273
1585100889115 0.21231423318386078 274
1585100922487 0.18932688236236572 275
1585100955819 0.19063931703567505 276
1585100988835 0.18985557556152344 277
1585101021960 0.20498691499233246 278
1585101054892 0.18988314270973206 279
1585101087801 0.192521333694458 280
1585101120946 0.18603689968585968 281
1585101154289 0.18846440315246582 282
1585101187414 0.18279150128364563 283
1585101220751 0.18528436124324799 284
1585101254202 0.18452170491218567 285
1585101287807 0.18333446979522705 286
1585101320886 0.19207681715488434 287
1585101354208 0.18189123272895813 288
1585101387561 0.18237465620040894 289
1585101420779 0.1786801964044571 290
1585101454121 0.18841606378555298 291
1585101487925 0.18759873509407043 292
1585101521364 0.18941755592823029 293
1585101554462 0.1893530786037445 294
1585101587459 0.18688413500785828 295
1585101620511 0.17969584465026855 296
1585101653511 0.1869622766971588 297
1585101686718 0.1781826764345169 298
1585101719787 0.18496084213256836 299
1585101752911 0.1948774755001068 300
1585101786065 0.17702187597751617 301
1585101819292 0.17205685377120972 302
1585101852768 0.17907147109508514 303
1585101886087 0.18193064630031586 304
1585101919130 0.18719568848609924 305
1585101952431 0.17870256304740906 306
1585101985596 0.1811368614435196 307
1585102018588 0.17715635895729065 308
1585102052523 0.18375496566295624 309
1585102085906 0.17941196262836456 310
1585102119378 0.17173151671886444 311
1585102152928 0.18886636197566986 312
1585102186667 0.18043820559978485 313
1585102219693 0.17290230095386505 314
1585102252940 0.17767135798931122 315
1585102286244 0.1799044907093048 316
1585102319534 0.17870651185512543 317
1585102353077 0.17854821681976318 318
1585102386590 0.18533729016780853 319
1585102419959 0.18221864104270935 320
1585102453130 0.18314552307128906 321
1585102486260 0.18283694982528687 322
1585102519270 0.17326775193214417 323
1585102552357 0.1829511970281601 324
1585102585647 0.17302319407463074 325
1585102618735 0.1835210621356964 326
1585102651922 0.16972431540489197 327
1585102684845 0.1795220524072647 328
1585102717767 0.19180504977703094 329
1585102751162 0.17979000508785248 330
1585102784514 0.19285768270492554 331
1585102817873 0.17566131055355072 332
1585102851082 0.1729206144809723 333
1585102884020 0.1772918403148651 334
1585102917283 0.17356596887111664 335
1585102950862 0.1721949279308319 336
1585102984091 0.18632987141609192 337
1585103016985 0.17472204566001892 338
1585103050863 0.1710488200187683 339
1585103084041 0.16951079666614532 340
1585103117210 0.17688602209091187 341
1585103150596 0.17497427761554718 342
1585103183875 0.17729005217552185 343
1585103217120 0.17735671997070312 344
1585103250931 0.18272563815116882 345
1585103284230 0.17106042802333832 346
1585103317859 0.18079984188079834 347
1585103350833 0.17508246004581451 348
1585103384462 0.16992270946502686 349
1585103417643 0.1686779409646988 350
1585103451051 0.16431835293769836 351
1585103484668 0.18605032563209534 352
1585103517740 0.18135687708854675 353
1585103550796 0.1780928075313568 354
1585103584172 0.16208311915397644 355
1585103617471 0.17351384460926056 356
1585103650677 0.17063327133655548 357
1585103684323 0.17519879341125488 358
1585103717558 0.16528324782848358 359
1585103750732 0.16829176247119904 360
1585103783827 0.18241149187088013 361
1585103817154 0.16214458644390106 362
1585103850310 0.17846810817718506 363
1585103883743 0.16387715935707092 364
1585103916985 0.16799916326999664 365
1585103950093 0.17096291482448578 366
1585103983149 0.16734984517097473 367
1585104016562 0.17038193345069885 368
1585104049577 0.17065075039863586 369
1585104082462 0.16779612004756927 370
1585104115522 0.15919871628284454 371
1585104152633 0.17193007469177246 372
1585104186145 0.16640877723693848 373
1585104219649 0.16601815819740295 374
1585104252626 0.16492551565170288 375
1585104286934 0.17410047352313995 376
1585104320330 0.16923648118972778 377
1585104353799 0.17621520161628723 378
1585104387171 0.17397570610046387 379
1585104421681 0.1665637344121933 380
1585104454677 0.17921988666057587 381
1585104489110 0.16370373964309692 382
1585104522362 0.163759246468544 383
1585104555300 0.16660092771053314 384
1585104588465 0.1728743463754654 385
1585104621495 0.16788916289806366 386
1585104654754 0.16827526688575745 387
1585104688853 0.16076907515525818 388
1585104721995 0.17405106127262115 389
1585104755324 0.1569642573595047 390
1585104788433 0.1692490130662918 391
1585104821836 0.16938981413841248 392
1585104855224 0.15810509026050568 393
1585104888069 0.1693301796913147 394
1585104921365 0.15888509154319763 395
1585104954886 0.15743404626846313 396
1585104988742 0.16475483775138855 397
1585105021858 0.17452049255371094 398
1585105055126 0.166862353682518 399
1585105088077 0.1715613156557083 400
1585105121074 0.16410039365291595 401
1585105154185 0.16619807481765747 402
1585105187195 0.16726021468639374 403
1585105220151 0.1598295420408249 404
1585105253248 0.16782532632350922 405
1585105286355 0.1609971523284912 406
1585105319525 0.16161957383155823 407
1585105352686 0.18393559753894806 408
1585105385843 0.16495968401432037 409
1585105419632 0.16220583021640778 410
1585105454186 0.16408327221870422 411
1585105487890 0.16682937741279602 412
1585105521642 0.17068886756896973 413
1585105554954 0.1548982560634613 414
1585105588119 0.1713351607322693 415
1585105621248 0.16397182643413544 416
1585105654272 0.16309505701065063 417
1585105687594 0.16798685491085052 418
1585105720826 0.15475621819496155 419
1585105754136 0.17633965611457825 420
1585105787464 0.1697901487350464 421
1585105820373 0.16214673221111298 422
1585105855346 0.15159574151039124 423
1585105888706 0.15808697044849396 424
1585105921947 0.15724341571331024 425
1585105955149 0.15663428604602814 426
1585105988474 0.17415300011634827 427
1585106021539 0.1526785045862198 428
1585106054482 0.16855932772159576 429
1585106087344 0.15687385201454163 430
1585106120754 0.1631019413471222 431
1585106153953 0.1642538458108902 432
1585106186811 0.16755607724189758 433
1585106220038 0.16559001803398132 434
1585106253166 0.1557360589504242 435
1585106286844 0.160867840051651 436
1585106320581 0.16539031267166138 437
1585106354047 0.1543816328048706 438
1585106387336 0.15727566182613373 439
1585106420741 0.1543935090303421 440
1585106454394 0.16350704431533813 441
1585106487438 0.15925320982933044 442
1585106520802 0.16020092368125916 443
1585106553865 0.15800319612026215 444
1585106587509 0.1574559360742569 445
1585106621282 0.167707160115242 446
1585106654480 0.16531644761562347 447
1585106687822 0.15887747704982758 448
1585106721130 0.1621655970811844 449
1585106754639 0.1619635969400406 450
1585106787811 0.15699617564678192 451
1585106820858 0.15561899542808533 452
1585106855216 0.14756710827350616 453
1585106888712 0.16810718178749084 454
1585106921922 0.1482660174369812 455
1585106955466 0.14817941188812256 456
1585106989651 0.15739749372005463 457
1585107023306 0.14690780639648438 458
1585107056355 0.15551531314849854 459
1585107089671 0.1817554533481598 460
1585107122865 0.14680451154708862 461
1585107155666 0.15709295868873596 462
1585107188773 0.1575082540512085 463
1585107222235 0.1431974172592163 464
1585107255118 0.15992939472198486 465
1585107288429 0.16283029317855835 466
1585107322270 0.15066885948181152 467
1585107355833 0.15624789893627167 468
1585107388913 0.15241612493991852 469
1585107422184 0.1580604463815689 470
1585107455272 0.14970111846923828 471
1585107488375 0.1499728560447693 472
1585107521764 0.1536271572113037 473
1585107555460 0.15508759021759033 474
1585107588601 0.14789074659347534 475
1585107622030 0.1514595001935959 476
1585107655392 0.15079371631145477 477
1585107689060 0.15282444655895233 478
1585107722915 0.15206433832645416 479
1585107756364 0.15615621209144592 480
1585107790634 0.1586644947528839 481
1585107824882 0.16843920946121216 482
1585107858101 0.15376058220863342 483
1585107891798 0.151233971118927 484
1585107925396 0.15276896953582764 485
1585107958487 0.15039047598838806 486
1585107991731 0.15817628800868988 487
1585108025050 0.15584635734558105 488
1585108058168 0.15312637388706207 489
1585108091339 0.15603023767471313 490
1585108124284 0.14805831015110016 491
1585108157945 0.1492035984992981 492
1585108191080 0.1493704617023468 493
1585108224221 0.14869531989097595 494
1585108257008 0.1533229500055313 495
1585108290501 0.14826834201812744 496
1585108323954 0.148055300116539 497
1585108357018 0.15291941165924072 498
1585108390211 0.16534045338630676 499
1585108423115 0.1427096426486969 500
1585108457602 0.15711571276187897 501
1585108490601 0.14855578541755676 502
1585108523964 0.15675820410251617 503
1585108558056 0.1485327184200287 504
1585108591103 0.15049032866954803 505
1585108624273 0.1442311406135559 506
1585108658144 0.14690931141376495 507
1585108691315 0.15194958448410034 508
1585108724335 0.14791211485862732 509
1585108757570 0.15045258402824402 510
1585108791272 0.15080046653747559 511
1585108825029 0.15020449459552765 512
1585108858064 0.14462879300117493 513
1585108891310 0.14485080540180206 514
1585108924446 0.15095925331115723 515
1585108957456 0.15023644268512726 516
1585108990801 0.14911317825317383 517
1585109024498 0.14845919609069824 518
1585109057772 0.1438930183649063 519
1585109090909 0.1668458878993988 520
1585109124543 0.14915762841701508 521
1585109157575 0.14974522590637207 522
1585109190913 0.1523253321647644 523
1585109224228 0.1558263897895813 524
1585109257320 0.14657634496688843 525
1585109290475 0.14853817224502563 526
1585109325167 0.14257724583148956 527
1585109358349 0.1466871052980423 528
1585109391340 0.14488613605499268 529
1585109424743 0.1456288844347 530
1585109457848 0.14975151419639587 531
1585109491068 0.1459333598613739 532
1585109524455 0.15087240934371948 533
1585109557786 0.15814583003520966 534
1585109591233 0.14611554145812988 535
1585109625212 0.1480654776096344 536
1585109658181 0.1651085615158081 537
1585109692026 0.1514577716588974 538
1585109725324 0.15288382768630981 539
1585109758507 0.14201295375823975 540
1585109792170 0.14236687123775482 541
1585109825302 0.1406945288181305 542
1585109858408 0.15469355881214142 543
1585109891667 0.15978588163852692 544
1585109924931 0.145051047205925 545
1585109958159 0.14656277000904083 546
1585109991198 0.15579792857170105 547
1585110024372 0.14669258892536163 548
1585110058455 0.15145516395568848 549
1585110091847 0.14534734189510345 550
1585110125305 0.14533813297748566 551
1585110158368 0.13988423347473145 552
1585110191373 0.14977394044399261 553
1585110225254 0.14682084321975708 554
1585110258463 0.14038032293319702 555
1585110291604 0.1413765400648117 556
1585110324609 0.14481785893440247 557
1585110357563 0.1475072056055069 558
1585110390987 0.1385975033044815 559
1585110424123 0.1483565866947174 560
1585110457280 0.1483064740896225 561
1585110490695 0.13958869874477386 562
1585110524087 0.1408044993877411 563
1585110557290 0.14227138459682465 564
1585110590331 0.15227583050727844 565
1585110623885 0.13967403769493103 566
1585110656847 0.15795031189918518 567
1585110689826 0.15066754817962646 568
1585110722965 0.15732544660568237 569
1585110755971 0.14983555674552917 570
1585110789394 0.14357513189315796 571
1585110823324 0.1399703025817871 572
1585110857036 0.1435924619436264 573
1585110889960 0.1350044310092926 574
1585110923258 0.14281399548053741 575
1585110956224 0.1481618583202362 576
1585110989347 0.14071819186210632 577
1585111022562 0.13300885260105133 578
1585111055363 0.14413726329803467 579
1585111088538 0.14539435505867004 580
1585111122144 0.13990060985088348 581
1585111155095 0.14816336333751678 582
1585111188513 0.1439608782529831 583
1585111221620 0.14704790711402893 584
1585111254682 0.13595125079154968 585
1585111288012 0.13842342793941498 586
1585111321097 0.1442994475364685 587
1585111354583 0.1361454725265503 588
1585111387827 0.13948550820350647 589
1585111420670 0.14373627305030823 590
1585111454002 0.1409115046262741 591
1585111487139 0.13914142549037933 592
1585111520682 0.13852982223033905 593
1585111554657 0.1462232619524002 594
1585111587789 0.1371026337146759 595
1585111621474 0.14295855164527893 596
1585111654508 0.14843802154064178 597
1585111687855 0.13647468388080597 598
1585111721514 0.14576873183250427 599
1585111754790 0.1346200704574585 600
1585111788368 0.14427925646305084 601
1585111821926 0.13491494953632355 602
1585111855077 0.13321277499198914 603
1585111888790 0.13907676935195923 604
1585111921988 0.13988524675369263 605
1585111955343 0.13593296706676483 606
1585111988556 0.13509421050548553 607
1585112021815 0.1461036205291748 608
1585112056189 0.14338967204093933 609
1585112089898 0.14091485738754272 610
1585112123092 0.13767825067043304 611
1585112156501 0.13569338619709015 612
1585112190041 0.14714966714382172 613
1585112224053 0.1405349224805832 614
1585112257439 0.12671643495559692 615
1585112290868 0.13595163822174072 616
1585112324269 0.1459086537361145 617
1585112357780 0.1387801468372345 618
1585112391256 0.14305806159973145 619
1585112424648 0.14350469410419464 620
1585112458368 0.13683274388313293 621
1585112492835 0.13537271320819855 622
1585112527219 0.1378687620162964 623
1585112560772 0.13469025492668152 624
1585112596097 0.13406945765018463 625
1585112629962 0.14411641657352448 626
1585112663183 0.15887615084648132 627
1585112697656 0.1518394649028778 628
1585112731453 0.14873149991035461 629
1585112766193 0.13593991100788116 630
1585112799534 0.13740791380405426 631
1585112832902 0.13848181068897247 632
1585112866440 0.13280504941940308 633
1585112900803 0.13441917300224304 634
1585112934136 0.13475117087364197 635
1585112967443 0.13134323060512543 636
1585113000738 0.13752160966396332 637
1585113034485 0.13861937820911407 638
1585113067865 0.14144115149974823 639
1585113101302 0.13825179636478424 640
1585113134474 0.14321987330913544 641
1585113167775 0.14057844877243042 642
1585113201332 0.13198333978652954 643
1585113235521 0.1603044867515564 644
1585113269717 0.1389196217060089 645
1585113303301 0.13524319231510162 646
1585113336851 0.14017519354820251 647
1585113370275 0.13934628665447235 648
1585113403925 0.12599273025989532 649
1585113437392 0.13384407758712769 650
1585113470715 0.13393710553646088 651
1585113503875 0.13019537925720215 652
1585113536969 0.13140825927257538 653
1585113571009 0.13333863019943237 654
1585113605053 0.1387014091014862 655
1585113639003 0.13002437353134155 656
1585113672534 0.13238656520843506 657
1585113706993 0.13172951340675354 658
1585113740246 0.13918769359588623 659
1585113774259 0.14586688578128815 660
1585113808084 0.13558754324913025 661
1585113841493 0.13196337223052979 662
1585113875209 0.1378176510334015 663
1585113908839 0.13866892457008362 664
1585113943248 0.13252314925193787 665
1585113977414 0.1325797289609909 666
1585114012130 0.14374302327632904 667
1585114047725 0.136968195438385 668
1585114082088 0.1300944685935974 669
1585114115410 0.13091564178466797 670
1585114148973 0.13060712814331055 671
1585114182830 0.13699860870838165 672
1585114216366 0.13952328264713287 673
1585114249672 0.13285642862319946 674
1585114283235 0.13701240718364716 675
1585114316956 0.12937675416469574 676
1585114350426 0.13504774868488312 677
1585114383662 0.13005831837654114 678
1585114416752 0.12969434261322021 679
1585114451055 0.14708469808101654 680
1585114484501 0.13952092826366425 681
1585114517921 0.1261395663022995 682
1585114551400 0.12792034447193146 683
1585114585113 0.12520058453083038 684
1585114618531 0.12836124002933502 685
1585114652381 0.13114239275455475 686
1585114686142 0.12650682032108307 687
1585114719769 0.128956139087677 688
1585114754349 0.13171394169330597 689
1585114788433 0.12947295606136322 690
1585114822234 0.14028024673461914 691
1585114855738 0.13176248967647552 692
1585114889072 0.13646583259105682 693
1585114922286 0.12998297810554504 694
1585114956101 0.1330852061510086 695
1585114989697 0.13234268128871918 696
1585115022955 0.1333572119474411 697
1585115056656 0.1257324516773224 698
1585115090021 0.13583984971046448 699
1585115124343 0.12773647904396057 700
1585115157821 0.14025059342384338 701
1585115192182 0.12871038913726807 702
1585115225458 0.13745331764221191 703
1585115261476 0.13170091807842255 704
1585115295261 0.1294803023338318 705
1585115329295 0.15143230557441711 706
1585115363027 0.1425638645887375 707
1585115396404 0.12068407982587814 708
1585115429944 0.12287165969610214 709
1585115464162 0.13227304816246033 710
1585115497923 0.1317809671163559 711
1585115531404 0.12806826829910278 712
1585115564814 0.12796863913536072 713
1585115598905 0.12694618105888367 714
1585115632096 0.1294419765472412 715
1585115665710 0.13841719925403595 716
1585115699090 0.12932142615318298 717
1585115732258 0.13020072877407074 718
1585115765336 0.14693306386470795 719
1585115798755 0.12458466738462448 720
1585115832178 0.1293351948261261 721
1585115865778 0.11988016217947006 722
1585115899667 0.12766268849372864 723
1585115933212 0.1253981590270996 724
1585115967074 0.14154446125030518 725
1585116001571 0.12628650665283203 726
1585116035117 0.12813641130924225 727
1585116068557 0.13421088457107544 728
1585116102275 0.12689675390720367 729
1585116135815 0.12629273533821106 730
1585116169094 0.12669427692890167 731
1585116202936 0.12350378185510635 732
1585116236417 0.13458073139190674 733
1585116271204 0.12382763624191284 734
1585116304442 0.11595543473958969 735
1585116339321 0.1233859658241272 736
1585116372815 0.12105133384466171 737
1585116406366 0.12812958657741547 738
1585116439827 0.13092702627182007 739
1585116474172 0.12493572384119034 740
1585116508754 0.1292007863521576 741
1585116542507 0.12018837779760361 742
1585116576151 0.12262014299631119 743
1585116609514 0.12225959450006485 744
1585116642790 0.11650985479354858 745
1585116677103 0.1220637708902359 746
1585116711714 0.12606282532215118 747
1585116745282 0.12418125569820404 748
1585116778770 0.1224638968706131 749
1585116813688 0.1270783543586731 750
1585116847228 0.1229524165391922 751
1585116880873 0.12469283491373062 752
1585116914482 0.12697139382362366 753
1585116947822 0.12784028053283691 754
1585116980811 0.13294856250286102 755
1585117014024 0.12319789081811905 756
1585117047886 0.1266442984342575 757
1585117081497 0.12527818977832794 758
1585117115102 0.1315285712480545 759
1585117149635 0.12469729781150818 760
1585117184592 0.1519472301006317 761
1585117217936 0.12297717481851578 762
1585117251665 0.12248529493808746 763
1585117285010 0.12622100114822388 764
1585117318409 0.12511274218559265 765
1585117351777 0.13165569305419922 766
1585117385672 0.12816336750984192 767
1585117418909 0.12889431416988373 768
1585117452380 0.1241598054766655 769
1585117485489 0.12313588708639145 770
1585117518966 0.12468524277210236 771
1585117552139 0.12413301318883896 772
1585117585568 0.1282443106174469 773
1585117619267 0.13543498516082764 774
1585117653055 0.12060929834842682 775
1585117687140 0.13225074112415314 776
1585117720553 0.1258743405342102 777
1585117753807 0.11920557171106339 778
1585117787146 0.13098746538162231 779
1585117820573 0.13285401463508606 780
1585117854092 0.12157715111970901 781
1585117887598 0.12818148732185364 782
1585117920778 0.11611978709697723 783
1585117955264 0.13237364590168 784
1585117988653 0.12828122079372406 785
1585118022658 0.11244561523199081 786
1585118056458 0.12008976936340332 787
1585118090765 0.13134601712226868 788
1585118124397 0.11934412270784378 789
1585118159356 0.11756081134080887 790
1585118192499 0.12547342479228973 791
1585118225874 0.13143804669380188 792
1585118259579 0.12544561922550201 793
1585118293021 0.11730900406837463 794
1585118326578 0.12540847063064575 795
1585118360028 0.12479060143232346 796
1585118393748 0.1253068894147873 797
1585118426846 0.12216301262378693 798
1585118460573 0.11567401885986328 799
1585118493870 0.1211140900850296 800
1585118527557 0.12403437495231628 801
1585118561450 0.13913720846176147 802
1585118594778 0.12780646979808807 803
1585118628194 0.12025385349988937 804
1585118661682 0.11771552264690399 805
1585118695360 0.12801635265350342 806
1585118728970 0.12691187858581543 807
1585118762803 0.11869707703590393 808
1585118796043 0.11931412667036057 809
1585118829746 0.11890608072280884 810
1585118863093 0.12049048393964767 811
1585118896800 0.12781460583209991 812
1585118930388 0.1200074553489685 813
1585118963756 0.11920777708292007 814
1585118998232 0.12883146107196808 815
1585119031532 0.12633472681045532 816
1585119064794 0.12170828878879547 817
1585119098496 0.12439115345478058 818
1585119131957 0.12110945582389832 819
1585119165196 0.12072153389453888 820
1585119199025 0.12028500437736511 821
1585119233422 0.11686137318611145 822
1585119267428 0.12364286184310913 823
1585119301788 0.12269610911607742 824
1585119335277 0.11963746696710587 825
1585119368471 0.11780055612325668 826
1585119401751 0.1260320097208023 827
1585119435337 0.12469413876533508 828
1585119469014 0.12504780292510986 829
1585119502239 0.11673439294099808 830
1585119535434 0.11980881541967392 831
1585119568759 0.1129605770111084 832
1585119601890 0.11532887071371078 833
1585119635864 0.1269466131925583 834
1585119669169 0.11673532426357269 835
1585119704056 0.11467520147562027 836
1585119738127 0.11639738082885742 837
1585119771960 0.12153618037700653 838
1585119806078 0.1211962178349495 839
1585119839323 0.11845028400421143 840
1585119872976 0.12523046135902405 841
1585119906524 0.12074001133441925 842
1585119940516 0.12006036937236786 843
1585119974025 0.12165579944849014 844
1585120007287 0.12905126810073853 845
1585120040657 0.11805182695388794 846
1585120073912 0.11596265435218811 847
1585120107321 0.11708921939134598 848
1585120141033 0.12812943756580353 849
1585120175236 0.11373549699783325 850
1585120208509 0.11873073130846024 851
1585120241993 0.12110704183578491 852
1585120275583 0.11317858099937439 853
1585120309188 0.12173553556203842 854
1585120342942 0.12089277803897858 855
1585120376220 0.11632920056581497 856
1585120409881 0.11509326100349426 857
1585120443069 0.12223751097917557 858
1585120476811 0.11634400486946106 859
1585120510507 0.11821359395980835 860
1585120543852 0.12401778250932693 861
1585120577404 0.10994607210159302 862
1585120611074 0.11281269043684006 863
1585120644523 0.1237454041838646 864
1585120678639 0.12967820465564728 865
1585120711945 0.12100479751825333 866
1585120745658 0.11954565346240997 867
1585120779361 0.12954308092594147 868
1585120812702 0.12488038837909698 869
1585120846661 0.12716452777385712 870
1585120879765 0.11471633613109589 871
1585120913272 0.12235055863857269 872
1585120946711 0.11590542644262314 873
1585120980878 0.1150430366396904 874
1585121014273 0.12410739809274673 875
1585121048520 0.11238592118024826 876
1585121081982 0.12226780503988266 877
1585121115285 0.11471684277057648 878
1585121148979 0.11301132291555405 879
1585121185130 0.12748397886753082 880
1585121218618 0.12327034771442413 881
1585121252246 0.11661795526742935 882
1585121285959 0.11057542264461517 883
1585121319837 0.1101873517036438 884
1585121353021 0.11500833928585052 885
1585121386455 0.11925908178091049 886
1585121420158 0.12261763215065002 887
1585121453594 0.11421257257461548 888
1585121487099 0.11574454605579376 889
1585121521682 0.12662310898303986 890
1585121554766 0.11646304279565811 891
1585121588164 0.122560515999794 892
1585121621302 0.10942032188177109 893
1585121654862 0.12439574301242828 894
1585121688472 0.11720901727676392 895
1585121721937 0.11800361424684525 896
1585121755329 0.1105189174413681 897
1585121790525 0.11916828155517578 898
1585121824013 0.11756529659032822 899
1585121857779 0.1107398048043251 900
1585121891812 0.11373230814933777 901
1585121925377 0.11179129779338837 902
1585121959559 0.11742451786994934 903
1585121993891 0.11562978476285934 904
1585122027873 0.110502690076828 905
1585122061224 0.11832936108112335 906
1585122094604 0.11151328682899475 907
1585122128172 0.13074257969856262 908
1585122161623 0.11300361156463623 909
1585122195520 0.11006545275449753 910
1585122228636 0.10896795243024826 911
1585122262214 0.11691714823246002 912
1585122295583 0.11850009858608246 913
1585122329093 0.136517733335495 914
1585122362578 0.10623867809772491 915
1585122395946 0.10774121433496475 916
1585122429261 0.11638793349266052 917
1585122462874 0.11530374735593796 918
1585122496111 0.11087410897016525 919
1585122529823 0.10986476391553879 920
1585122563527 0.10917402058839798 921
1585122597562 0.12394757568836212 922
1585122630787 0.11399412155151367 923
1585122664459 0.11454397439956665 924
1585122697816 0.10798712819814682 925
1585122731263 0.11731722205877304 926
1585122764585 0.11874084919691086 927
1585122797838 0.11602702736854553 928
1585122831139 0.12178324162960052 929
1585122864394 0.1191152036190033 930
1585122898094 0.11379828304052353 931
1585122931453 0.11900292336940765 932
1585122965390 0.12002480775117874 933
1585122999387 0.11371111869812012 934
1585123033101 0.11503399908542633 935
1585123066398 0.11592482030391693 936
1585123100696 0.11074451357126236 937
1585123134804 0.10694637894630432 938
1585123168110 0.11401878297328949 939
1585123201393 0.11969979107379913 940
1585123234941 0.106863833963871 941
1585123269044 0.11287620663642883 942
1585123302331 0.11202424764633179 943
1585123336363 0.10777044296264648 944
1585123369634 0.12601543962955475 945
1585123403231 0.10899598896503448 946
1585123436690 0.11262496560811996 947
1585123470871 0.11745655536651611 948
1585123504193 0.10771672427654266 949
1585123537413 0.12308429181575775 950
1585123571560 0.11053141951560974 951
1585123605328 0.11212070286273956 952
1585123639177 0.10193004459142685 953
1585123673421 0.110598623752594 954
1585123707294 0.1085541769862175 955
1585123741271 0.12473220378160477 956
1585123775723 0.11116830259561539 957
1585123809009 0.13243980705738068 958
1585123842650 0.10434256494045258 959
1585123876616 0.11378556489944458 960
1585123909997 0.10862213373184204 961
1585123943754 0.11169087886810303 962
1585123977257 0.10962136834859848 963
1585124011582 0.11424945294857025 964
1585124045813 0.120363250374794 965
1585124079424 0.11933832615613937 966
1585124112790 0.111891970038414 967
1585124146074 0.11265304684638977 968
1585124179392 0.11263857036828995 969
1585124212786 0.1254931092262268 970
1585124246581 0.11405522376298904 971
1585124280939 0.11151336878538132 972
1585124314440 0.10576529800891876 973
1585124348310 0.10915754735469818 974
1585124381561 0.11739371716976166 975
1585124414941 0.10987856984138489 976
1585124448113 0.11588416993618011 977
1585124481116 0.11161521822214127 978
1585124513635 0.10419642925262451 979
1585124546024 0.11159154772758484 980
1585124578264 0.11634297668933868 981
1585124610856 0.11981546878814697 982
1585124643134 0.10955651849508286 983
1585124675507 0.10424721240997314 984
1585124707999 0.10494208335876465 985
1585124740357 0.10952271521091461 986
1585124772865 0.10851269215345383 987
1585124807499 0.10975755006074905 988
1585124840040 0.11933489143848419 989
1585124872466 0.10589884221553802 990
1585124905113 0.1202978566288948 991
1585124937518 0.10894235968589783 992
1585124970018 0.10521593689918518 993
1585125002944 0.1043778583407402 994
1585125035966 0.11612603068351746 995
1585125068457 0.10755430161952972 996
1585125101195 0.11510787159204483 997
1585125134174 0.10922780632972717 998
1585125166960 0.10919424146413803 999
1585125199511 0.1058075875043869 1000
1585125232116 0.11074831336736679 1001
1585125264567 0.11294221132993698 1002
1585125297129 0.11248147487640381 1003
1585125329888 0.10471012443304062 1004
1585125362173 0.10832443833351135 1005
1585125394505 0.1090928390622139 1006
1585125427187 0.1191965863108635 1007
1585125459774 0.10790158063173294 1008
1585125492427 0.10850715637207031 1009
1585125525081 0.11082981526851654 1010
1585125557659 0.108576700091362 1011
1585125590058 0.10305275022983551 1012
1585125622891 0.1205088198184967 1013
1585125655938 0.10663354396820068 1014
1585125688417 0.11219564080238342 1015
1585125721140 0.11616247147321701 1016
1585125753670 0.11954456567764282 1017
1585125786356 0.09969007223844528 1018
1585125818878 0.10535086691379547 1019
1585125851140 0.11029187589883804 1020
1585125883666 0.11547605693340302 1021
1585125916545 0.10253395140171051 1022
1585125950267 0.10725484788417816 1023
1585125982700 0.110295869410038 1024
1585126014918 0.1153627410531044 1025
1585126047532 0.10249041765928268 1026
1585126080249 0.10712341219186783 1027
1585126112840 0.10793115198612213 1028
1585126145236 0.104853555560112 1029
1585126178209 0.10016416013240814 1030
1585126210935 0.11603977531194687 1031
1585126243479 0.10211378335952759 1032
1585126276163 0.12058757990598679 1033
1585126308712 0.1151203066110611 1034
1585126341340 0.100864477455616 1035
1585126373906 0.1068696454167366 1036
1585126406786 0.10577777773141861 1037
1585126440214 0.10761284828186035 1038
1585126472603 0.10417243838310242 1039
1585126505443 0.1208186075091362 1040
1585126538245 0.11011974513530731 1041
1585126570903 0.11450018733739853 1042
1585126603497 0.10793043673038483 1043
1585126636061 0.11258890479803085 1044
1585126669078 0.11490541696548462 1045
1585126701679 0.11732791364192963 1046
1585126734461 0.11694075912237167 1047
1585126767108 0.10394148528575897 1048
1585126800174 0.11457954347133636 1049
1585126832685 0.10386611521244049 1050
1585126866216 0.10630176961421967 1051
1585126898736 0.10981724411249161 1052
1585126931491 0.10347163677215576 1053
1585126964169 0.11137041449546814 1054
1585126997143 0.11426548659801483 1055
1585127029733 0.11631526052951813 1056
1585127062435 0.10507778078317642 1057
1585127095146 0.10342110693454742 1058
1585127127841 0.10852676630020142 1059
1585127160620 0.09866775572299957 1060
1585127194162 0.11077140271663666 1061
1585127226493 0.10098183155059814 1062
1585127258628 0.10665491223335266 1063
1585127291086 0.10826511681079865 1064
1585127323434 0.09961417317390442 1065
1585127356066 0.10463497042655945 1066
1585127388620 0.1055554524064064 1067
1585127421000 0.11456026136875153 1068
1585127453646 0.12269626557826996 1069
1585127486291 0.12264047563076019 1070
1585127518750 0.11212284862995148 1071
1585127551144 0.10497733950614929 1072
1585127584586 0.110720694065094 1073
1585127617175 0.10306153446435928 1074
1585127649512 0.12268947064876556 1075
1585127682134 0.09637396037578583 1076
1585127714746 0.1126277893781662 1077
1585127747286 0.10699257999658585 1078
1585127779710 0.10541705787181854 1079
1585127812052 0.09869669377803802 1080
1585127844506 0.10327278077602386 1081
1585127877281 0.106193907558918 1082
1585127910261 0.10467272996902466 1083
1585127943178 0.10468734800815582 1084
1585127975728 0.10009302943944931 1085
1585128008349 0.10811198502779007 1086
1585128040824 0.11148249357938766 1087
1585128073437 0.11401757597923279 1088
1585128105888 0.10490459948778152 1089
1585128138166 0.11015325784683228 1090
1585128171186 0.10612668842077255 1091
1585128203759 0.0959729477763176 1092
1585128239355 0.1001330018043518 1093
1585128271760 0.10277500748634338 1094
1585128304102 0.1092422679066658 1095
1585128336795 0.10532911866903305 1096
1585128369328 0.10784538835287094 1097
1585128401972 0.09619014710187912 1098
1585128434682 0.10729176551103592 1099
1585128467197 0.10641347616910934 1100
1585128499712 0.11008564382791519 1101
1585128532868 0.11601266264915466 1102
1585128565513 0.11225828528404236 1103
1585128598663 0.10518728196620941 1104
1585128631269 0.09779708832502365 1105
1585128663641 0.11956565827131271 1106
1585128695964 0.09641195833683014 1107
1585128728560 0.10237564146518707 1108
1585128761203 0.10823502391576767 1109
1585128794085 0.10806343704462051 1110
1585128826526 0.11404278874397278 1111
1585128858885 0.10636936128139496 1112
1585128891303 0.10200691223144531 1113
1585128924131 0.10316586494445801 1114
1585128956553 0.10455256700515747 1115
1585128990225 0.09984101355075836 1116
1585129023395 0.10708379745483398 1117
1585129056167 0.10527943074703217 1118
1585129088789 0.10790601372718811 1119
1585129121761 0.10224415361881256 1120
1585129154552 0.10254741460084915 1121
1585129187040 0.10151579976081848 1122
1585129219720 0.10300940275192261 1123
1585129252486 0.10150540620088577 1124
1585129284837 0.10372722148895264 1125
1585129317260 0.09622213244438171 1126
1585129349817 0.09769482165575027 1127
1585129382443 0.10915308445692062 1128
1585129414997 0.10232123732566833 1129
1585129447355 0.10447253286838531 1130
1585129480005 0.10680508613586426 1131
1585129512350 0.11029627919197083 1132
1585129544673 0.1052694320678711 1133
1585129577063 0.10513780266046524 1134
1585129609575 0.10825149714946747 1135
1585129642243 0.10030240565538406 1136
1585129674797 0.09985535591840744 1137
1585129707345 0.10437031835317612 1138
1585129740172 0.10635450482368469 1139
1585129773225 0.10386299341917038 1140
1585129805561 0.10281917452812195 1141
1585129838027 0.10149852186441422 1142
1585129870589 0.10313750803470612 1143
1585129903665 0.09901908040046692 1144
1585129936456 0.09457597881555557 1145
1585129969631 0.10665873438119888 1146
1585130001932 0.10431590676307678 1147
1585130034843 0.11035198718309402 1148
1585130067600 0.10597353428602219 1149
1585130100015 0.10704898089170456 1150
1585130132368 0.10012882947921753 1151
1585130164934 0.1020226776599884 1152
1585130197124 0.09854163974523544 1153
1585130229850 0.10385751724243164 1154
1585130263481 0.110211580991745 1155
1585130296056 0.10226978361606598 1156
1585130328381 0.10307726263999939 1157
1585130360548 0.09875081479549408 1158
1585130393224 0.09898695349693298 1159
1585130425892 0.10047849267721176 1160
1585130458790 0.09589751809835434 1161
1585130491576 0.1021842285990715 1162
1585130524143 0.09453903883695602 1163
1585130556581 0.1002550944685936 1164
1585130589012 0.10487005114555359 1165
1585130621500 0.09958770126104355 1166
1585130654017 0.10072898119688034 1167
1585130686864 0.10137831419706345 1168
1585130719551 0.09857355803251266 1169
1585130752762 0.09582456201314926 1170
1585130785243 0.09298958629369736 1171
1585130818986 0.11028885096311569 1172
1585130851749 0.09732377529144287 1173
1585130884587 0.09705124795436859 1174
1585130916940 0.11099645495414734 1175
1585130950106 0.10092747211456299 1176
1585130982535 0.11200316250324249 1177
1585131014929 0.10829079896211624 1178
1585131047387 0.10387858003377914 1179
1585131080094 0.10557500272989273 1180
1585131112761 0.10277022421360016 1181
1585131145438 0.09986785054206848 1182
1585131178074 0.10430528223514557 1183
1585131210452 0.09603231400251389 1184
1585131242978 0.09559396654367447 1185
1585131275775 0.10397089272737503 1186
1585131308123 0.09894021600484848 1187
1585131340868 0.10219354182481766 1188
1585131373386 0.10039763152599335 1189
1585131405887 0.10239513218402863 1190
1585131438425 0.09220023453235626 1191
1585131470759 0.10454104095697403 1192
1585131503343 0.10626924782991409 1193
1585131535921 0.0975637286901474 1194
1585131568564 0.10200972110033035 1195
1585131601329 0.09491894394159317 1196
1585131634111 0.11074157804250717 1197
1585131666619 0.09789588302373886 1198
1585131699062 0.10117697715759277 1199
1585131731632 0.10034222900867462 1200
1585131764468 0.09643972665071487 1201
1585131797203 0.09684337675571442 1202
1585131829495 0.09939242899417877 1203
1585131862582 0.09649066627025604 1204
1585131894638 0.09520751237869263 1205
1585131927112 0.10923444479703903 1206
1585131960519 0.09944294393062592 1207
1585131992718 0.09963945299386978 1208
1585132025264 0.10325448215007782 1209
1585132057875 0.09993939846754074 1210
1585132090273 0.10084202140569687 1211
1585132123052 0.10489148646593094 1212
1585132156305 0.09458224475383759 1213
1585132188814 0.10506387054920197 1214
1585132221294 0.10764620453119278 1215
1585132253807 0.10189847648143768 1216
1585132286079 0.10236933827400208 1217
1585132318930 0.10786992311477661 1218
1585132351523 0.09157676249742508 1219
1585132384083 0.09903476387262344 1220
1585132416700 0.0909448117017746 1221
1585132450947 0.10027465224266052 1222
1585132483547 0.10240550339221954 1223
1585132516192 0.0999852791428566 1224
1585132549425 0.09863155335187912 1225
1585132582140 0.10009035468101501 1226
1585132614538 0.09524465352296829 1227
1585132647285 0.10427706688642502 1228
1585132679942 0.09981334209442139 1229
1585132712574 0.09420687705278397 1230
1585132744891 0.09722503274679184 1231
1585132778365 0.09517450630664825 1232
1585132811051 0.10418550670146942 1233
1585132843772 0.0987529382109642 1234
1585132876602 0.10055448114871979 1235
1585132909204 0.0914212092757225 1236
1585132941867 0.09517262876033783 1237
1585132974436 0.09931457787752151 1238
1585133006957 0.09545698016881943 1239
1585133039446 0.10717489570379257 1240
1585133072172 0.10349418222904205 1241
1585133104928 0.0960281640291214 1242
1585133137404 0.09358616918325424 1243
1585133170129 0.09750823676586151 1244
1585133202802 0.09975234419107437 1245
1585133235464 0.09647807478904724 1246
1585133268289 0.10138683766126633 1247
1585133300859 0.12030376493930817 1248
1585133333634 0.09356788545846939 1249
1585133366160 0.09153929352760315 1250
1585133398820 0.09936799108982086 1251
1585133431627 0.11564365029335022 1252
1585133463906 0.09117134660482407 1253
1585133496221 0.09761020541191101 1254
1585133528442 0.10351108014583588 1255
1585133561359 0.09856953471899033 1256
1585133594404 0.10049609839916229 1257
1585133627067 0.09849268198013306 1258
1585133659654 0.10723938047885895 1259
1585133692024 0.0912928357720375 1260
1585133725004 0.10039860010147095 1261
1585133757703 0.09725110232830048 1262
1585133790275 0.09184010326862335 1263
1585133822874 0.10844942927360535 1264
1585133856189 0.0989161878824234 1265
1585133889835 0.09713464230298996 1266
1585133922611 0.10307607054710388 1267
1585133955443 0.09545081853866577 1268
1585133988160 0.10200537741184235 1269
1585134022052 0.09618127346038818 1270
1585134054675 0.09480062127113342 1271
1585134087228 0.09587286412715912 1272
1585134120323 0.10334652662277222 1273
1585134153169 0.11401292681694031 1274
1585134186803 0.1006610319018364 1275
1585134219304 0.09670548886060715 1276
1585134252615 0.09497294574975967 1277
1585134286441 0.10275357216596603 1278
1585134319054 0.09742318838834763 1279
1585134351576 0.10517724603414536 1280
1585134385303 0.0975157618522644 1281
1585134417816 0.09774233400821686 1282
1585134450176 0.09400944411754608 1283
1585134482908 0.09303386509418488 1284
1585134515535 0.09636439383029938 1285
1585134548070 0.0941128060221672 1286
1585134580487 0.10186421871185303 1287
1585134613198 0.10167872905731201 1288
1585134645540 0.09353107959032059 1289
1585134678153 0.09541036188602448 1290
1585134710719 0.10484153777360916 1291
1585134743404 0.09881743788719177 1292
1585134775958 0.09546714276075363 1293
1585134808652 0.09213847666978836 1294
1585134841677 0.09367422759532928 1295
1585134874250 0.09277738630771637 1296
1585134906633 0.09642510861158371 1297
1585134939512 0.09193073213100433 1298
1585134972483 0.10659817606210709 1299
1585135005075 0.09524200856685638 1300
1585135038604 0.09910234808921814 1301
1585135071221 0.09353551268577576 1302
1585135105089 0.09734061360359192 1303
1585135137806 0.09179440885782242 1304
1585135170310 0.09815669804811478 1305
1585135203186 0.09116161614656448 1306
1585135235901 0.11000387370586395 1307
1585135268484 0.09767025709152222 1308
1585135301136 0.100140780210495 1309
1585135333672 0.10470066964626312 1310
1585135366551 0.09546716511249542 1311
1585135399857 0.09311645478010178 1312
1585135432549 0.11061792820692062 1313
1585135465188 0.0964009016752243 1314
1585135497961 0.09960215538740158 1315
1585135530595 0.09169527143239975 1316
1585135563196 0.09338683634996414 1317
1585135595573 0.1049899160861969 1318
1585135628129 0.09708048403263092 1319
1585135661152 0.09647365659475327 1320
1585135694740 0.10300815105438232 1321
1585135727576 0.0906740128993988 1322
1585135760411 0.10093105584383011 1323
1585135793211 0.09660325944423676 1324
1585135827102 0.09644066542387009 1325
1585135859819 0.09301520884037018 1326
1585135892568 0.10035422444343567 1327
1585135925163 0.09151194244623184 1328
1585135957748 0.09661494195461273 1329
1585135990198 0.09934806078672409 1330
1585136022853 0.09313356131315231 1331
1585136055155 0.08891312777996063 1332
1585136088099 0.09332838654518127 1333
1585136120589 0.09952152520418167 1334
1585136153466 0.09574232250452042 1335
1585136186213 0.09971444308757782 1336
1585136218710 0.10307817906141281 1337
1585136251585 0.0943136066198349 1338
1585136284594 0.0908636599779129 1339
1585136317162 0.09004278481006622 1340
1585136350492 0.09664931148290634 1341
1585136382933 0.08956541121006012 1342
1585136415849 0.09064999222755432 1343
1585136449174 0.09325699508190155 1344
1585136481688 0.097932830452919 1345
1585136514780 0.09648562967777252 1346
1585136547746 0.09443525224924088 1347
1585136580418 0.10154847800731659 1348
1585136613028 0.09196794778108597 1349
1585136645699 0.10145804286003113 1350
1585136678341 0.10168661922216415 1351
1585136710916 0.09647290408611298 1352
1585136743510 0.09274160116910934 1353
1585136776549 0.10003949701786041 1354
1585136808989 0.09027891606092453 1355
1585136841678 0.09874611347913742 1356
1585136874305 0.08894052356481552 1357
1585136906914 0.10248070955276489 1358
1585136939514 0.09721019864082336 1359
1585136972737 0.09344597905874252 1360
1585137005165 0.09044799953699112 1361
1585137037920 0.09293998777866364 1362
1585137070607 0.10595111548900604 1363
1585137103352 0.08911063522100449 1364
1585137136306 0.0927186980843544 1365
1585137169031 0.09414524585008621 1366
1585137201593 0.08755223453044891 1367
1585137234015 0.09068775177001953 1368
1585137266588 0.08748641610145569 1369
1585137299084 0.10424769669771194 1370
1585137331583 0.09501326084136963 1371
1585137364365 0.08791416883468628 1372
1585137397204 0.09516789019107819 1373
1585137429857 0.0947047770023346 1374
1585137462569 0.09583760797977448 1375
1585137495092 0.10096770524978638 1376
1585137527664 0.0989757552742958 1377
1585137560462 0.09054998308420181 1378
1585137593546 0.11619807779788971 1379
1585137625965 0.09138039499521255 1380
1585137658713 0.08829957991838455 1381
1585137691510 0.09407979249954224 1382
1585137724499 0.09404419362545013 1383
1585137757253 0.09152131527662277 1384
1585137789694 0.08746271580457687 1385
1585137822010 0.0953039675951004 1386
1585137854852 0.08982079476118088 1387
1585137887980 0.08958185464143753 1388
1585137920628 0.09344106912612915 1389
1585137953427 0.0883484035730362 1390
1585137986020 0.09426724910736084 1391
1585138019003 0.09356684237718582 1392
1585138051810 0.08868758380413055 1393
1585138084364 0.08975055813789368 1394
1585138116677 0.0929889902472496 1395
1585138149737 0.08715751767158508 1396
1585138182434 0.09047499299049377 1397
1585138215200 0.09461024403572083 1398
1585138247851 0.09106369316577911 1399
1585138280449 0.09247013181447983 1400
1585138313163 0.0894608125090599 1401
1585138346169 0.09531761705875397 1402
1585138378803 0.09173016995191574 1403
1585138412661 0.08868853002786636 1404
1585138445327 0.09066389501094818 1405
1585138477807 0.08929422497749329 1406
1585138510529 0.09669991582632065 1407
1585138543043 0.09698756039142609 1408
1585138575888 0.09419582039117813 1409
1585138608560 0.0942022055387497 1410
1585138641154 0.0899931937456131 1411
1585138673592 0.0931212529540062 1412
1585138706434 0.09767237305641174 1413
1585138738761 0.09105011075735092 1414
1585138771790 0.09486877918243408 1415
1585138804221 0.09036502987146378 1416
1585138836752 0.08995313942432404 1417
1585138869401 0.0979335680603981 1418
1585138902437 0.08687913417816162 1419
1585138935341 0.08595791459083557 1420
1585138967758 0.09469107538461685 1421
1585139000355 0.09530434757471085 1422
1585139033055 0.08396918326616287 1423
1585139065585 0.09003899991512299 1424
1585139098236 0.08959051221609116 1425
1585139130840 0.08935391902923584 1426
1585139163791 0.08875373005867004 1427
1585139196483 0.09441402554512024 1428
1585139228960 0.0920560359954834 1429
1585139261720 0.09012255072593689 1430
1585139294792 0.09254489839076996 1431
1585139327463 0.093638114631176 1432
1585139360299 0.09328440576791763 1433
1585139392892 0.0870010107755661 1434
1585139426670 0.08926435559988022 1435
1585139459183 0.0918186604976654 1436
1585139491668 0.09682095050811768 1437
1585139524430 0.09269709140062332 1438
1585139557044 0.0880620926618576 1439
1585139589738 0.08459720015525818 1440
1585139622159 0.08872666954994202 1441
1585139654763 0.09229223430156708 1442
1585139687572 0.09385531395673752 1443
1585139720444 0.08757925033569336 1444
1585139753159 0.09417521208524704 1445
1585139785646 0.08750414848327637 1446
1585139818297 0.09337721765041351 1447
1585139851116 0.08898871392011642 1448
1585139883727 0.08639780431985855 1449
1585139916387 0.09121004492044449 1450
1585139948859 0.09373198449611664 1451
1585139981415 0.09873199462890625 1452
1585140014344 0.09599754959344864 1453
1585140047126 0.08897323906421661 1454
1585140079871 0.0940212532877922 1455
1585140112623 0.09802988916635513 1456
1585140146529 0.09504316002130508 1457
1585140179057 0.09532633423805237 1458
1585140211399 0.08867502957582474 1459
1585140243896 0.09732058644294739 1460
1585140276841 0.0885588750243187 1461
1585140309582 0.09691855311393738 1462
1585140342083 0.09171855449676514 1463
1585140375142 0.091109499335289 1464
1585140407585 0.08865936845541 1465
1585140440271 0.09194400906562805 1466
1585140472653 0.09353223443031311 1467
1585140505246 0.09004183113574982 1468
1585140537887 0.09635443985462189 1469
1585140570294 0.08364419639110565 1470
1585140603000 0.0923551470041275 1471
1585140635436 0.09059423208236694 1472
1585140669152 0.08259743452072144 1473
1585140701909 0.09671297669410706 1474
1585140734778 0.096652090549469 1475
1585140767508 0.09005695581436157 1476
1585140799981 0.09191727638244629 1477
1585140832969 0.08896736055612564 1478
1585140868800 0.08306800574064255 1479
1585140901281 0.09432351589202881 1480
1585140933878 0.08983761072158813 1481
1585140966685 0.09084424376487732 1482
1585140999291 0.0963044986128807 1483
1585141031775 0.0875939130783081 1484
1585141064397 0.08883632719516754 1485
1585141097513 0.08897856622934341 1486
1585141132178 0.08514486253261566 1487
1585141165047 0.09044138342142105 1488
1585141197777 0.0878857970237732 1489
1585141230718 0.08334994316101074 1490
1585141263308 0.09160679578781128 1491
1585141295859 0.08475034683942795 1492
1585141328581 0.08951608836650848 1493
1585141361106 0.08941489458084106 1494
1585141393744 0.09539185464382172 1495
1585141426394 0.08818268030881882 1496
1585141458861 0.09805694967508316 1497
1585141491366 0.088642418384552 1498
1585141523960 0.10314656049013138 1499
1585141556468 0.08581985533237457 1500
