1585091776174 0.8410864472389221 0
1585091809589 0.7483344078063965 1
1585091842773 0.6977862119674683 2
1585091876264 0.6698297262191772 3
1585091909266 0.6602188348770142 4
1585091942396 0.6494817733764648 5
1585091975624 0.6321892738342285 6
1585092008874 0.6042163968086243 7
1585092041971 0.5884312391281128 8
1585092074779 0.5623246431350708 9
1585092107786 0.5387529134750366 10
1585092140986 0.5187326669692993 11
1585092174492 0.4994678199291229 12
1585092207781 0.48268747329711914 13
1585092241147 0.46837735176086426 14
1585092274498 0.4578600525856018 15
1585092308283 0.44910675287246704 16
1585092341449 0.4388679265975952 17
1585092374707 0.4288784861564636 18
1585092408120 0.4161824584007263 19
1585092441498 0.4067646265029907 20
1585092474865 0.3971879184246063 21
1585092508073 0.39069533348083496 22
1585092541082 0.3792186379432678 23
1585092574361 0.3722110390663147 24
1585092607396 0.3644941449165344 25
1585092641597 0.3593063950538635 26
1585092675019 0.35456550121307373 27
1585092708268 0.3508132994174957 28
1585092741647 0.34696733951568604 29
1585092774659 0.3447633981704712 30
1585092807727 0.34036242961883545 31
1585092841070 0.3392491638660431 32
1585092874209 0.3314146399497986 33
1585092907247 0.32800111174583435 34
1585092940511 0.32715803384780884 35
1585092974256 0.32512664794921875 36
1585093007195 0.31829124689102173 37
1585093040597 0.3147316575050354 38
1585093073937 0.3127450942993164 39
1585093106919 0.31409701704978943 40
1585093140017 0.3076642155647278 41
1585093173549 0.30886223912239075 42
1585093207714 0.3090815842151642 43
1585093240910 0.30091392993927 44
1585093274526 0.3060399293899536 45
1585093309633 0.30175215005874634 46
1585093343718 0.30127936601638794 47
1585093377034 0.2939467132091522 48
1585093409977 0.2970406711101532 49
1585093443643 0.29643386602401733 50
1585093477694 0.2880420982837677 51
1585093510918 0.2913374602794647 52
1585093544128 0.2873893976211548 53
1585093577321 0.2876419425010681 54
1585093611171 0.2880994975566864 55
1585093644613 0.28658947348594666 56
1585093677552 0.283083975315094 57
1585093710822 0.28794050216674805 58
1585093744058 0.28330254554748535 59
1585093777915 0.28197813034057617 60
1585093811214 0.2793263792991638 61
1585093844540 0.2787446975708008 62
1585093878021 0.2826860845088959 63
1585093911136 0.2756420969963074 64
1585093944308 0.2728397846221924 65
1585093977465 0.27940359711647034 66
1585094010448 0.2742132842540741 67
1585094043566 0.2721046805381775 68
1585094077442 0.2698647975921631 69
1585094110651 0.2711983323097229 70
1585094144094 0.2662377953529358 71
1585094177356 0.2746317982673645 72
1585094210571 0.2674159109592438 73
1585094244078 0.2658312916755676 74
1585094277292 0.2622423768043518 75
1585094311404 0.26545870304107666 76
1585094344455 0.2661058306694031 77
1585094377853 0.26339638233184814 78
1585094411285 0.26233166456222534 79
1585094444998 0.2589564323425293 80
1585094478331 0.26470354199409485 81
1585094511159 0.2594054341316223 82
1585094544162 0.2692124843597412 83
1585094577225 0.2624722123146057 84
1585094610400 0.25846487283706665 85
1585094643783 0.24981752038002014 86
1585094677575 0.25445613265037537 87
1585094710651 0.2515326142311096 88
1585094744046 0.25207388401031494 89
1585094777292 0.25006628036499023 90
1585094810627 0.2552862763404846 91
1585094843702 0.2514592707157135 92
1585094876814 0.24510501325130463 93
1585094910046 0.25156837701797485 94
1585094943142 0.2431967556476593 95
1585094976107 0.2514307498931885 96
1585095009224 0.2425576001405716 97
1585095042077 0.24753573536872864 98
1585095075123 0.24876466393470764 99
1585095108231 0.24391451478004456 100
1585095141345 0.24374991655349731 101
1585095175022 0.24202412366867065 102
1585095208397 0.24818402528762817 103
1585095241476 0.24024230241775513 104
1585095274935 0.24334706366062164 105
1585095308101 0.23857226967811584 106
1585095341333 0.24269089102745056 107
1585095374562 0.24001991748809814 108
1585095407604 0.23780369758605957 109
1585095440789 0.2432885468006134 110
1585095475078 0.2343033254146576 111
1585095508120 0.23530690371990204 112
1585095541156 0.24131470918655396 113
1585095574006 0.2291344702243805 114
1585095607329 0.23500698804855347 115
1585095640442 0.23377376794815063 116
1585095674181 0.23219835758209229 117
1585095707349 0.2385891228914261 118
1585095740394 0.23113062977790833 119
1585095773696 0.22802095115184784 120
1585095806996 0.23392347991466522 121
1585095840676 0.23373302817344666 122
1585095874020 0.23004522919654846 123
1585095907340 0.2258550226688385 124
1585095940750 0.23499353229999542 125
1585095974118 0.22555027902126312 126
1585096007216 0.22604893147945404 127
1585096040594 0.22875061631202698 128
1585096074062 0.22569946944713593 129
1585096107152 0.22898869216442108 130
1585096140272 0.2252705991268158 131
1585096173589 0.2257566601037979 132
1585096206529 0.23684367537498474 133
1585096239712 0.23199406266212463 134
1585096272975 0.22470346093177795 135
1585096306151 0.222010537981987 136
1585096339338 0.221358060836792 137
1585096372637 0.22770148515701294 138
1585096406066 0.22687841951847076 139
1585096439044 0.22099396586418152 140
1585096472194 0.22715365886688232 141
1585096505876 0.21996988356113434 142
1585096538891 0.22063758969306946 143
1585096571946 0.21689759194850922 144
1585096605042 0.2180090844631195 145
1585096638407 0.21690505743026733 146
1585096671525 0.2235938310623169 147
1585096704590 0.2141612470149994 148
1585096737437 0.22373107075691223 149
1585096770555 0.21630260348320007 150
1585096804207 0.21223777532577515 151
1585096837086 0.21143794059753418 152
1585096870226 0.21615538001060486 153
1585096903456 0.2138129472732544 154
1585096936792 0.21694931387901306 155
1585096969841 0.2145521640777588 156
1585097003261 0.2107672095298767 157
1585097036279 0.2098306119441986 158
1585097070274 0.21119055151939392 159
1585097103538 0.2086050808429718 160
1585097136899 0.21091242134571075 161
1585097170669 0.21377435326576233 162
1585097203780 0.2125159204006195 163
1585097236979 0.20937159657478333 164
1585097270501 0.2062365710735321 165
1585097303623 0.2097129225730896 166
1585097337170 0.207423597574234 167
1585097371227 0.21260885894298553 168
1585097404765 0.21725758910179138 169
1585097437926 0.20986133813858032 170
1585097471728 0.20680639147758484 171
1585097504706 0.20827782154083252 172
1585097537857 0.21455883979797363 173
1585097571381 0.2062932848930359 174
1585097604517 0.20231404900550842 175
1585097637734 0.20618262887001038 176
1585097670642 0.21050560474395752 177
1585097703999 0.20546309649944305 178
1585097737192 0.2038145363330841 179
1585097771079 0.20411449670791626 180
1585097804173 0.2018025815486908 181
1585097837373 0.19930897653102875 182
1585097870324 0.20890723168849945 183
1585097903550 0.2022322118282318 184
1585097936888 0.20685148239135742 185
1585097970660 0.2019592970609665 186
1585098003811 0.20191887021064758 187
1585098037086 0.19824230670928955 188
1585098069994 0.1989922821521759 189
1585098103016 0.20859500765800476 190
1585098136349 0.2005193531513214 191
1585098169314 0.20728033781051636 192
1585098202474 0.1968887448310852 193
1585098235993 0.19906890392303467 194
1585098269018 0.1986808329820633 195
1585098302298 0.19833862781524658 196
1585098336705 0.20369553565979004 197
1585098369921 0.19759908318519592 198
1585098403236 0.1960294544696808 199
1585098436404 0.19707030057907104 200
1585098469607 0.19656535983085632 201
1585098502922 0.2061017006635666 202
1585098536308 0.19047708809375763 203
1585098569437 0.18733710050582886 204
1585098602454 0.19366097450256348 205
1585098635833 0.19359812140464783 206
1585098669176 0.19723299145698547 207
1585098702375 0.19528503715991974 208
1585098735565 0.19037073850631714 209
1585098768719 0.19607488811016083 210
1585098802115 0.18991334736347198 211
1585098835475 0.19149555265903473 212
1585098869067 0.1979379951953888 213
1585098902179 0.19851525127887726 214
1585098935306 0.18960855901241302 215
1585098968494 0.18912650644779205 216
1585099001340 0.18926797807216644 217
1585099034537 0.1929265856742859 218
1585099067548 0.18452858924865723 219
1585099100654 0.19587478041648865 220
1585099133629 0.1885506808757782 221
1585099166669 0.18781396746635437 222
1585099199735 0.19531427323818207 223
1585099233207 0.18847087025642395 224
1585099266054 0.192376509308815 225
1585099299158 0.18675105273723602 226
1585099332229 0.19207020103931427 227
1585099365344 0.19238010048866272 228
1585099398623 0.19050848484039307 229
1585099431749 0.1910668909549713 230
1585099464949 0.1836470067501068 231
1585099498005 0.1913830041885376 232
1585099531114 0.18586958944797516 233
1585099565577 0.1881897747516632 234
1585099599106 0.1845497488975525 235
1585099632115 0.1898978054523468 236
1585099665151 0.18744225800037384 237
1585099698717 0.18436439335346222 238
1585099731624 0.18545743823051453 239
1585099764859 0.18739266693592072 240
1585099798153 0.18689876794815063 241
1585099831186 0.18555378913879395 242
1585099866100 0.181277334690094 243
1585099899754 0.18071149289608002 244
1585099933234 0.1855597198009491 245
1585099966389 0.18046817183494568 246
1585099999271 0.1797017902135849 247
1585100032165 0.17736683785915375 248
1585100066069 0.1835452914237976 249
1585100098965 0.1809753179550171 250
1585100132177 0.17962802946567535 251
1585100165452 0.18401460349559784 252
1585100198827 0.18598303198814392 253
1585100231747 0.17950230836868286 254
1585100264871 0.17861467599868774 255
1585100298091 0.1791020631790161 256
1585100331031 0.18451660871505737 257
1585100364445 0.1930989921092987 258
1585100397645 0.18071335554122925 259
1585100430527 0.18443147838115692 260
1585100463789 0.1808970868587494 261
1585100497343 0.1796189844608307 262
1585100531122 0.17333699762821198 263
1585100564550 0.17790178954601288 264
1585100597929 0.17909720540046692 265
1585100631041 0.17512080073356628 266
1585100664206 0.17663848400115967 267
1585100697515 0.18123707175254822 268
1585100730516 0.1783371865749359 269
1585100763825 0.17433667182922363 270
1585100797029 0.18137919902801514 271
1585100830323 0.1802271008491516 272
1585100863806 0.17399054765701294 273
1585100897552 0.18514609336853027 274
1585100930638 0.1744489073753357 275
1585100963756 0.17856919765472412 276
1585100996912 0.17662972211837769 277
1585101029893 0.18747667968273163 278
1585101062962 0.1767253875732422 279
1585101095891 0.17591094970703125 280
1585101128934 0.17323143780231476 281
1585101162269 0.1753470003604889 282
1585101195627 0.17389731109142303 283
1585101228699 0.17091897130012512 284
1585101262345 0.17435912787914276 285
1585101295969 0.1712937206029892 286
1585101328912 0.17265018820762634 287
1585101362406 0.17689149081707 288
1585101395513 0.1703554093837738 289
1585101429037 0.16793715953826904 290
1585101462414 0.1791682243347168 291
1585101495978 0.17363733053207397 292
1585101529395 0.1744670271873474 293
1585101562397 0.17267967760562897 294
1585101595526 0.16914838552474976 295
1585101628420 0.1704871654510498 296
1585101661677 0.16896019876003265 297
1585101694670 0.17172406613826752 298
1585101727791 0.1770412027835846 299
1585101760943 0.17194509506225586 300
1585101794159 0.16547022759914398 301
1585101827327 0.16790539026260376 302
1585101860801 0.1689065396785736 303
1585101894077 0.1733984500169754 304
1585101927272 0.16798368096351624 305
1585101960535 0.16581889986991882 306
1585101993609 0.166006937623024 307
1585102027130 0.1675781011581421 308
1585102060684 0.1726304292678833 309
1585102094030 0.16932722926139832 310
1585102127477 0.16266688704490662 311
1585102160998 0.17218731343746185 312
1585102194596 0.16619116067886353 313
1585102227717 0.16114896535873413 314
1585102261144 0.1641463339328766 315
1585102294216 0.16352280974388123 316
1585102327825 0.16390740871429443 317
1585102361193 0.1691921353340149 318
1585102394770 0.1721687614917755 319
1585102428059 0.16459110379219055 320
1585102461121 0.16669225692749023 321
1585102494337 0.16687268018722534 322
1585102527298 0.16233402490615845 323
1585102560303 0.16490842401981354 324
1585102593566 0.1645819991827011 325
1585102626787 0.16588780283927917 326
1585102659890 0.16317592561244965 327
1585102692797 0.1631062626838684 328
1585102725882 0.17114371061325073 329
1585102759161 0.16195467114448547 330
1585102792570 0.16870719194412231 331
1585102825965 0.16459813714027405 332
1585102859062 0.15972371399402618 333
1585102892237 0.1622142195701599 334
1585102925585 0.1574060171842575 335
1585102958961 0.169045552611351 336
1585102992107 0.1710338145494461 337
1585103024921 0.16870015859603882 338
1585103058799 0.16025593876838684 339
1585103092042 0.1641402244567871 340
1585103125185 0.16649606823921204 341
1585103158661 0.16093267500400543 342
1585103191808 0.1636677384376526 343
1585103225561 0.1658540666103363 344
1585103258854 0.1636432409286499 345
1585103292420 0.17211154103279114 346
1585103325918 0.16480222344398499 347
1585103359118 0.1605449765920639 348
1585103392517 0.16021886467933655 349
1585103425720 0.15524744987487793 350
1585103459134 0.1516302227973938 351
1585103492641 0.1652607023715973 352
1585103525739 0.16173604130744934 353
1585103559076 0.16103339195251465 354
1585103592122 0.15491005778312683 355
1585103625422 0.16185513138771057 356
1585103658905 0.15643174946308136 357
1585103692338 0.15624496340751648 358
1585103725615 0.15387234091758728 359
1585103758728 0.15187829732894897 360
1585103791765 0.16130560636520386 361
1585103825235 0.14916782081127167 362
1585103858500 0.15839514136314392 363
1585103891956 0.1500992774963379 364
1585103925238 0.1561616063117981 365
1585103958151 0.16108781099319458 366
1585103991208 0.1532718390226364 367
1585104024740 0.1546604037284851 368
1585104057518 0.15779654681682587 369
1585104090541 0.157615065574646 370
1585104123481 0.14845535159111023 371
1585104160857 0.16444256901741028 372
1585104194160 0.1482912302017212 373
1585104227575 0.1541648507118225 374
1585104261324 0.15071970224380493 375
1585104295053 0.15837302803993225 376
1585104328397 0.15788745880126953 377
1585104361999 0.15881729125976562 378
1585104395382 0.15689486265182495 379
1585104429711 0.15364733338356018 380
1585104462593 0.16006097197532654 381
1585104497148 0.14900948107242584 382
1585104530431 0.1512776017189026 383
1585104563391 0.14893287420272827 384
1585104596557 0.157257542014122 385
1585104629440 0.15119042992591858 386
1585104662817 0.15137052536010742 387
1585104696852 0.14793610572814941 388
1585104730022 0.15423300862312317 389
1585104763391 0.1495087742805481 390
1585104796459 0.15659138560295105 391
1585104829850 0.15607911348342896 392
1585104863164 0.148139089345932 393
1585104896122 0.15329992771148682 394
1585104929499 0.14433784782886505 395
1585104963094 0.14610344171524048 396
1585104996794 0.1517328917980194 397
1585105029886 0.16064754128456116 398
1585105063132 0.15293660759925842 399
1585105096020 0.1533028483390808 400
1585105129108 0.15193504095077515 401
1585105162118 0.15235859155654907 402
1585105195111 0.15102604031562805 403
1585105228184 0.14538604021072388 404
1585105261194 0.1510491967201233 405
1585105294387 0.14897778630256653 406
1585105327621 0.1526813507080078 407
1585105360738 0.1642225980758667 408
1585105393797 0.14873048663139343 409
1585105427579 0.144908607006073 410
1585105462251 0.14760515093803406 411
1585105496490 0.14815613627433777 412
1585105529877 0.1562923789024353 413
1585105562918 0.14170154929161072 414
1585105596195 0.1546715497970581 415
1585105629169 0.15076647698879242 416
1585105662304 0.15358704328536987 417
1585105695727 0.14983341097831726 418
1585105729001 0.15016114711761475 419
1585105762204 0.1553872525691986 420
1585105795407 0.14680439233779907 421
1585105830292 0.14593273401260376 422
1585105863419 0.1390943080186844 423
1585105896720 0.14553695917129517 424
1585105929869 0.14706352353096008 425
1585105963106 0.14444614946842194 426
1585105996423 0.15455304086208344 427
1585106029543 0.14389462769031525 428
1585106062426 0.14728422462940216 429
1585106095549 0.14275069534778595 430
1585106128790 0.1474095582962036 431
1585106161959 0.15436303615570068 432
1585106194880 0.14804191887378693 433
1585106228125 0.14943067729473114 434
1585106261211 0.1416393220424652 435
1585106294911 0.14454302191734314 436
1585106329013 0.14778712391853333 437
1585106362175 0.14305205643177032 438
1585106395421 0.14182770252227783 439
1585106429151 0.14071378111839294 440
1585106462438 0.15039020776748657 441
1585106495523 0.14400941133499146 442
1585106528807 0.14489363133907318 443
1585106562151 0.14594656229019165 444
1585106595729 0.14161305129528046 445
1585106629253 0.14909186959266663 446
1585106662493 0.15040111541748047 447
1585106696107 0.14811675250530243 448
1585106729160 0.14603285491466522 449
1585106762682 0.15271756052970886 450
1585106795808 0.14203399419784546 451
1585106828827 0.14189381897449493 452
1585106863264 0.13758648931980133 453
1585106896812 0.1476021409034729 454
1585106930134 0.1361500769853592 455
1585106963666 0.13734903931617737 456
1585106997692 0.14193932712078094 457
1585107031256 0.13710103929042816 458
1585107064436 0.14648592472076416 459
1585107097884 0.1542986035346985 460
1585107130811 0.13505521416664124 461
1585107163718 0.14283493161201477 462
1585107196901 0.14266431331634521 463
1585107230287 0.13508066534996033 464
1585107263291 0.1441851258277893 465
1585107296517 0.14633403718471527 466
1585107330653 0.13714511692523956 467
1585107363768 0.13946543633937836 468
1585107396965 0.14996102452278137 469
1585107430225 0.14222070574760437 470
1585107463282 0.13733753561973572 471
1585107496529 0.1354493796825409 472
1585107530197 0.14389094710350037 473
1585107563529 0.14319759607315063 474
1585107596679 0.1418907642364502 475
1585107630155 0.13673852384090424 476
1585107663461 0.13678811490535736 477
1585107697097 0.13844271004199982 478
1585107731029 0.1400037258863449 479
1585107764467 0.13995429873466492 480
1585107798680 0.14293718338012695 481
1585107833010 0.14827565848827362 482
1585107866260 0.1495017409324646 483
1585107899984 0.1453033685684204 484
1585107933490 0.14203333854675293 485
1585107966568 0.13723620772361755 486
1585107999776 0.1419287621974945 487
1585108032989 0.13685105741024017 488
1585108066303 0.13755425810813904 489
1585108099294 0.13956791162490845 490
1585108132211 0.13663241267204285 491
1585108165898 0.13619695603847504 492
1585108199084 0.1410060077905655 493
1585108232151 0.1337108463048935 494
1585108265218 0.1441745162010193 495
1585108298461 0.13291841745376587 496
1585108331974 0.13402210175991058 497
1585108364933 0.13618090748786926 498
1585108398126 0.14453616738319397 499
1585108432652 0.13460245728492737 500
1585108465587 0.13679388165473938 501
1585108498581 0.14088821411132812 502
1585108532970 0.14231425523757935 503
1585108566009 0.13324691355228424 504
1585108599313 0.13510000705718994 505
1585108633112 0.1343352496623993 506
1585108666132 0.13463443517684937 507
1585108699517 0.1373845487833023 508
1585108732383 0.1346193253993988 509
1585108765674 0.1348855346441269 510
1585108799367 0.1325896978378296 511
1585108833116 0.13616202771663666 512
1585108866258 0.13567645847797394 513
1585108899429 0.13060739636421204 514
1585108932386 0.1430109590291977 515
1585108965514 0.13707338273525238 516
1585108998809 0.13652707636356354 517
1585109032619 0.13266430795192719 518
1585109065791 0.1309153139591217 519
1585109099203 0.14535166323184967 520
1585109132504 0.13264620304107666 521
1585109165828 0.14401373267173767 522
1585109198882 0.1330595463514328 523
1585109232355 0.13706935942173004 524
1585109265503 0.13254095613956451 525
1585109298469 0.13114789128303528 526
1585109333189 0.13142818212509155 527
1585109366452 0.13174112141132355 528
1585109399365 0.13124732673168182 529
1585109432887 0.13013403117656708 530
1585109466018 0.13328924775123596 531
1585109499363 0.1372200846672058 532
1585109532519 0.13284336030483246 533
1585109565958 0.1420128345489502 534
1585109600124 0.12927936017513275 535
1585109633334 0.12926827371120453 536
1585109666752 0.14546659588813782 537
1585109700261 0.13437113165855408 538
1585109733537 0.1351344883441925 539
1585109766586 0.12617366015911102 540
1585109800247 0.14137038588523865 541
1585109833349 0.13432158529758453 542
1585109866424 0.13235701620578766 543
1585109899722 0.14209190011024475 544
1585109933015 0.13148832321166992 545
1585109966196 0.1327434480190277 546
1585109999269 0.13276290893554688 547
1585110032508 0.13210391998291016 548
1585110066495 0.1378352791070938 549
1585110099938 0.12972742319107056 550
1585110133279 0.12925633788108826 551
1585110166332 0.12549211084842682 552
1585110200414 0.13229887187480927 553
1585110233467 0.13032591342926025 554
1585110266584 0.13091939687728882 555
1585110299518 0.13130709528923035 556
1585110332581 0.12726934254169464 557
1585110365977 0.13135051727294922 558
1585110399085 0.1273527443408966 559
1585110432390 0.1341964155435562 560
1585110465352 0.1313561052083969 561
1585110498761 0.13068291544914246 562
1585110532215 0.12744373083114624 563
1585110565284 0.1272696852684021 564
1585110598500 0.13163608312606812 565
1585110632037 0.12403176724910736 566
1585110664912 0.13796046376228333 567
1585110697813 0.13758794963359833 568
1585110730900 0.1383802443742752 569
1585110764007 0.13419291377067566 570
1585110797405 0.12885330617427826 571
1585110831367 0.13502642512321472 572
1585110865143 0.13125163316726685 573
1585110898115 0.12585900723934174 574
1585110931410 0.13031668961048126 575
1585110964168 0.12883985042572021 576
1585110997387 0.12395048141479492 577
1585111030537 0.12237876653671265 578
1585111063422 0.12797251343727112 579
1585111096714 0.13464340567588806 580
1585111130188 0.12829789519309998 581
1585111163286 0.1338263303041458 582
1585111196476 0.13088110089302063 583
1585111229697 0.13154682517051697 584
1585111263006 0.12560266256332397 585
1585111295964 0.1341019868850708 586
1585111329032 0.12679454684257507 587
1585111362827 0.12561839818954468 588
1585111395900 0.12414976954460144 589
1585111428744 0.12633977830410004 590
1585111462205 0.12496908009052277 591
1585111495058 0.1306149661540985 592
1585111528833 0.1257348209619522 593
1585111562609 0.12950076162815094 594
1585111595873 0.1271783709526062 595
1585111629508 0.13329975306987762 596
1585111662647 0.13160791993141174 597
1585111695880 0.12984104454517365 598
1585111729640 0.12790144979953766 599
1585111762799 0.12559780478477478 600
1585111796457 0.12841670215129852 601
1585111829975 0.1224975734949112 602
1585111863089 0.12738379836082458 603
1585111896781 0.12929752469062805 604
1585111930100 0.12238103896379471 605
1585111963349 0.12610949575901031 606
1585111996539 0.1223473995923996 607
1585112029884 0.12717604637145996 608
1585112064523 0.12970277667045593 609
1585112097974 0.12694478034973145 610
1585112131205 0.12517903745174408 611
1585112164494 0.11915609985589981 612
1585112198029 0.12885791063308716 613
1585112232094 0.12711447477340698 614
1585112265447 0.1187855452299118 615
1585112298955 0.12292951345443726 616
1585112332290 0.12659615278244019 617
1585112365777 0.1219397634267807 618
1585112399296 0.12924890220165253 619
1585112432775 0.12423982471227646 620
1585112466336 0.12121212482452393 621
1585112500865 0.12122680246829987 622
1585112535207 0.13201594352722168 623
1585112568752 0.11882570385932922 624
1585112604117 0.11956070363521576 625
1585112637938 0.1245235800743103 626
1585112671747 0.13189111649990082 627
1585112705873 0.13226650655269623 628
1585112739891 0.1260385513305664 629
1585112774306 0.12487705051898956 630
1585112807531 0.12382006645202637 631
1585112840919 0.12398509681224823 632
1585112874631 0.1218789666891098 633
1585112908814 0.11983322352170944 634
1585112942131 0.12062428891658783 635
1585112975445 0.12576082348823547 636
1585113008849 0.12194404006004333 637
1585113042478 0.12154261767864227 638
1585113075848 0.1233874261379242 639
1585113109289 0.12125420570373535 640
1585113142514 0.12508058547973633 641
1585113175896 0.12169414758682251 642
1585113209389 0.11764340102672577 643
1585113243741 0.13233381509780884 644
1585113278157 0.12399941682815552 645
1585113311381 0.12475097924470901 646
1585113344877 0.1255623996257782 647
1585113378283 0.11875450611114502 648
1585113412139 0.11552764475345612 649
1585113445370 0.11944086849689484 650
1585113478805 0.11967943608760834 651
1585113511883 0.11713069677352905 652
1585113545200 0.11995893716812134 653
1585113579193 0.12066687643527985 654
1585113613047 0.12502560019493103 655
1585113647035 0.11693271994590759 656
1585113681407 0.11859116703271866 657
1585113715111 0.11769503355026245 658
1585113748494 0.12051737308502197 659
1585113782351 0.13213655352592468 660
1585113816082 0.12362807989120483 661
1585113849660 0.11961926519870758 662
1585113883426 0.12395602464675903 663
1585113916900 0.122993603348732 664
1585113951610 0.12033985555171967 665
1585113985673 0.12235772609710693 666
1585114021416 0.12129492312669754 667
1585114055712 0.12173444032669067 668
1585114090224 0.12256157398223877 669
1585114123545 0.11702030897140503 670
1585114157073 0.11574847251176834 671
1585114190822 0.12046295404434204 672
1585114224371 0.12018255889415741 673
1585114258035 0.11978109925985336 674
1585114291255 0.1218481957912445 675
1585114324952 0.11623753607273102 676
1585114358455 0.12044501304626465 677
1585114391669 0.11592495441436768 678
1585114424816 0.1139584630727768 679
1585114459145 0.12502264976501465 680
1585114492651 0.12604539096355438 681
1585114526065 0.11729110777378082 682
1585114559475 0.11563283205032349 683
1585114593314 0.11341144889593124 684
1585114626583 0.12091055512428284 685
1585114660663 0.11701537668704987 686
1585114694222 0.11891666054725647 687
1585114727789 0.11620886623859406 688
1585114762334 0.11566412448883057 689
1585114796536 0.11631084978580475 690
1585114830339 0.12101121246814728 691
1585114863904 0.11510404199361801 692
1585114897166 0.12008657306432724 693
1585114930379 0.12530404329299927 694
1585114964106 0.1158347874879837 695
1585114997782 0.11670421063899994 696
1585115030998 0.11757208406925201 697
1585115064698 0.11491483449935913 698
1585115098068 0.11850319057703018 699
1585115132441 0.11509303003549576 700
1585115165957 0.11780324578285217 701
1585115200206 0.11428035795688629 702
1585115233610 0.12083479762077332 703
1585115269512 0.11813290417194366 704
1585115303353 0.1150120347738266 705
1585115337581 0.13118606805801392 706
1585115371123 0.12896806001663208 707
1585115404427 0.11013822257518768 708
1585115438780 0.11456663906574249 709
1585115472351 0.12304959446191788 710
1585115506091 0.1306883692741394 711
1585115539605 0.1167924553155899 712
1585115573286 0.13123872876167297 713
1585115606986 0.11295805871486664 714
1585115640470 0.11371070146560669 715
1585115673749 0.12059789896011353 716
1585115707183 0.11364196240901947 717
1585115740244 0.11365725845098495 718
1585115773309 0.12618625164031982 719
1585115806772 0.11125330626964569 720
1585115840197 0.11354340612888336 721
1585115873756 0.11371749639511108 722
1585115907790 0.11433514207601547 723
1585115941256 0.11156733334064484 724
1585115975498 0.12610439956188202 725
1585116009727 0.11447418481111526 726
1585116043296 0.11536721885204315 727
1585116076573 0.11800208687782288 728
1585116110280 0.11170005798339844 729
1585116143799 0.1121211051940918 730
1585116177356 0.11581481993198395 731
1585116210986 0.1151093989610672 732
1585116244415 0.11685517430305481 733
1585116279196 0.11073584854602814 734
1585116312756 0.10801777243614197 735
1585116347548 0.11336790025234222 736
1585116380919 0.1092325747013092 737
1585116414404 0.11261531710624695 738
1585116448523 0.11520876735448837 739
1585116483167 0.1106434240937233 740
1585116517047 0.11239036917686462 741
1585116550680 0.10949123650789261 742
1585116584321 0.10866616666316986 743
1585116617521 0.11081141978502274 744
1585116651883 0.10585901141166687 745
1585116685255 0.11065872013568878 746
1585116719757 0.11532773077487946 747
1585116753343 0.11135031282901764 748
1585116786861 0.11192350089550018 749
1585116821662 0.11312966048717499 750
1585116855389 0.11571376025676727 751
1585116888938 0.11174054443836212 752
1585116922560 0.1181640475988388 753
1585116955816 0.11489099264144897 754
1585116988888 0.11339278519153595 755
1585117022240 0.11559045314788818 756
1585117056165 0.11451492458581924 757
1585117089635 0.1125384122133255 758
1585117123458 0.11517460644245148 759
1585117158094 0.11389993876218796 760
1585117192770 0.12300607562065125 761
1585117225964 0.10799095034599304 762
1585117259685 0.11134123802185059 763
1585117293120 0.11573010683059692 764
1585117326568 0.11830583214759827 765
1585117359844 0.11780166625976562 766
1585117393786 0.11068496108055115 767
1585117426970 0.11350144445896149 768
1585117460424 0.10751862823963165 769
1585117493489 0.11000919342041016 770
1585117527015 0.1100115031003952 771
1585117560157 0.11378204822540283 772
1585117594095 0.12421324849128723 773
1585117627732 0.11962656676769257 774
1585117661102 0.1176706999540329 775
1585117695370 0.11617830395698547 776
1585117728585 0.11145605146884918 777
1585117761805 0.10601743310689926 778
1585117795265 0.1126391589641571 779
1585117828840 0.11719915270805359 780
1585117862128 0.10792791843414307 781
1585117895726 0.11255666613578796 782
1585117928854 0.11148635298013687 783
1585117963375 0.11780527234077454 784
1585117996660 0.11555133759975433 785
1585118030864 0.10382378101348877 786
1585118064643 0.10696771740913391 787
1585118098843 0.11338301002979279 788
1585118132406 0.11069066822528839 789
1585118167347 0.10738196969032288 790
1585118200543 0.11262436956167221 791
1585118234118 0.1185130625963211 792
1585118267690 0.10968104004859924 793
1585118301320 0.1091933399438858 794
1585118334699 0.11009743064641953 795
1585118368151 0.109966941177845 796
1585118401756 0.11252683401107788 797
1585118435078 0.1184927374124527 798
1585118468676 0.10850144922733307 799
1585118501882 0.10705389082431793 800
1585118535863 0.11112238466739655 801
1585118569559 0.11791284382343292 802
1585118602817 0.11187665909528732 803
1585118636265 0.1061006709933281 804
1585118669925 0.10527457296848297 805
1585118703398 0.1137416735291481 806
1585118736964 0.10993074625730515 807
1585118770905 0.10573819279670715 808
1585118804057 0.10529747605323792 809
1585118837917 0.11147201061248779 810
1585118871242 0.10484136641025543 811
1585118905088 0.10886448621749878 812
1585118938497 0.10714008659124374 813
1585118971951 0.10450917482376099 814
1585119006352 0.11161389201879501 815
1585119039542 0.1113940179347992 816
1585119072876 0.10932768881320953 817
1585119106827 0.10989686846733093 818
1585119140062 0.10931739956140518 819
1585119173348 0.10798072814941406 820
1585119207206 0.10772821307182312 821
1585119241525 0.1048116683959961 822
1585119275692 0.1094960942864418 823
1585119309957 0.11024518311023712 824
1585119343320 0.10670429468154907 825
1585119376547 0.10360872745513916 826
1585119409848 0.10934180021286011 827
1585119443489 0.10900439321994781 828
1585119477055 0.10786323249340057 829
1585119510375 0.10597032308578491 830
1585119543518 0.10637643933296204 831
1585119576767 0.1000472828745842 832
1585119610107 0.10098470002412796 833
1585119643870 0.11251315474510193 834
1585119677357 0.10519623756408691 835
1585119712276 0.10463181883096695 836
1585119746361 0.10436982661485672 837
1585119780250 0.11055529117584229 838
1585119814079 0.11486953496932983 839
1585119847407 0.10537680983543396 840
1585119881202 0.10602347552776337 841
1585119915294 0.10742174088954926 842
1585119948588 0.1055038571357727 843
1585119982030 0.10500162839889526 844
1585120015486 0.10920386016368866 845
1585120048724 0.10112045705318451 846
1585120081955 0.1058817058801651 847
1585120115314 0.10894958674907684 848
1585120149365 0.11065112054347992 849
1585120183307 0.10532720386981964 850
1585120216569 0.10396638512611389 851
1585120249999 0.1069738045334816 852
1585120283589 0.10439801216125488 853
1585120317279 0.10503457486629486 854
1585120350965 0.10371916741132736 855
1585120384351 0.10346262156963348 856
1585120417868 0.10497025400400162 857
1585120451174 0.10814428329467773 858
1585120485134 0.10114677250385284 859
1585120518637 0.1084948480129242 860
1585120552037 0.10609659552574158 861
1585120585632 0.10052283108234406 862
1585120619175 0.09872444719076157 863
1585120653032 0.11111283302307129 864
1585120686695 0.11119949072599411 865
1585120720191 0.11062685400247574 866
1585120753779 0.10459999740123749 867
1585120787511 0.10724586248397827 868
1585120820726 0.11251616477966309 869
1585120854668 0.11193033307790756 870
1585120887868 0.10068084299564362 871
1585120921262 0.10755544900894165 872
1585120954737 0.10930270701646805 873
1585120988955 0.10126655548810959 874
1585121022432 0.11503050476312637 875
1585121056577 0.1029067188501358 876
1585121090014 0.10783499479293823 877
1585121123530 0.10470008850097656 878
1585121157276 0.10367868840694427 879
1585121193216 0.10958065837621689 880
1585121226624 0.10511356592178345 881
1585121260351 0.10464394092559814 882
1585121294332 0.09899745881557465 883
1585121327913 0.10287277400493622 884
1585121361039 0.10017839074134827 885
1585121394480 0.10363501310348511 886
1585121428179 0.10334932804107666 887
1585121461729 0.10628026723861694 888
1585121495474 0.10490833222866058 889
1585121529675 0.10864481329917908 890
1585121562840 0.10008623450994492 891
1585121596154 0.10334564745426178 892
1585121629411 0.10226841270923615 893
1585121662908 0.10722023248672485 894
1585121696530 0.109273262321949 895
1585121730000 0.10516121983528137 896
1585121763309 0.10101562738418579 897
1585121798540 0.10442876070737839 898
1585121832026 0.10271267592906952 899
1585121865891 0.09588233381509781 900
1585121899944 0.10608088970184326 901
1585121933359 0.1011730432510376 902
1585121967570 0.10323582589626312 903
1585122002031 0.10343921184539795 904
1585122035835 0.10496778041124344 905
1585122069279 0.10454246401786804 906
1585122102673 0.09838259220123291 907
1585122136193 0.11593108624219894 908
1585122169657 0.10130903124809265 909
1585122203522 0.10235559940338135 910
1585122236679 0.09924311190843582 911
1585122270231 0.09851422160863876 912
1585122303811 0.10584099590778351 913
1585122337170 0.1106036901473999 914
1585122370592 0.10047562420368195 915
1585122403975 0.09798131138086319 916
1585122437326 0.10304149985313416 917
1585122470985 0.10027404129505157 918
1585122504211 0.1018202006816864 919
1585122537927 0.09804747253656387 920
1585122571622 0.10153716802597046 921
1585122605621 0.10521425306797028 922
1585122638880 0.1018727645277977 923
1585122672646 0.10288991034030914 924
1585122706045 0.097321517765522 925
1585122739256 0.10192900896072388 926
1585122772653 0.10385140776634216 927
1585122805863 0.10038340091705322 928
1585122839133 0.1039716899394989 929
1585122872388 0.10060413181781769 930
1585122906134 0.10227928310632706 931
1585122939464 0.10285051167011261 932
1585122973533 0.10514490306377411 933
1585123007528 0.10628935694694519 934
1585123041214 0.10404213517904282 935
1585123074451 0.10083646327257156 936
1585123108815 0.09701287746429443 937
1585123142903 0.09579800069332123 938
1585123176116 0.10897751152515411 939
1585123209603 0.10260028392076492 940
1585123243093 0.09661166369915009 941
1585123277180 0.09659326076507568 942
1585123310406 0.10689065605401993 943
1585123344448 0.10117258876562119 944
1585123377712 0.10579097270965576 945
1585123411391 0.10027498006820679 946
1585123444798 0.10285557806491852 947
1585123478888 0.10308121144771576 948
1585123512234 0.0964389443397522 949
1585123545726 0.11427570879459381 950
1585123579710 0.09625750780105591 951
1585123613420 0.0987517386674881 952
1585123647430 0.09148388355970383 953
1585123682032 0.09780676662921906 954
1585123715372 0.09748534858226776 955
1585123749458 0.10694189369678497 956
1585123783869 0.09741577506065369 957
1585123817300 0.11432254314422607 958
1585123850707 0.09611547738313675 959
1585123884664 0.09918482601642609 960
1585123918148 0.10441704094409943 961
1585123952050 0.10122814029455185 962
1585123985294 0.09840696305036545 963
1585124019818 0.10066873580217361 964
1585124053971 0.10744546353816986 965
1585124087497 0.10756994783878326 966
1585124120895 0.09734992682933807 967
1585124154266 0.10149474442005157 968
1585124187490 0.10151980817317963 969
1585124220796 0.1098082959651947 970
1585124255656 0.09788820147514343 971
1585124289196 0.09716948121786118 972
1585124323189 0.09495360404253006 973
1585124356359 0.09671692550182343 974
1585124389755 0.10403656959533691 975
1585124422876 0.10333003848791122 976
1585124456206 0.10066372156143188 977
1585124488949 0.09652973711490631 978
1585124521556 0.09450837969779968 979
1585124553746 0.0996495932340622 980
1585124586056 0.09841288626194 981
1585124618731 0.1020602211356163 982
1585124650961 0.09513001143932343 983
1585124683453 0.09533310681581497 984
1585124715798 0.09105874598026276 985
1585124748147 0.09676241874694824 986
1585124780708 0.09557679295539856 987
1585124815407 0.10213017463684082 988
1585124847937 0.10243396461009979 989
1585124880333 0.1073765978217125 990
1585124913035 0.10401454567909241 991
1585124945371 0.09418395161628723 992
1585124977890 0.09639400243759155 993
1585125011373 0.09477056562900543 994
1585125043855 0.10165895521640778 995
1585125076495 0.09813940525054932 996
1585125109355 0.10035981237888336 997
1585125142073 0.09591689705848694 998
1585125174749 0.10187512636184692 999
1585125207377 0.09338770806789398 1000
1585125240012 0.09956720471382141 1001
1585125272515 0.10078562796115875 1002
1585125305191 0.10290397703647614 1003
1585125337663 0.09260521829128265 1004
1585125369993 0.09901584684848785 1005
1585125402373 0.09713380038738251 1006
1585125435121 0.10679663717746735 1007
1585125467622 0.1037108525633812 1008
1585125500380 0.09550478309392929 1009
1585125533008 0.09634248167276382 1010
1585125565591 0.09525884687900543 1011
1585125597991 0.08888696879148483 1012
1585125630814 0.10436271131038666 1013
1585125663832 0.09684701263904572 1014
1585125696500 0.10380637645721436 1015
1585125728944 0.10066348314285278 1016
1585125761638 0.11178413778543472 1017
1585125794346 0.09125488996505737 1018
1585125826822 0.09775765240192413 1019
1585125859004 0.09422759711742401 1020
1585125891763 0.10096870362758636 1021
1585125924530 0.09667954593896866 1022
1585125958218 0.09352149069309235 1023
1585125990494 0.10015351325273514 1024
1585126022864 0.10171082615852356 1025
1585126055635 0.09123355150222778 1026
1585126088172 0.09281224012374878 1027
1585126120613 0.09972579777240753 1028
1585126153124 0.09343212097883224 1029
1585126186312 0.08915556967258453 1030
1585126218799 0.10237079858779907 1031
1585126251438 0.09212630242109299 1032
1585126284080 0.10054830461740494 1033
1585126316619 0.1009291410446167 1034
1585126349129 0.09075800329446793 1035
1585126382198 0.09516406804323196 1036
1585126414691 0.09056954085826874 1037
1585126448305 0.09703061729669571 1038
1585126480542 0.0901072770357132 1039
1585126513431 0.10213418304920197 1040
1585126546072 0.09794486314058304 1041
1585126578866 0.09566237032413483 1042
1585126611448 0.09286114573478699 1043
1585126643934 0.10078710317611694 1044
1585126676981 0.09971285611391068 1045
1585126709604 0.0995732843875885 1046
1585126742403 0.0994642972946167 1047
1585126775236 0.09131111204624176 1048
1585126808022 0.10114893317222595 1049
1585126840565 0.10128460824489594 1050
1585126874084 0.10187061131000519 1051
1585126906597 0.09376063942909241 1052
1585126939372 0.09284035116434097 1053
1585126972095 0.09341245144605637 1054
1585127005082 0.09851988404989243 1055
1585127037559 0.09992793202400208 1056
1585127070347 0.0968552827835083 1057
1585127103129 0.0917641669511795 1058
1585127135776 0.09405393898487091 1059
1585127168594 0.09139230102300644 1060
1585127202040 0.10626518726348877 1061
1585127234391 0.09317624568939209 1062
1585127266437 0.09031210094690323 1063
1585127298908 0.09438924491405487 1064
1585127331395 0.08999286592006683 1065
1585127364033 0.09315740317106247 1066
1585127396555 0.0966624766588211 1067
1585127428958 0.09670142829418182 1068
1585127461565 0.10285540670156479 1069
1585127494084 0.10554373264312744 1070
1585127526658 0.09667830914258957 1071
1585127559870 0.09342822432518005 1072
1585127592519 0.0965786874294281 1073
1585127625002 0.09527866542339325 1074
1585127657459 0.10315748304128647 1075
1585127690032 0.0913090929389 1076
1585127722594 0.09588572382926941 1077
1585127755237 0.0966327041387558 1078
1585127787623 0.09308184683322906 1079
1585127819849 0.08870364725589752 1080
1585127852482 0.09236249327659607 1081
1585127885149 0.09531313180923462 1082
1585127918183 0.09534092247486115 1083
1585127951093 0.09828295558691025 1084
1585127983725 0.08784013241529465 1085
1585128016233 0.09576296806335449 1086
1585128048723 0.09391741454601288 1087
1585128081366 0.09418653696775436 1088
1585128113715 0.09508710354566574 1089
1585128146260 0.09290874004364014 1090
1585128179012 0.09473556280136108 1091
1585128211715 0.09169109165668488 1092
1585128247304 0.0896732360124588 1093
1585128279653 0.09130682796239853 1094
1585128311978 0.09223392605781555 1095
1585128344743 0.09601140767335892 1096
1585128377322 0.09234121441841125 1097
1585128409909 0.08720351755619049 1098
1585128442701 0.09013070166110992 1099
1585128474997 0.09624309837818146 1100
1585128507624 0.09583730250597 1101
1585128540787 0.0972675010561943 1102
1585128573523 0.09582573920488358 1103
1585128606690 0.09661047160625458 1104
1585128639133 0.08815872669219971 1105
1585128671574 0.10743647813796997 1106
1585128703834 0.08737678825855255 1107
1585128736511 0.08924877643585205 1108
1585128769037 0.09415733814239502 1109
1585128802057 0.09151771664619446 1110
1585128834429 0.10075750946998596 1111
1585128866703 0.09239928424358368 1112
1585128899237 0.0923609584569931 1113
1585128931843 0.09120528399944305 1114
1585128964501 0.09267272055149078 1115
1585128998176 0.08790236711502075 1116
1585129031325 0.0912478119134903 1117
1585129064201 0.09791296720504761 1118
1585129096852 0.09693324565887451 1119
1585129129728 0.08971090614795685 1120
1585129162388 0.09343978017568588 1121
1585129194889 0.08949330449104309 1122
1585129227616 0.09150050580501556 1123
1585129260196 0.08777008205652237 1124
1585129292627 0.09010361135005951 1125
1585129325178 0.08583030849695206 1126
1585129357723 0.0870903953909874 1127
1585129390522 0.098886638879776 1128
1585129422813 0.08960749953985214 1129
1585129455255 0.09035541862249374 1130
1585129487816 0.09061358869075775 1131
1585129520233 0.09333554655313492 1132
1585129552486 0.09859441220760345 1133
1585129584975 0.09270872175693512 1134
1585129617488 0.096281036734581 1135
1585129650181 0.08686070889234543 1136
1585129682691 0.09122110903263092 1137
1585129715303 0.0959177166223526 1138
1585129748236 0.09268055111169815 1139
1585129781093 0.09281805902719498 1140
1585129813362 0.08942992985248566 1141
1585129846111 0.09119755029678345 1142
1585129878778 0.09249193966388702 1143
1585129911488 0.09036805480718613 1144
1585129944522 0.1007600873708725 1145
1585129977555 0.09601151198148727 1146
1585130009841 0.08927569538354874 1147
1585130042753 0.09656226634979248 1148
1585130075557 0.09793242812156677 1149
1585130107805 0.09304516017436981 1150
1585130140184 0.09014655649662018 1151
1585130172803 0.0901079773902893 1152
1585130205116 0.0882343202829361 1153
1585130237735 0.09048239886760712 1154
1585130271411 0.09545418620109558 1155
1585130303838 0.09056848287582397 1156
1585130336271 0.09220217168331146 1157
1585130368632 0.0882648378610611 1158
1585130401273 0.08977342396974564 1159
1585130433836 0.08911272138357162 1160
1585130466708 0.08504179120063782 1161
1585130499448 0.0899924710392952 1162
1585130532015 0.08714606612920761 1163
1585130564495 0.0876709520816803 1164
1585130596857 0.09113338589668274 1165
1585130629335 0.08867199718952179 1166
1585130662215 0.08870823681354523 1167
1585130694691 0.0866205245256424 1168
1585130727381 0.09193770587444305 1169
1585130760665 0.08588744699954987 1170
1585130793495 0.08710994571447372 1171
1585130826958 0.09061934053897858 1172
1585130859684 0.08707986027002335 1173
1585130892451 0.08661480247974396 1174
1585130925125 0.09323715418577194 1175
1585130957931 0.09032519161701202 1176
1585130990465 0.09221621602773666 1177
1585131022836 0.09368263185024261 1178
1585131055404 0.09800788760185242 1179
1585131087910 0.09614834189414978 1180
1585131120837 0.08813917636871338 1181
1585131153340 0.08988729864358902 1182
1585131185904 0.09710148721933365 1183
1585131218388 0.0850037932395935 1184
1585131250909 0.0839860811829567 1185
1585131283741 0.09034793823957443 1186
1585131316074 0.08743689954280853 1187
1585131348701 0.09074262529611588 1188
1585131381290 0.08883616328239441 1189
1585131413676 0.08953916281461716 1190
1585131446256 0.0834302008152008 1191
1585131478659 0.0932466983795166 1192
1585131511240 0.08786264061927795 1193
1585131544045 0.09025335311889648 1194
1585131576446 0.11100113391876221 1195
1585131609253 0.08608245849609375 1196
1585131642042 0.09246715903282166 1197
1585131674361 0.09148862212896347 1198
1585131706957 0.08815737068653107 1199
1585131739583 0.09039251506328583 1200
1585131772379 0.08486686646938324 1201
1585131804981 0.09104638546705246 1202
1585131837566 0.09290919452905655 1203
1585131870497 0.08409460633993149 1204
1585131902465 0.088542640209198 1205
1585131935031 0.09018228203058243 1206
1585131968259 0.08801841735839844 1207
1585132000489 0.0882049947977066 1208
1585132033197 0.09001456201076508 1209
1585132065719 0.09269599616527557 1210
1585132098218 0.08599285781383514 1211
1585132131017 0.08880282193422318 1212
1585132164234 0.08526179194450378 1213
1585132196710 0.08966781198978424 1214
1585132229089 0.09471550583839417 1215
1585132261688 0.08701722323894501 1216
1585132294039 0.09086988866329193 1217
1585132326789 0.09504121541976929 1218
1585132359477 0.08287450671195984 1219
1585132392004 0.09044346958398819 1220
1585132424590 0.0839158147573471 1221
1585132458902 0.08926604688167572 1222
1585132491509 0.09130151569843292 1223
1585132524230 0.08727310597896576 1224
1585132557389 0.08543609082698822 1225
1585132590085 0.0935974270105362 1226
1585132622560 0.08272804319858551 1227
1585132655320 0.09090366959571838 1228
1585132687875 0.08741061389446259 1229
1585132720321 0.08571535348892212 1230
1585132752825 0.0857006162405014 1231
1585132786253 0.08581161499023438 1232
1585132819027 0.09561401605606079 1233
1585132851659 0.0896679013967514 1234
1585132884397 0.08779387176036835 1235
1585132916985 0.08487493544816971 1236
1585132949792 0.08905346691608429 1237
1585132982373 0.08862102031707764 1238
1585133014843 0.08461850881576538 1239
1585133047461 0.09060835093259811 1240
1585133080029 0.08997032046318054 1241
1585133112818 0.08415942639112473 1242
1585133145365 0.08502927422523499 1243
1585133178017 0.08575869351625443 1244
1585133210674 0.08945357799530029 1245
1585133243412 0.08651163429021835 1246
1585133276177 0.08749771118164062 1247
1585133308884 0.10055579245090485 1248
1585133341472 0.08217598497867584 1249
1585133374246 0.08051393181085587 1250
1585133406953 0.09038504958152771 1251
1585133439527 0.09768389910459518 1252
1585133471609 0.08578969538211823 1253
1585133504260 0.08399558067321777 1254
1585133536430 0.09476925432682037 1255
1585133569345 0.08641991019248962 1256
1585133602363 0.08656634390354156 1257
1585133634941 0.08654335141181946 1258
1585133667473 0.09294117987155914 1259
1585133700052 0.08677136898040771 1260
1585133732936 0.09055157005786896 1261
1585133765569 0.08466117084026337 1262
1585133798073 0.08812478184700012 1263
1585133830711 0.09184414148330688 1264
1585133864145 0.08404086530208588 1265
1585133897860 0.08587093651294708 1266
1585133930662 0.092817023396492 1267
1585133963415 0.08292225003242493 1268
1585133996109 0.08836178481578827 1269
1585134029996 0.0875198170542717 1270
1585134062637 0.08706970512866974 1271
1585134095181 0.08591833710670471 1272
1585134128251 0.08775904774665833 1273
1585134160997 0.09491197764873505 1274
1585134194745 0.08886297047138214 1275
1585134227240 0.0881168395280838 1276
1585134260959 0.08589625358581543 1277
1585134294226 0.09346067160367966 1278
1585134326859 0.08776392042636871 1279
1585134359609 0.09138421714305878 1280
1585134393255 0.08709065616130829 1281
1585134425646 0.08871544897556305 1282
1585134458211 0.08099500834941864 1283
1585134490739 0.08682551234960556 1284
1585134523432 0.0818227156996727 1285
1585134555882 0.08721204102039337 1286
1585134588461 0.08726425468921661 1287
1585134621145 0.08998526632785797 1288
1585134653292 0.08206987380981445 1289
1585134685978 0.08317172527313232 1290
1585134718677 0.09053824841976166 1291
1585134751324 0.08595585823059082 1292
1585134783931 0.08439042419195175 1293
1585134817006 0.08186474442481995 1294
1585134849582 0.08727868646383286 1295
1585134882067 0.0845889151096344 1296
1585134914788 0.08384369313716888 1297
1585134947504 0.08306114375591278 1298
1585134980312 0.08748337626457214 1299
1585135013364 0.08379463851451874 1300
1585135046617 0.08619774878025055 1301
1585135079333 0.08211156725883484 1302
1585135113091 0.08435550332069397 1303
1585135145635 0.08094266057014465 1304
1585135178221 0.09083682298660278 1305
1585135211046 0.07965414971113205 1306
1585135243786 0.09209248423576355 1307
1585135276432 0.08388804644346237 1308
1585135309088 0.08631084859371185 1309
1585135341676 0.09369619190692902 1310
1585135374535 0.08400486409664154 1311
1585135407768 0.08521690964698792 1312
1585135440451 0.09423252940177917 1313
1585135473124 0.08680415898561478 1314
1585135505884 0.08527804166078568 1315
1585135538438 0.08425343781709671 1316
1585135571021 0.08396120369434357 1317
1585135603314 0.09221073985099792 1318
1585135636393 0.09312619268894196 1319
1585135669384 0.08720971643924713 1320
1585135702624 0.09273514151573181 1321
1585135735576 0.08288507908582687 1322
1585135768337 0.09029284119606018 1323
1585135801147 0.08545088768005371 1324
1585135834938 0.08823461830615997 1325
1585135867770 0.08477461338043213 1326
1585135900557 0.08606142550706863 1327
1585135933123 0.08344368636608124 1328
1585135965629 0.08517156541347504 1329
1585135998168 0.08547943830490112 1330
1585136030599 0.08433446288108826 1331
1585136062956 0.08254146575927734 1332
1585136096117 0.08364176750183105 1333
1585136128793 0.08215892314910889 1334
1585136161424 0.08782856166362762 1335
1585136194016 0.08510281145572662 1336
1585136226655 0.08835454285144806 1337
1585136259583 0.08587095141410828 1338
1585136292473 0.0794954001903534 1339
1585136324987 0.08149141073226929 1340
1585136358409 0.08362427353858948 1341
1585136390734 0.08349303901195526 1342
1585136424223 0.08381089568138123 1343
1585136457040 0.08366861939430237 1344
1585136489890 0.08586744964122772 1345
1585136522725 0.08485961705446243 1346
1585136555658 0.0886441245675087 1347
1585136588377 0.0842801183462143 1348
1585136620996 0.08287981152534485 1349
1585136653656 0.08512222766876221 1350
1585136686236 0.08565172553062439 1351
1585136718956 0.08812524378299713 1352
1585136751412 0.07885698974132538 1353
1585136784307 0.08612498641014099 1354
1585136816940 0.08121218532323837 1355
1585136849772 0.08237659931182861 1356
1585136882241 0.07873207330703735 1357
1585136914680 0.09259645640850067 1358
1585136947402 0.08550265431404114 1359
1585136980551 0.08194264769554138 1360
1585137013264 0.08191598951816559 1361
1585137045771 0.07958808541297913 1362
1585137078429 0.08625807613134384 1363
1585137111318 0.07899209856987 1364
1585137144205 0.08115805685520172 1365
1585137177117 0.08241879940032959 1366
1585137209527 0.0784187763929367 1367
1585137241999 0.08257567882537842 1368
1585137274518 0.07618124037981033 1369
1585137306973 0.08945123851299286 1370
1585137339557 0.08284176886081696 1371
1585137372310 0.07860851287841797 1372
1585137405131 0.08289768546819687 1373
1585137437884 0.08695833384990692 1374
1585137470502 0.08531162142753601 1375
1585137502929 0.08510759472846985 1376
1585137535603 0.08511228114366531 1377
1585137568327 0.08811650425195694 1378
1585137601411 0.10227489471435547 1379
1585137633994 0.0853995755314827 1380
1585137666693 0.07987313717603683 1381
1585137699543 0.0806320533156395 1382
1585137732493 0.08464770764112473 1383
1585137765050 0.08274050056934357 1384
1585137797533 0.07972647249698639 1385
1585137830176 0.08168688416481018 1386
1585137862745 0.0847708135843277 1387
1585137895898 0.08049114793539047 1388
1585137928537 0.0815935730934143 1389
1585137961340 0.08572313189506531 1390
1585137993976 0.08635351806879044 1391
1585138027044 0.08136516809463501 1392
1585138059793 0.08023874461650848 1393
1585138092219 0.08366970717906952 1394
1585138124958 0.08227809518575668 1395
1585138157645 0.07798150926828384 1396
1585138190422 0.08030719310045242 1397
1585138223140 0.08406142890453339 1398
1585138255832 0.07837898284196854 1399
1585138288401 0.081013023853302 1400
1585138321093 0.07949976623058319 1401
1585138354125 0.09244734048843384 1402
1585138386696 0.08472845703363419 1403
1585138420553 0.0794573649764061 1404
1585138453171 0.07843931019306183 1405
1585138485742 0.08103770017623901 1406
1585138518332 0.08222126960754395 1407
1585138551113 0.0812673568725586 1408
1585138583841 0.08160997182130814 1409
1585138616562 0.08252635598182678 1410
1585138648979 0.07949116826057434 1411
1585138681783 0.08214766532182693 1412
1585138714265 0.08337518572807312 1413
1585138746623 0.0802147388458252 1414
1585138779672 0.08729971945285797 1415
1585138812143 0.07977345585823059 1416
1585138844556 0.08051954209804535 1417
1585138877285 0.08347006142139435 1418
1585138910411 0.0780281126499176 1419
1585138943183 0.07891136407852173 1420
1585138975808 0.08547601848840714 1421
1585139008269 0.08164648711681366 1422
1585139040956 0.07555081695318222 1423
1585139073526 0.08593489229679108 1424
1585139106141 0.07878170907497406 1425
1585139138692 0.07746681571006775 1426
1585139171721 0.08456209301948547 1427
1585139204492 0.08010956645011902 1428
1585139236842 0.08374054729938507 1429
1585139269692 0.07868033647537231 1430
1585139302744 0.08319033682346344 1431
1585139335447 0.08103929460048676 1432
1585139368239 0.08006469160318375 1433
1585139400867 0.08092526346445084 1434
1585139434514 0.08166807889938354 1435
1585139467059 0.08243115991353989 1436
1585139499486 0.08381050080060959 1437
1585139532269 0.0914423018693924 1438
1585139564968 0.07910828292369843 1439
1585139597605 0.07431428134441376 1440
1585139630133 0.08396483957767487 1441
1585139662739 0.07925154268741608 1442
1585139695864 0.0812007486820221 1443
1585139728504 0.07892534136772156 1444
1585139761094 0.08138372749090195 1445
1585139793480 0.08513256907463074 1446
1585139826357 0.08039630949497223 1447
1585139859084 0.07942388951778412 1448
1585139891755 0.07775695621967316 1449
1585139924248 0.08383540064096451 1450
1585139956806 0.08296234905719757 1451
1585139989351 0.08302725851535797 1452
1585140022319 0.08600862324237823 1453
1585140054952 0.07572173327207565 1454
1585140087677 0.07909400761127472 1455
1585140120551 0.0882667526602745 1456
1585140154447 0.07974765449762344 1457
1585140187023 0.0861218124628067 1458
1585140219407 0.0761692002415657 1459
1585140251920 0.08238440752029419 1460
1585140284841 0.08054596185684204 1461
1585140317426 0.08537958562374115 1462
1585140350105 0.07858526706695557 1463
1585140383041 0.0802081972360611 1464
1585140415649 0.07736653089523315 1465
1585140448105 0.08075655251741409 1466
1585140480533 0.07862178981304169 1467
1585140513287 0.07629670202732086 1468
1585140545695 0.08110609650611877 1469
1585140578480 0.07884721457958221 1470
1585140610906 0.08717931061983109 1471
1585140643251 0.07939939200878143 1472
1585140677098 0.08164627850055695 1473
1585140709864 0.08463401347398758 1474
1585140742827 0.0835016518831253 1475
1585140775375 0.07903489470481873 1476
1585140807806 0.082135409116745 1477
1585140843863 0.07649481296539307 1478
1585140876699 0.07684008777141571 1479
1585140909100 0.08300799131393433 1480
1585140941845 0.08232435584068298 1481
1585140974475 0.07829707860946655 1482
1585141007205 0.0807192474603653 1483
1585141039720 0.07680580019950867 1484
1585141072384 0.07863964140415192 1485
1585141105624 0.0805918276309967 1486
1585141140111 0.07751143723726273 1487
1585141173122 0.07845836877822876 1488
1585141205791 0.08094827830791473 1489
1585141238664 0.07653401792049408 1490
1585141271292 0.08005104959011078 1491
1585141303951 0.07475549727678299 1492
1585141336402 0.07726992666721344 1493
1585141369078 0.07525455951690674 1494
1585141401844 0.0825485810637474 1495
1585141434313 0.07580666244029999 1496
1585141466777 0.09118723124265671 1497
1585141499323 0.07700203359127045 1498
1585141531988 0.08463793992996216 1499
1585141564411 0.08080662786960602 1500
