1585091776174 0.03085637465119362 0
1585091809589 0.00690716877579689 1
1585091842773 0.004582756198942661 2
1585091876264 0.007683745585381985 3
1585091909266 0.01303008385002613 4
1585091942396 0.01931742951273918 5
1585091975624 0.01894308440387249 6
1585092008874 0.011511923745274544 7
1585092041971 0.008191276341676712 8
1585092074779 0.0032141604460775852 9
1585092107786 0.003730224911123514 10
1585092140986 0.0031464197672903538 11
1585092174492 0.005860237870365381 12
1585092207781 0.010482033714652061 13
1585092241147 0.014628369361162186 14
1585092274498 0.01766238734126091 15
1585092308283 0.019583478569984436 16
1585092341449 0.021120287477970123 17
1585092374707 0.021927833557128906 18
1585092408120 0.021720457822084427 19
1585092441498 0.021336272358894348 20
1585092474865 0.019999049603939056 21
1585092508073 0.018352825194597244 22
1585092541082 0.01773773692548275 23
1585092574361 0.016921792179346085 24
1585092607396 0.01592426747083664 25
1585092641597 0.014772229827940464 26
1585092675019 0.013616358861327171 27
1585092708268 0.01231473684310913 28
1585092741647 0.011787963099777699 29
1585092774659 0.011579049751162529 30
1585092807727 0.011374300345778465 31
1585092841070 0.010880514979362488 32
1585092874209 0.01130843535065651 33
1585092907247 0.011118250899016857 34
1585092940511 0.010502876713871956 35
1585092974256 0.010427212342619896 36
1585093007195 0.010958806611597538 37
1585093040597 0.010883680544793606 38
1585093073937 0.010672328993678093 39
1585093106919 0.009062716737389565 40
1585093140017 0.009738627821207047 41
1585093173549 0.008781492710113525 42
1585093207714 0.008154909126460552 43
1585093240910 0.008735603652894497 44
1585093274526 0.007851546630263329 45
1585093309633 0.007904980331659317 46
1585093343718 0.0072976769879460335 47
1585093377034 0.008613266982138157 48
1585093409977 0.007233981043100357 49
1585093443643 0.007192008197307587 50
1585093477694 0.007522818632423878 51
1585093510918 0.006860163062810898 52
1585093544128 0.007212668191641569 53
1585093577321 0.0070319026708602905 54
1585093611171 0.006738500669598579 55
1585093644613 0.007099054753780365 56
1585093677552 0.006846476346254349 57
1585093710822 0.0063678729347884655 58
1585093744058 0.006562238559126854 59
1585093777915 0.0073421308770775795 60
1585093811214 0.006455743685364723 61
1585093844540 0.006318976171314716 62
1585093878021 0.006042973138391972 63
1585093911136 0.0069491071626544 64
1585093944308 0.00670802965760231 65
1585093977465 0.006560207810252905 66
1585094010448 0.006156811490654945 67
1585094043566 0.00635990034788847 68
1585094077442 0.006324898451566696 69
1585094110651 0.006473586894571781 70
1585094144094 0.006478393450379372 71
1585094177356 0.005825419910252094 72
1585094210571 0.006572266109287739 73
1585094244078 0.006103686988353729 74
1585094277292 0.006458910182118416 75
1585094311404 0.006261194124817848 76
1585094344455 0.0062595391646027565 77
1585094377853 0.006198311224579811 78
1585094411285 0.006450287066400051 79
1585094444998 0.006403523497283459 80
1585094478331 0.005844092927873135 81
1585094511159 0.005461737047880888 82
1585094544162 0.006265898235142231 83
1585094577225 0.0062993373721838 84
1585094610400 0.0060867611318826675 85
1585094643783 0.007126340176910162 86
1585094677575 0.005838532000780106 87
1585094710651 0.006747465580701828 88
1585094744046 0.006040647625923157 89
1585094777292 0.006133435294032097 90
1585094810627 0.006283503957092762 91
1585094843702 0.006717909127473831 92
1585094876814 0.006935476791113615 93
1585094910046 0.0063477372750639915 94
1585094943142 0.007799386978149414 95
1585094976107 0.006574498489499092 96
1585095009224 0.007761519867926836 97
1585095042077 0.0067101432941854 98
1585095075123 0.006377714686095715 99
1585095108231 0.006417565047740936 100
1585095141345 0.006385106593370438 101
1585095175022 0.006823403295129538 102
1585095208397 0.006714235059916973 103
1585095241476 0.006737206131219864 104
1585095274935 0.006603413261473179 105
1585095308101 0.006336440332233906 106
1585095341333 0.006019127555191517 107
1585095374562 0.006761884316802025 108
1585095407604 0.006207770202308893 109
1585095440789 0.006266826298087835 110
1585095475078 0.007214155979454517 111
1585095508120 0.0069582415744662285 112
1585095541156 0.006471722386777401 113
1585095574006 0.0071724094450473785 114
1585095607329 0.006630094721913338 115
1585095640442 0.00674339197576046 116
1585095674181 0.0066309729591012 117
1585095707349 0.005871191620826721 118
1585095740394 0.00633712625131011 119
1585095773696 0.006611283868551254 120
1585095806996 0.0068609402514994144 121
1585095840676 0.006302970461547375 122
1585095874020 0.006634929217398167 123
1585095907340 0.007136989384889603 124
1585095940750 0.006766913458704948 125
1585095974118 0.006674529984593391 126
1585096007216 0.006225783843547106 127
1585096040594 0.006148067303001881 128
1585096074062 0.007043085061013699 129
1585096107152 0.006320466287434101 130
1585096140272 0.0070472825318574905 131
1585096173589 0.00706894276663661 132
1585096206529 0.0062388526275753975 133
1585096239712 0.005889548920094967 134
1585096272975 0.006990058347582817 135
1585096306151 0.007435038220137358 136
1585096339338 0.006283896043896675 137
1585096372637 0.006736244075000286 138
1585096406066 0.006469557527452707 139
1585096439044 0.006447554565966129 140
1585096472194 0.0064049530774354935 141
1585096505876 0.007048377301543951 142
1585096538891 0.006994215771555901 143
1585096571946 0.006562238559126854 144
1585096605042 0.006317649036645889 145
1585096638407 0.006793363019824028 146
1585096671525 0.006674579344689846 147
1585096704590 0.006896913517266512 148
1585096737437 0.006385196000337601 149
1585096770555 0.006349325180053711 150
1585096804207 0.007498373743146658 151
1585096837086 0.007046085316687822 152
1585096870226 0.006592438090592623 153
1585096903456 0.006608792580664158 154
1585096936792 0.00693441741168499 155
1585096969841 0.006815957371145487 156
1585097003261 0.006806420162320137 157
1585097036279 0.006700166035443544 158
1585097070274 0.0066866325214505196 159
1585097103538 0.006626361049711704 160
1585097136899 0.007038692012429237 161
1585097170669 0.006269058212637901 162
1585097203780 0.007215637713670731 163
1585097236979 0.007244722917675972 164
1585097270501 0.007381531409919262 165
1585097303623 0.006503719836473465 166
1585097337170 0.006904697511345148 167
1585097371227 0.006135120522230864 168
1585097404765 0.007215735502541065 169
1585097437926 0.006402409635484219 170
1585097471728 0.006556305103003979 171
1585097504706 0.006868204101920128 172
1585097537857 0.00674770213663578 173
1585097571381 0.0063465191051363945 174
1585097604517 0.006670795846730471 175
1585097637734 0.006903638131916523 176
1585097670642 0.006080682389438152 177
1585097703999 0.006770214065909386 178
1585097737192 0.006612588185817003 179
1585097771079 0.007248321548104286 180
1585097804173 0.0062589156441390514 181
1585097837373 0.0074793631210923195 182
1585097870324 0.005920300260186195 183
1585097903550 0.006197286769747734 184
1585097936888 0.006099056452512741 185
1585097970660 0.006970349699258804 186
1585098003811 0.007531438022851944 187
1585098037086 0.006604867056012154 188
1585098069994 0.007625293452292681 189
1585098103016 0.0058602518402040005 190
1585098136349 0.006070023402571678 191
1585098169314 0.006866212468594313 192
1585098202474 0.006236839573830366 193
1585098235993 0.006605440750718117 194
1585098269018 0.006599134765565395 195
1585098302298 0.0069435397163033485 196
1585098336705 0.005440797656774521 197
1585098369921 0.006951595656573772 198
1585098403236 0.006399962585419416 199
1585098436404 0.006385749205946922 200
1585098469607 0.006769147701561451 201
1585098502922 0.006876015104353428 202
1585098536308 0.006672184448689222 203
1585098569437 0.0070312959142029285 204
1585098602454 0.006348572671413422 205
1585098635833 0.006675561890006065 206
1585098669176 0.006848151795566082 207
1585098702375 0.006977965123951435 208
1585098735565 0.006617301143705845 209
1585098768719 0.006777789443731308 210
1585098802115 0.006806343328207731 211
1585098835475 0.006874768063426018 212
1585098869067 0.007405256852507591 213
1585098902179 0.005675080697983503 214
1585098935306 0.0068703293800354 215
1585098968494 0.00676700659096241 216
1585099001340 0.006291835568845272 217
1585099034537 0.006418275646865368 218
1585099067548 0.007565257605165243 219
1585099100654 0.006900149397552013 220
1585099133629 0.006882986985146999 221
1585099166669 0.006438807584345341 222
1585099199735 0.006379719823598862 223
1585099233207 0.006843757815659046 224
1585099266054 0.006004985421895981 225
1585099299158 0.007209273055195808 226
1585099332229 0.006616452243179083 227
1585099365344 0.00610092980787158 228
1585099398623 0.006599769461899996 229
1585099431749 0.005865222774446011 230
1585099464949 0.006685237865895033 231
1585099498005 0.005851975176483393 232
1585099531114 0.006764044053852558 233
1585099565577 0.006329024210572243 234
1585099599106 0.006661631166934967 235
1585099632115 0.006015090271830559 236
1585099665151 0.006693871691823006 237
1585099698717 0.006910013034939766 238
1585099731624 0.007856378331780434 239
1585099764859 0.006025615148246288 240
1585099798153 0.006176130846142769 241
1585099831186 0.006586764007806778 242
1585099866100 0.006841952912509441 243
1585099899754 0.006434171460568905 244
1585099933234 0.006605637259781361 245
1585099966389 0.006759357638657093 246
1585099999271 0.006155875511467457 247
1585100032165 0.006879107095301151 248
1585100066069 0.005781627260148525 249
1585100098965 0.0072621433064341545 250
1585100132177 0.006451589986681938 251
1585100165452 0.0059682526625692844 252
1585100198827 0.006720428355038166 253
1585100231747 0.006561946123838425 254
1585100264871 0.006623928435146809 255
1585100298091 0.006810331251472235 256
1585100331031 0.0066493721678853035 257
1585100364445 0.005778550170361996 258
1585100397645 0.006790596060454845 259
1585100430527 0.005657726898789406 260
1585100463789 0.006023915018886328 261
1585100497343 0.0056267837062478065 262
1585100531122 0.007066698744893074 263
1585100564550 0.006728031672537327 264
1585100597929 0.006294804159551859 265
1585100631041 0.006611173041164875 266
1585100664206 0.006207378581166267 267
1585100697515 0.007386611774563789 268
1585100730516 0.0067296018823981285 269
1585100763825 0.0067466977052390575 270
1585100797029 0.007046757265925407 271
1585100830323 0.0059357695281505585 272
1585100863806 0.0067054773680865765 273
1585100897552 0.006883478723466396 274
1585100930638 0.006841195281594992 275
1585100963756 0.005734410136938095 276
1585100996912 0.006327903363853693 277
1585101029893 0.005697890650480986 278
1585101062962 0.0063991546630859375 279
1585101095891 0.006051314063370228 280
1585101128934 0.006116053089499474 281
1585101162269 0.005991457495838404 282
1585101195627 0.00602208124473691 283
1585101228699 0.006166549399495125 284
1585101262345 0.006735450588166714 285
1585101295969 0.006260189693421125 286
1585101328912 0.006250413134694099 287
1585101362406 0.006273473147302866 288
1585101395513 0.006534416228532791 289
1585101429037 0.006849038414657116 290
1585101462414 0.005628093611449003 291
1585101495978 0.006256058346480131 292
1585101529395 0.006351672578603029 293
1585101562397 0.005975791718810797 294
1585101595526 0.006377724464982748 295
1585101628420 0.006655009463429451 296
1585101661677 0.00636545242741704 297
1585101694670 0.006301816552877426 298
1585101727791 0.006664830259978771 299
1585101760943 0.006446989253163338 300
1585101794159 0.00650824885815382 301
1585101827327 0.0062091294676065445 302
1585101860801 0.006487976759672165 303
1585101894077 0.006060428451746702 304
1585101927272 0.006635155063122511 305
1585101960535 0.006758676376193762 306
1585101993609 0.0061649903655052185 307
1585102027130 0.006263734772801399 308
1585102060684 0.005777227692306042 309
1585102094030 0.005690230056643486 310
1585102127477 0.006065326742827892 311
1585102160998 0.006066321860998869 312
1585102194596 0.006634545046836138 313
1585102227717 0.006935682147741318 314
1585102261144 0.006551672704517841 315
1585102294216 0.006446199491620064 316
1585102327825 0.006261695176362991 317
1585102361193 0.005380922928452492 318
1585102394770 0.005703293718397617 319
1585102428059 0.006440176162868738 320
1585102461121 0.006389736197888851 321
1585102494337 0.006879416760057211 322
1585102527298 0.006586046889424324 323
1585102560303 0.0065781185403466225 324
1585102593566 0.006052236072719097 325
1585102626787 0.006681774742901325 326
1585102659890 0.0068903034552931786 327
1585102692797 0.006231742911040783 328
1585102725882 0.005418667569756508 329
1585102759161 0.006318932399153709 330
1585102792570 0.006229925900697708 331
1585102825965 0.006290082354098558 332
1585102859062 0.006058095954358578 333
1585102892237 0.006530195474624634 334
1585102925585 0.006113301496952772 335
1585102958961 0.004801739938557148 336
1585102992107 0.00614459253847599 337
1585103024921 0.005896823015064001 338
1585103058799 0.006012844853103161 339
1585103092042 0.0059543177485466 340
1585103125185 0.00544708501547575 341
1585103158661 0.0065969303250312805 342
1585103191808 0.006447874009609222 343
1585103225561 0.005831653252243996 344
1585103258854 0.006577972788363695 345
1585103292420 0.0054754288867115974 346
1585103325918 0.006668922957032919 347
1585103359118 0.006105257198214531 348
1585103392517 0.005605498794466257 349
1585103425720 0.005933625623583794 350
1585103459134 0.0067611937411129475 351
1585103492641 0.006017412059009075 352
1585103525739 0.006087031215429306 353
1585103559076 0.006386011838912964 354
1585103592122 0.0062113795429468155 355
1585103625422 0.005901476833969355 356
1585103658905 0.00610192259773612 357
1585103692338 0.006218575872480869 358
1585103725615 0.006825335789471865 359
1585103758728 0.006661313120275736 360
1585103791765 0.0069390637800097466 361
1585103825235 0.00696170050650835 362
1585103858500 0.0061024995520710945 363
1585103891956 0.006631338037550449 364
1585103925238 0.006068649236112833 365
1585103958151 0.005463301204144955 366
1585103991208 0.006790044251829386 367
1585104024740 0.006049123592674732 368
1585104057518 0.006223844829946756 369
1585104090541 0.006301115266978741 370
1585104123481 0.007234002463519573 371
1585104160857 0.006174212321639061 372
1585104194160 0.006878913380205631 373
1585104227575 0.0058656190522015095 374
1585104261324 0.0063538262620568275 375
1585104295053 0.006451571360230446 376
1585104328397 0.005808226298540831 377
1585104361999 0.0063057029619812965 378
1585104395382 0.006411456968635321 379
1585104429711 0.006112561095505953 380
1585104462593 0.005681358277797699 381
1585104497148 0.00667098443955183 382
1585104530431 0.006073047406971455 383
1585104563391 0.0063747745007276535 384
1585104596557 0.005483055021613836 385
1585104629440 0.006075595505535603 386
1585104662817 0.006192013155668974 387
1585104696852 0.006444927770644426 388
1585104730022 0.005733477883040905 389
1585104763391 0.005749383941292763 390
1585104796459 0.006029740907251835 391
1585104829850 0.005909492261707783 392
1585104863164 0.005885222926735878 393
1585104896122 0.006309869233518839 394
1585104929499 0.006948846857994795 395
1585104963094 0.005858533084392548 396
1585104996794 0.0058357492089271545 397
1585105029886 0.005432450212538242 398
1585105063132 0.006341634318232536 399
1585105096020 0.00632244348526001 400
1585105129108 0.005800219252705574 401
1585105162118 0.005859885830432177 402
1585105195111 0.005913768894970417 403
1585105228184 0.006112998817116022 404
1585105261194 0.005674378946423531 405
1585105294387 0.006122964899986982 406
1585105327621 0.005608027800917625 407
1585105360738 0.005289258901029825 408
1585105393797 0.005694737657904625 409
1585105427579 0.006077236961573362 410
1585105462251 0.006389327812939882 411
1585105496490 0.00613871356472373 412
1585105529877 0.005206456407904625 413
1585105562918 0.005998639389872551 414
1585105596195 0.005899261683225632 415
1585105629169 0.006021586712449789 416
1585105662304 0.005351519677788019 417
1585105695727 0.005882998462766409 418
1585105729001 0.00520017184317112 419
1585105762204 0.00542338564991951 420
1585105795407 0.005800406914204359 421
1585105830292 0.006136879324913025 422
1585105863419 0.0063006458804011345 423
1585105896720 0.006195141468197107 424
1585105929869 0.005731120705604553 425
1585105963106 0.005719424225389957 426
1585105996423 0.005628732033073902 427
1585106029543 0.006187256425619125 428
1585106062426 0.006468828767538071 429
1585106095549 0.006613748148083687 430
1585106128790 0.006034758407622576 431
1585106161959 0.0050426023080945015 432
1585106194880 0.006515490356832743 433
1585106228125 0.005496799945831299 434
1585106261211 0.006238254252821207 435
1585106294911 0.005789595656096935 436
1585106329013 0.00558211887255311 437
1585106362175 0.006178874522447586 438
1585106395421 0.005781384650617838 439
1585106429151 0.005701062269508839 440
1585106462438 0.005316384136676788 441
1585106495523 0.005747755523771048 442
1585106528807 0.00602283701300621 443
1585106562151 0.005509043112397194 444
1585106595729 0.006037975195795298 445
1585106629253 0.006195713300257921 446
1585106662493 0.00543095450848341 447
1585106696107 0.0057793427258729935 448
1585106729160 0.005768256727606058 449
1585106762682 0.005572018213570118 450
1585106795808 0.005985812284052372 451
1585106828827 0.006083491258323193 452
1585106863264 0.005901750177145004 453
1585106896812 0.006834543310105801 454
1585106930134 0.006491699256002903 455
1585106963666 0.00612478656694293 456
1585106997692 0.005638487637042999 457
1585107031256 0.006214344408363104 458
1585107064436 0.005376393906772137 459
1585107097884 0.007662573829293251 460
1585107130811 0.005818442441523075 461
1585107163718 0.005423889495432377 462
1585107196901 0.00565280020236969 463
1585107230287 0.0059523805975914 464
1585107263291 0.005994662642478943 465
1585107296517 0.005809294059872627 466
1585107330653 0.006416152231395245 467
1585107363768 0.005508093163371086 468
1585107396965 0.0047691622748970985 469
1585107430225 0.0056513454765081406 470
1585107463282 0.006473463494330645 471
1585107496529 0.005962132476270199 472
1585107530197 0.0054754759185016155 473
1585107563529 0.005587861407548189 474
1585107596679 0.005620529875159264 475
1585107630155 0.005675040185451508 476
1585107663461 0.006151892244815826 477
1585107697097 0.006731322500854731 478
1585107731029 0.00538167217746377 479
1585107764467 0.00557024497538805 480
1585107798680 0.0059018824249506 481
1585107833010 0.005459198262542486 482
1585107866260 0.00500193377956748 483
1585107899984 0.005917917471379042 484
1585107933490 0.005454033613204956 485
1585107966568 0.0057225641794502735 486
1585107999776 0.005230749025940895 487
1585108032989 0.005514115560799837 488
1585108066303 0.005571604706346989 489
1585108099294 0.006074218545109034 490
1585108132211 0.006444915197789669 491
1585108165898 0.0060464004054665565 492
1585108199084 0.004880900029093027 493
1585108232151 0.006461613345891237 494
1585108265218 0.0052769421599805355 495
1585108298461 0.005973009392619133 496
1585108331974 0.006019124761223793 497
1585108364933 0.005782541818916798 498
1585108398126 0.0052245743572711945 499
1585108432652 0.0057659149169921875 500
1585108465587 0.006087248679250479 501
1585108498581 0.005909509025514126 502
1585108532970 0.005527299363166094 503
1585108566009 0.005669723264873028 504
1585108599313 0.005743964109569788 505
1585108633112 0.005206265952438116 506
1585108666132 0.0059811389073729515 507
1585108699517 0.005677772685885429 508
1585108732383 0.0058179134503006935 509
1585108765674 0.005059116519987583 510
1585108799367 0.005476596299558878 511
1585108833116 0.005505315028131008 512
1585108866258 0.005417422391474247 513
1585108899429 0.006024297326803207 514
1585108932386 0.004371705465018749 515
1585108965514 0.005310881417244673 516
1585108998809 0.005486435256898403 517
1585109032619 0.006017269566655159 518
1585109065791 0.006250451318919659 519
1585109099203 0.005455225706100464 520
1585109132504 0.005777786485850811 521
1585109165828 0.0051428815349936485 522
1585109198882 0.005547031760215759 523
1585109232355 0.005149279721081257 524
1585109265503 0.005775189958512783 525
1585109298469 0.00652372045442462 526
1585109333189 0.005623839795589447 527
1585109366452 0.0058840494602918625 528
1585109399365 0.006170373409986496 529
1585109432887 0.005929742008447647 530
1585109466018 0.005477217026054859 531
1585109499363 0.004879589192569256 532
1585109532519 0.005699544213712215 533
1585109565958 0.005097421817481518 534
1585109600124 0.0052055492997169495 535
1585109633334 0.005312439054250717 536
1585109666752 0.006293971091508865 537
1585109700261 0.005234397016465664 538
1585109733537 0.00538300909101963 539
1585109766586 0.005946462042629719 540
1585109800247 0.004520628601312637 541
1585109833349 0.005745151545852423 542
1585109866424 0.006065418478101492 543
1585109899722 0.004983396269381046 544
1585109933015 0.005863506346940994 545
1585109966196 0.005532695446163416 546
1585109999269 0.0051575712859630585 547
1585110032508 0.005788927897810936 548
1585110066495 0.004928169306367636 549
1585110099938 0.00541018508374691 550
1585110133279 0.005769522860646248 551
1585110166332 0.005794686730951071 552
1585110200414 0.005333263892680407 553
1585110233467 0.005199386738240719 554
1585110266584 0.005626961123198271 555
1585110299518 0.005620843730866909 556
1585110332581 0.00555104436352849 557
1585110365977 0.005181409418582916 558
1585110399085 0.006307053379714489 559
1585110432390 0.005409452132880688 560
1585110465352 0.005429130047559738 561
1585110498761 0.005134114064276218 562
1585110532215 0.005214245989918709 563
1585110565284 0.0058525060303509235 564
1585110598500 0.0064180763438344 565
1585110632037 0.0058947294019162655 566
1585110664912 0.007071532309055328 567
1585110697813 0.004777552559971809 568
1585110730900 0.005043612793087959 569
1585110764007 0.004830625373870134 570
1585110797405 0.006204215809702873 571
1585110831367 0.004990721121430397 572
1585110865143 0.005343425087630749 573
1585110898115 0.005367332603782415 574
1585110931410 0.005122203379869461 575
1585110964168 0.005301832687109709 576
1585110997387 0.005834918934851885 577
1585111030537 0.005680629052221775 578
1585111063422 0.0052082231268286705 579
1585111096714 0.004849823657423258 580
1585111130188 0.004686388652771711 581
1585111163286 0.00548626808449626 582
1585111196476 0.005222680512815714 583
1585111229697 0.005603816360235214 584
1585111263006 0.005386081058532 585
1585111295964 0.004992414265871048 586
1585111329032 0.005925421603024006 587
1585111362827 0.0053900498896837234 588
1585111395900 0.005587639287114143 589
1585111428744 0.005310554523020983 590
1585111462205 0.0056315334513783455 591
1585111495058 0.005132442340254784 592
1585111528833 0.005330161191523075 593
1585111562609 0.00528141763061285 594
1585111595873 0.004822018556296825 595
1585111629508 0.004710005596280098 596
1585111662647 0.005210071336477995 597
1585111695880 0.0048328968696296215 598
1585111729640 0.005138527601957321 599
1585111762799 0.005269259214401245 600
1585111796457 0.005342097487300634 601
1585111829975 0.005515099503099918 602
1585111863089 0.005294020287692547 603
1585111896781 0.004945066291838884 604
1585111930100 0.005830232985317707 605
1585111963349 0.005320840049535036 606
1585111996539 0.005479435436427593 607
1585112029884 0.005315784830600023 608
1585112064523 0.004636769648641348 609
1585112097974 0.005561756901443005 610
1585112131205 0.005284846760332584 611
1585112164494 0.005356003064662218 612
1585112198029 0.006176121532917023 613
1585112232094 0.005452082026749849 614
1585112265447 0.006212032865732908 615
1585112298955 0.005873805843293667 616
1585112332290 0.005541310645639896 617
1585112365777 0.006083892658352852 618
1585112399296 0.0051954397931694984 619
1585112432775 0.005624656565487385 620
1585112466336 0.005380459129810333 621
1585112500865 0.0060129230841994286 622
1585112535207 0.004479435738176107 623
1585112568752 0.005804619286209345 624
1585112604117 0.005481721833348274 625
1585112637938 0.005545920692384243 626
1585112671747 0.005137315951287746 627
1585112705873 0.005251558497548103 628
1585112739891 0.006069907918572426 629
1585112774306 0.004863368812948465 630
1585112807531 0.005449080839753151 631
1585112840919 0.005135586950927973 632
1585112874631 0.00510551780462265 633
1585112908814 0.005578169599175453 634
1585112942131 0.005435426719486713 635
1585112975445 0.005455693230032921 636
1585113008849 0.00554104195907712 637
1585113042478 0.005314045585691929 638
1585113075848 0.005201336927711964 639
1585113109289 0.005468706600368023 640
1585113142514 0.005538775119930506 641
1585113175896 0.005253536626696587 642
1585113209389 0.005599929951131344 643
1585113243741 0.005256824195384979 644
1585113278157 0.00539373978972435 645
1585113311381 0.004893757868558168 646
1585113344877 0.005211738403886557 647
1585113378283 0.005803053267300129 648
1585113412139 0.005631295032799244 649
1585113445370 0.004892820958048105 650
1585113478805 0.005831546150147915 651
1585113511883 0.005787658505141735 652
1585113545200 0.005490595940500498 653
1585113579193 0.005321068689227104 654
1585113613047 0.004830389283597469 655
1585113647035 0.00578991137444973 656
1585113681407 0.005316371098160744 657
1585113715111 0.005370715633034706 658
1585113748494 0.005098599940538406 659
1585113782351 0.004754774738103151 660
1585113816082 0.00489322654902935 661
1585113849660 0.00501791900023818 662
1585113883426 0.005311137996613979 663
1585113916900 0.005449880380183458 664
1585113951610 0.005358504597097635 665
1585113985673 0.00520162982866168 666
1585114021416 0.005193131510168314 667
1585114055712 0.004746962338685989 668
1585114090224 0.004925880581140518 669
1585114123545 0.005275554955005646 670
1585114157073 0.0052832914516329765 671
1585114190822 0.004870349075645208 672
1585114224371 0.005298273172229528 673
1585114258035 0.005295280367136002 674
1585114291255 0.005305159837007523 675
1585114324952 0.0050949580036103725 676
1585114358455 0.005108820740133524 677
1585114391669 0.005628312937915325 678
1585114424816 0.005374740809202194 679
1585114459145 0.0047883144579827785 680
1585114492651 0.004517830908298492 681
1585114526065 0.004957640077918768 682
1585114559475 0.005625601392239332 683
1585114593314 0.005548393353819847 684
1585114626583 0.005445387214422226 685
1585114660663 0.005032755434513092 686
1585114694222 0.005060875788331032 687
1585114727789 0.005295338574796915 688
1585114762334 0.005628637038171291 689
1585114796536 0.005780511070042849 690
1585114830339 0.005483854096382856 691
1585114863904 0.005294813308864832 692
1585114897166 0.005279704928398132 693
1585114930379 0.004363871179521084 694
1585114964106 0.005628819111734629 695
1585114997782 0.005388431251049042 696
1585115030998 0.0053404029458761215 697
1585115064698 0.005463231820613146 698
1585115098068 0.005117157474160194 699
1585115132441 0.005376804620027542 700
1585115165957 0.0050847590900957584 701
1585115200206 0.005772048607468605 702
1585115233610 0.004554301500320435 703
1585115269512 0.004932068288326263 704
1585115303353 0.0052439081482589245 705
1585115337581 0.004400790669023991 706
1585115371123 0.005013689398765564 707
1585115404427 0.0050513045862317085 708
1585115438780 0.0050629060715436935 709
1585115472351 0.005204092711210251 710
1585115506091 0.004297805018723011 711
1585115539605 0.0046951379626989365 712
1585115573286 0.005095065105706453 713
1585115606986 0.005626859609037638 714
1585115640470 0.004891355987638235 715
1585115673749 0.004299537278711796 716
1585115707183 0.004962582606822252 717
1585115740244 0.005122185219079256 718
1585115773309 0.0040220171213150024 719
1585115806772 0.005774379707872868 720
1585115840197 0.005359260365366936 721
1585115873756 0.0050439294427633286 722
1585115907790 0.005409255623817444 723
1585115941256 0.005391936283558607 724
1585115975498 0.0040511637926101685 725
1585116009727 0.004794429987668991 726
1585116043296 0.005136523861438036 727
1585116076573 0.004775809124112129 728
1585116110280 0.005373428575694561 729
1585116143799 0.0051004597917199135 730
1585116177356 0.0053340354934334755 731
1585116210986 0.005055402405560017 732
1585116244415 0.00496887369081378 733
1585116279196 0.005522485822439194 734
1585116312756 0.005900299176573753 735
1585116347548 0.005071434658020735 736
1585116380919 0.005257872864603996 737
1585116414404 0.004772711079567671 738
1585116448523 0.0053079077042639256 739
1585116483167 0.005216273013502359 740
1585116517047 0.0049917856231331825 741
1585116550680 0.005393815226852894 742
1585116584321 0.005407326854765415 743
1585116617521 0.005436723120510578 744
1585116651883 0.005512750707566738 745
1585116685255 0.005754983983933926 746
1585116719757 0.004760779440402985 747
1585116753343 0.004834942519664764 748
1585116786861 0.005170903168618679 749
1585116821662 0.004736990202218294 750
1585116855389 0.00499891210347414 751
1585116888938 0.005092214327305555 752
1585116922560 0.005440598353743553 753
1585116955816 0.004305177368223667 754
1585116988888 0.0054906015284359455 755
1585117022240 0.004438255913555622 756
1585117056165 0.004754756577312946 757
1585117089635 0.005248913541436195 758
1585117123458 0.005040316376835108 759
1585117158094 0.005124997813254595 760
1585117192770 0.00477597676217556 761
1585117225964 0.005373429972678423 762
1585117259685 0.004816997330635786 763
1585117293120 0.0047903205268085 764
1585117326568 0.004494806751608849 765
1585117359844 0.004611761774867773 766
1585117393786 0.005174316465854645 767
1585117426970 0.005075443536043167 768
1585117460424 0.00528611708432436 769
1585117493489 0.005221839994192123 770
1585117527015 0.005074779503047466 771
1585117560157 0.005167628638446331 772
1585117594095 0.004236270673573017 773
1585117627732 0.0048286085948348045 774
1585117661102 0.005061090923845768 775
1585117695370 0.004385734908282757 776
1585117728585 0.005236145108938217 777
1585117761805 0.0051206909120082855 778
1585117795265 0.005289657972753048 779
1585117828840 0.004691438749432564 780
1585117862128 0.005212089046835899 781
1585117895726 0.004758310504257679 782
1585117928854 0.00481717474758625 783
1585117963375 0.004505328834056854 784
1585117996660 0.004696451127529144 785
1585118030864 0.005231428891420364 786
1585118064643 0.005246688611805439 787
1585118098843 0.00505132507532835 788
1585118132406 0.0048688966780900955 789
1585118167347 0.004859201610088348 790
1585118200543 0.00489882891997695 791
1585118234118 0.00435889046639204 792
1585118267690 0.005338122136890888 793
1585118301320 0.0052276900969445705 794
1585118334699 0.005055037327110767 795
1585118368151 0.00467480905354023 796
1585118401756 0.00420780573040247 797
1585118435078 0.0043584443628787994 798
1585118468676 0.004482469987124205 799
1585118501882 0.005277829244732857 800
1585118535863 0.004671152681112289 801
1585118569559 0.006357694044709206 802
1585118602817 0.004605083726346493 803
1585118636265 0.005379723384976387 804
1585118669925 0.004903656430542469 805
1585118703398 0.004067599773406982 806
1585118736964 0.005463415756821632 807
1585118770905 0.005069035105407238 808
1585118804057 0.004852402023971081 809
1585118837917 0.004774009808897972 810
1585118871242 0.0048736510798335075 811
1585118905088 0.005148944444954395 812
1585118938497 0.004954276140779257 813
1585118971951 0.005363930948078632 814
1585119006352 0.004701506346464157 815
1585119039542 0.004899789113551378 816
1585119072876 0.004745470359921455 817
1585119106827 0.0051406314596533775 818
1585119140062 0.004104618914425373 819
1585119173348 0.005663260817527771 820
1585119207206 0.004913771525025368 821
1585119241525 0.0051258886232972145 822
1585119275692 0.004743865691125393 823
1585119309957 0.0049271415919065475 824
1585119343320 0.004728457424789667 825
1585119376547 0.004919219762086868 826
1585119409848 0.004942155443131924 827
1585119443489 0.005120192654430866 828
1585119477055 0.004810124635696411 829
1585119510375 0.004492762498557568 830
1585119543518 0.00458151288330555 831
1585119576767 0.005376375280320644 832
1585119610107 0.005279382690787315 833
1585119643870 0.0047898320481181145 834
1585119677357 0.00483262725174427 835
1585119712276 0.004969601519405842 836
1585119746361 0.005274301394820213 837
1585119780250 0.0048467861488461494 838
1585119814079 0.004385295324027538 839
1585119847407 0.005077715963125229 840
1585119881202 0.004801051691174507 841
1585119915294 0.004459682386368513 842
1585119948588 0.0050616757944226265 843
1585119982030 0.004769636783748865 844
1585120015486 0.004705171100795269 845
1585120048724 0.005250516347587109 846
1585120081955 0.005435681901872158 847
1585120115314 0.005189309827983379 848
1585120149365 0.004808293655514717 849
1585120183307 0.00503286998718977 850
1585120216569 0.004593672696501017 851
1585120249999 0.004688718356192112 852
1585120283589 0.0047705997712910175 853
1585120317279 0.004468230996280909 854
1585120350965 0.004778658039867878 855
1585120384351 0.004875331185758114 856
1585120417868 0.004182212520390749 857
1585120451174 0.004508504178375006 858
1585120485134 0.00492743868380785 859
1585120518637 0.0048705413937568665 860
1585120552037 0.004826693329960108 861
1585120585632 0.005312667228281498 862
1585120619175 0.004753563553094864 863
1585120653032 0.004813319072127342 864
1585120686695 0.004324482753872871 865
1585120720191 0.004432268440723419 866
1585120753779 0.005217903293669224 867
1585120787511 0.004877801053225994 868
1585120820726 0.0038713521789759398 869
1585120854668 0.005030703730881214 870
1585120887868 0.0052937353029847145 871
1585120921262 0.004587202798575163 872
1585120954737 0.004569585435092449 873
1585120988955 0.005125036463141441 874
1585121022432 0.004084349609911442 875
1585121056577 0.004700526595115662 876
1585121090014 0.004503128118813038 877
1585121123530 0.004920800682157278 878
1585121157276 0.004511531908065081 879
1585121193216 0.004339015111327171 880
1585121226624 0.004722309298813343 881
1585121260351 0.004874631762504578 882
1585121294332 0.004966827109456062 883
1585121327913 0.004316036589443684 884
1585121361039 0.004604866728186607 885
1585121394480 0.004882349167019129 886
1585121428179 0.004534830804914236 887
1585121461729 0.0042010219767689705 888
1585121495474 0.004736279137432575 889
1585121529675 0.004324645269662142 890
1585121562840 0.004901587497442961 891
1585121596154 0.004836264066398144 892
1585121629411 0.004789512604475021 893
1585121662908 0.006233498454093933 894
1585121696530 0.0048439293168485165 895
1585121730000 0.004585073329508305 896
1585121763309 0.004530663602054119 897
1585121798540 0.0044985064305365086 898
1585121832026 0.004731396678835154 899
1585121865891 0.0054041799157857895 900
1585121899944 0.004451857879757881 901
1585121933359 0.004822407849133015 902
1585121967570 0.004809977952390909 903
1585122002031 0.005005385726690292 904
1585122035835 0.004269692115485668 905
1585122069279 0.00471308222040534 906
1585122102673 0.004843517206609249 907
1585122136193 0.0036625720094889402 908
1585122169657 0.004551329649984837 909
1585122203522 0.004340614192187786 910
1585122236679 0.005034519825130701 911
1585122270231 0.005210905335843563 912
1585122303811 0.004695568233728409 913
1585122337170 0.00481236819177866 914
1585122370592 0.00465754559263587 915
1585122403975 0.00470801442861557 916
1585122437326 0.004563171416521072 917
1585122470985 0.005123980343341827 918
1585122504211 0.005172159522771835 919
1585122537927 0.0047501628287136555 920
1585122571622 0.004727951250970364 921
1585122605621 0.004301656503230333 922
1585122638880 0.0045022256672382355 923
1585122672646 0.004835016094148159 924
1585122706045 0.0050310250371694565 925
1585122739256 0.005000510718673468 926
1585122772653 0.004410277586430311 927
1585122805863 0.004389018751680851 928
1585122839133 0.0049468399956822395 929
1585122872388 0.004713030532002449 930
1585122906134 0.004720587283372879 931
1585122939464 0.00437580794095993 932
1585122973533 0.004360881168395281 933
1585123007528 0.004196529276669025 934
1585123041214 0.004564785398542881 935
1585123074451 0.004868564195930958 936
1585123108815 0.004568189848214388 937
1585123142903 0.005281426943838596 938
1585123176116 0.0043805488385260105 939
1585123209603 0.004426299594342709 940
1585123243093 0.004582099616527557 941
1585123277180 0.004756091628223658 942
1585123310406 0.004101215396076441 943
1585123344448 0.004213161300867796 944
1585123377712 0.004504493437707424 945
1585123411391 0.005031818524003029 946
1585123444798 0.004828376695513725 947
1585123478888 0.004452999215573072 948
1585123512234 0.004998862277716398 949
1585123545726 0.0037926258519291878 950
1585123579710 0.0047998251393437386 951
1585123613420 0.004380299709737301 952
1585123647430 0.005025459453463554 953
1585123682032 0.005036916118115187 954
1585123715372 0.004679527599364519 955
1585123749458 0.005338885355740786 956
1585123783869 0.005057531408965588 957
1585123817300 0.0038468316197395325 958
1585123850707 0.004530103411525488 959
1585123884664 0.004504636861383915 960
1585123918148 0.004545657895505428 961
1585123952050 0.004286359529942274 962
1585123985294 0.004472300410270691 963
1585124019818 0.004455006681382656 964
1585124053971 0.004414128605276346 965
1585124087497 0.0040962910279631615 966
1585124120895 0.004498934838920832 967
1585124154266 0.004592902958393097 968
1585124187490 0.004393492825329304 969
1585124220796 0.0044307466596364975 970
1585124255656 0.004504705313593149 971
1585124289196 0.0045583657920360565 972
1585124323189 0.005221156403422356 973
1585124356359 0.004630567971616983 974
1585124389755 0.004274892620742321 975
1585124422876 0.004384899511933327 976
1585124456206 0.004113694652915001 977
1585124488949 0.004766667261719704 978
1585124521556 0.004679193254560232 979
1585124553746 0.0040867384523153305 980
1585124586056 0.004569675773382187 981
1585124618731 0.004380306228995323 982
1585124650961 0.004377152770757675 983
1585124683453 0.00484548881649971 984
1585124715798 0.004712296649813652 985
1585124748147 0.0046362681314349174 986
1585124780708 0.004274357575923204 987
1585124815407 0.004529191181063652 988
1585124847937 0.00438570324331522 989
1585124880333 0.004149413667619228 990
1585124913035 0.004183745477348566 991
1585124945371 0.004740123637020588 992
1585124977890 0.00459554186090827 993
1585125011373 0.004893805831670761 994
1585125043855 0.004294725134968758 995
1585125076495 0.004253989085555077 996
1585125109355 0.004398060496896505 997
1585125142073 0.00447429483756423 998
1585125174749 0.004345022141933441 999
1585125207377 0.004669155925512314 1000
1585125240012 0.0045065246522426605 1001
1585125272515 0.004334465600550175 1002
1585125305191 0.004425848834216595 1003
1585125337663 0.0050629135221242905 1004
1585125369993 0.004737487994134426 1005
1585125402373 0.00453397398814559 1006
1585125435121 0.004002223256975412 1007
1585125467622 0.0041321380995213985 1008
1585125500380 0.004989183507859707 1009
1585125533008 0.005001918878406286 1010
1585125565591 0.00470459321513772 1011
1585125597991 0.004790112841874361 1012
1585125630814 0.004048967268317938 1013
1585125663832 0.00442575803026557 1014
1585125696500 0.003950892947614193 1015
1585125728944 0.004567441530525684 1016
1585125761638 0.004077232908457518 1017
1585125794346 0.005247084889560938 1018
1585125826822 0.004523740615695715 1019
1585125859004 0.00466358195990324 1020
1585125891763 0.004259583540260792 1021
1585125924530 0.004340247251093388 1022
1585125958218 0.0047173891216516495 1023
1585125990494 0.004490402992814779 1024
1585126022864 0.004502034746110439 1025
1585126055635 0.0048351953737437725 1026
1585126088172 0.005028188228607178 1027
1585126120613 0.004967419430613518 1028
1585126153124 0.004740329924970865 1029
1585126186312 0.004956393502652645 1030
1585126218799 0.004225455690175295 1031
1585126251438 0.004475951194763184 1032
1585126284080 0.004626747686415911 1033
1585126316619 0.004512282088398933 1034
1585126349129 0.004453570116311312 1035
1585126382198 0.0045313346199691296 1036
1585126414691 0.004587722010910511 1037
1585126448305 0.0038378932513296604 1038
1585126480542 0.004721282050013542 1039
1585126513431 0.004857070744037628 1040
1585126546072 0.005044526886194944 1041
1585126578866 0.004902496933937073 1042
1585126611448 0.004987930878996849 1043
1585126643934 0.004739643540233374 1044
1585126676981 0.004103613086044788 1045
1585126709604 0.004374463111162186 1046
1585126742403 0.004244393203407526 1047
1585126775236 0.004749058745801449 1048
1585126808022 0.004187814425677061 1049
1585126840565 0.004696022719144821 1050
1585126874084 0.004679129458963871 1051
1585126906597 0.004500519949942827 1052
1585126939372 0.004173531197011471 1053
1585126972095 0.00448612030595541 1054
1585127005082 0.004451876040548086 1055
1585127037559 0.004229145590215921 1056
1585127070347 0.004567716270685196 1057
1585127103129 0.004742121323943138 1058
1585127135776 0.00498175760731101 1059
1585127168594 0.0044531431049108505 1060
1585127202040 0.0039059710688889027 1061
1585127234391 0.004492518492043018 1062
1585127266437 0.005039854906499386 1063
1585127298908 0.004481513984501362 1064
1585127331395 0.004719206597656012 1065
1585127364033 0.004557473119348288 1066
1585127396555 0.004350429400801659 1067
1585127428958 0.00436831871047616 1068
1585127461565 0.004168235696852207 1069
1585127494084 0.0038333728443831205 1070
1585127526658 0.004297279287129641 1071
1585127559870 0.004153612069785595 1072
1585127592519 0.004243264906108379 1073
1585127625002 0.004392286762595177 1074
1585127657459 0.003966733813285828 1075
1585127690032 0.004859809763729572 1076
1585127722594 0.0042123650200665 1077
1585127755237 0.004251721315085888 1078
1585127787623 0.004311810247600079 1079
1585127819849 0.00483302678912878 1080
1585127852482 0.0045174467377364635 1081
1585127885149 0.004653806798160076 1082
1585127918183 0.004236482549458742 1083
1585127951093 0.00440017506480217 1084
1585127983725 0.004908867180347443 1085
1585128016233 0.004254248924553394 1086
1585128048723 0.0046572210267186165 1087
1585128081366 0.004218943417072296 1088
1585128113715 0.004045919515192509 1089
1585128146260 0.004228535108268261 1090
1585128179012 0.004110267851501703 1091
1585128211715 0.004484361968934536 1092
1585128247304 0.004761859774589539 1093
1585128279653 0.0042936597019433975 1094
1585128311978 0.004758194554597139 1095
1585128344743 0.004605040419846773 1096
1585128377322 0.004425819963216782 1097
1585128409909 0.004456947557628155 1098
1585128442701 0.004809918347746134 1099
1585128474997 0.004028738476336002 1100
1585128507624 0.00412328727543354 1101
1585128540787 0.004296915605664253 1102
1585128573523 0.0047838096506893635 1103
1585128606690 0.0039023319259285927 1104
1585128639133 0.004796968307346106 1105
1585128671574 0.0035217416007071733 1106
1585128703834 0.004828971344977617 1107
1585128736511 0.004434285685420036 1108
1585128769037 0.004407096188515425 1109
1585128802057 0.004122509155422449 1110
1585128834429 0.004111104644834995 1111
1585128866703 0.0039896792732179165 1112
1585128899237 0.004351033829152584 1113
1585128931843 0.004369862377643585 1114
1585128964501 0.004548991098999977 1115
1585128998176 0.004472198896110058 1116
1585129031325 0.0040480163879692554 1117
1585129064201 0.0035418677143752575 1118
1585129096852 0.004021097905933857 1119
1585129129728 0.004496235400438309 1120
1585129162388 0.004107775166630745 1121
1585129194889 0.004644515458494425 1122
1585129227616 0.004747181199491024 1123
1585129260196 0.004537238739430904 1124
1585129292627 0.0044301156885921955 1125
1585129325178 0.004955603741109371 1126
1585129357723 0.004362714476883411 1127
1585129390522 0.003917418420314789 1128
1585129422813 0.004281934816390276 1129
1585129455255 0.0042311083525419235 1130
1585129487816 0.00445730471983552 1131
1585129520233 0.003811917267739773 1132
1585129552486 0.004438331350684166 1133
1585129584975 0.004340809304267168 1134
1585129617488 0.003959665074944496 1135
1585129650181 0.004502519499510527 1136
1585129682691 0.004151196219027042 1137
1585129715303 0.004081184510141611 1138
1585129748236 0.0045414874330163 1139
1585129781093 0.0040985289961099625 1140
1585129813362 0.004571246914565563 1141
1585129846111 0.004115789197385311 1142
1585129878778 0.00419080164283514 1143
1585129911488 0.004520590417087078 1144
1585129944522 0.0038851508870720863 1145
1585129977555 0.0041427575051784515 1146
1585130009841 0.004373040050268173 1147
1585130042753 0.004069828893989325 1148
1585130075557 0.0042153000831604 1149
1585130107805 0.003962621092796326 1150
1585130140184 0.004292694386094809 1151
1585130172803 0.004565035924315453 1152
1585130205116 0.004453177563846111 1153
1585130237735 0.0043767159804701805 1154
1585130271411 0.004812211263924837 1155
1585130303838 0.0044030374847352505 1156
1585130336271 0.004258143715560436 1157
1585130368632 0.00426808837801218 1158
1585130401273 0.004710697568953037 1159
1585130433836 0.0044897147454321384 1160
1585130466708 0.004553309641778469 1161
1585130499448 0.0042696306481957436 1162
1585130532015 0.004487383179366589 1163
1585130564495 0.004100506659597158 1164
1585130596857 0.004106724169105291 1165
1585130629335 0.004395508207380772 1166
1585130662215 0.004440720193088055 1167
1585130694691 0.004379749298095703 1168
1585130727381 0.004241045564413071 1169
1585130760665 0.004638315178453922 1170
1585130793495 0.004307066556066275 1171
1585130826958 0.0044304849579930305 1172
1585130859684 0.004793996922671795 1173
1585130892451 0.004305139649659395 1174
1585130925125 0.0041116755455732346 1175
1585130957931 0.0044299098663032055 1176
1585130990465 0.004247727338224649 1177
1585131022836 0.0038930962327867746 1178
1585131055404 0.0038713798858225346 1179
1585131087910 0.0043142205104231834 1180
1585131120837 0.004606734961271286 1181
1585131153340 0.004099253099411726 1182
1585131185904 0.0037081921473145485 1183
1585131218388 0.004086241591721773 1184
1585131250909 0.0045790039002895355 1185
1585131283741 0.004361662082374096 1186
1585131316074 0.004289575852453709 1187
1585131348701 0.004160649608820677 1188
1585131381290 0.004053137265145779 1189
1585131413676 0.0039522768929600716 1190
1585131446256 0.004538287408649921 1191
1585131478659 0.004207608290016651 1192
1585131511240 0.00396042549982667 1193
1585131544045 0.004541138652712107 1194
1585131576446 0.006130010820925236 1195
1585131609253 0.004698269534856081 1196
1585131642042 0.0043146638199687 1197
1585131674361 0.003951690625399351 1198
1585131706957 0.004136229399591684 1199
1585131739583 0.003774442709982395 1200
1585131772379 0.004057278856635094 1201
1585131804981 0.004758628085255623 1202
1585131837566 0.004107696004211903 1203
1585131870497 0.004380867816507816 1204
1585131902465 0.004264187999069691 1205
1585131935031 0.004267954733222723 1206
1585131968259 0.004106324166059494 1207
1585132000489 0.004416593350470066 1208
1585132033197 0.004586764145642519 1209
1585132065719 0.003826828906312585 1210
1585132098218 0.004286712501198053 1211
1585132131017 0.0039988914504647255 1212
1585132164234 0.0038823995273560286 1213
1585132196710 0.004287185613065958 1214
1585132229089 0.004089233465492725 1215
1585132261688 0.004302600864320993 1216
1585132294039 0.004230557940900326 1217
1585132326789 0.00391341932117939 1218
1585132359477 0.004484441597014666 1219
1585132392004 0.003900849958881736 1220
1585132424590 0.0043752556666731834 1221
1585132458902 0.004125915467739105 1222
1585132491509 0.004219457041472197 1223
1585132524230 0.0041808802634477615 1224
1585132557389 0.0044718170538544655 1225
1585132590085 0.0037267995066940784 1226
1585132622560 0.004231961909681559 1227
1585132655320 0.0042070611380040646 1228
1585132687875 0.0047203293070197105 1229
1585132720321 0.004662323743104935 1230
1585132752825 0.004434590227901936 1231
1585132786253 0.004311497323215008 1232
1585132819027 0.003855806775391102 1233
1585132851659 0.004208127968013287 1234
1585132884397 0.0038665994070470333 1235
1585132916985 0.004320160485804081 1236
1585132949792 0.0039131417870521545 1237
1585132982373 0.004839078523218632 1238
1585133014843 0.004187045153230429 1239
1585133047461 0.004037357866764069 1240
1585133080029 0.0038869744166731834 1241
1585133112818 0.003967225551605225 1242
1585133145365 0.004362955689430237 1243
1585133178017 0.004641625098884106 1244
1585133210674 0.0037868970539420843 1245
1585133243412 0.004165549762547016 1246
1585133276177 0.004650562070310116 1247
1585133308884 0.003132086480036378 1248
1585133341472 0.004679109435528517 1249
1585133374246 0.004398022778332233 1250
1585133406953 0.004519681446254253 1251
1585133439527 0.00398850254714489 1252
1585133471609 0.004115366842597723 1253
1585133504260 0.004308522678911686 1254
1585133536430 0.003731014672666788 1255
1585133569345 0.004132195375859737 1256
1585133602363 0.0040359278209507465 1257
1585133634941 0.0042138961143791676 1258
1585133667473 0.003974493592977524 1259
1585133700052 0.004362185951322317 1260
1585133732936 0.004254862666130066 1261
1585133765569 0.003979862667620182 1262
1585133798073 0.0038808868266642094 1263
1585133830711 0.0036388561129570007 1264
1585133864145 0.004192019812762737 1265
1585133897860 0.004226732067763805 1266
1585133930662 0.003461212618276477 1267
1585133963415 0.004090493079274893 1268
1585133996109 0.004113995004445314 1269
1585134029996 0.003958187997341156 1270
1585134062637 0.004168304149061441 1271
1585134095181 0.0042761219665408134 1272
1585134128251 0.00428877305239439 1273
1585134160997 0.0036522014997899532 1274
1585134194745 0.0041147139854729176 1275
1585134227240 0.004046819172799587 1276
1585134260959 0.004261540248990059 1277
1585134294226 0.003374973777681589 1278
1585134326859 0.004496687091886997 1279
1585134359609 0.003686436451971531 1280
1585134393255 0.004372748546302319 1281
1585134425646 0.0035584690049290657 1282
1585134458211 0.004650317132472992 1283
1585134490739 0.003888038918375969 1284
1585134523432 0.004359285347163677 1285
1585134555882 0.0043096402660012245 1286
1585134588461 0.004305101931095123 1287
1585134621145 0.004039468243718147 1288
1585134653292 0.0042465305887162685 1289
1585134685978 0.004272176884114742 1290
1585134718677 0.0038464469835162163 1291
1585134751324 0.004144846461713314 1292
1585134783931 0.004033141303807497 1293
1585134817006 0.004187782295048237 1294
1585134849582 0.0036328027490526438 1295
1585134882067 0.003836499061435461 1296
1585134914788 0.004226189572364092 1297
1585134947504 0.004234788008034229 1298
1585134980312 0.004374861251562834 1299
1585135013364 0.004125026986002922 1300
1585135046617 0.004094292875379324 1301
1585135079333 0.004481924697756767 1302
1585135113091 0.00425830390304327 1303
1585135145635 0.004048601258546114 1304
1585135178221 0.00401857728138566 1305
1585135211046 0.004453178495168686 1306
1585135243786 0.004310872405767441 1307
1585135276432 0.0038224663585424423 1308
1585135309088 0.003896110923960805 1309
1585135341676 0.0044413283467292786 1310
1585135374535 0.0041401623748242855 1311
1585135407768 0.003953474573791027 1312
1585135440451 0.003316577523946762 1313
1585135473124 0.0038165522273629904 1314
1585135505884 0.004259109031409025 1315
1585135538438 0.0041873641312122345 1316
1585135571021 0.004570476710796356 1317
1585135603314 0.004007418639957905 1318
1585135636393 0.0038148495368659496 1319
1585135669384 0.00392831489443779 1320
1585135702624 0.0035638888366520405 1321
1585135735576 0.004111161455512047 1322
1585135768337 0.003827002365142107 1323
1585135801147 0.004233807325363159 1324
1585135834938 0.004133120179176331 1325
1585135867770 0.0041841771453619 1326
1585135900557 0.0041019972413778305 1327
1585135933123 0.003997538238763809 1328
1585135965629 0.0038855255115777254 1329
1585135998168 0.00452529639005661 1330
1585136030599 0.0041944971308112144 1331
1585136062956 0.0040737478993833065 1332
1585136096117 0.00458783283829689 1333
1585136128793 0.004514647182077169 1334
1585136161424 0.003831701586022973 1335
1585136194016 0.003672447521239519 1336
1585136226655 0.003948017489165068 1337
1585136259583 0.0038468632847070694 1338
1585136292473 0.004462108481675386 1339
1585136324987 0.004278137348592281 1340
1585136358409 0.004238226916640997 1341
1585136390734 0.004361890256404877 1342
1585136424223 0.004306059330701828 1343
1585136457040 0.003967685159295797 1344
1585136489890 0.004256011918187141 1345
1585136522725 0.004306493792682886 1346
1585136555658 0.004251517355442047 1347
1585136588377 0.004172232933342457 1348
1585136620996 0.003629953134804964 1349
1585136653656 0.0039399792440235615 1350
1585136686236 0.0036342665553092957 1351
1585136718956 0.003857958596199751 1352
1585136751412 0.004227670840919018 1353
1585136784307 0.00369849125854671 1354
1585136816940 0.003991161473095417 1355
1585136849772 0.003734712488949299 1356
1585136882241 0.004243719857186079 1357
1585136914680 0.003652783576399088 1358
1585136947402 0.004046424757689238 1359
1585136980551 0.004027345217764378 1360
1585137013264 0.0039709871634840965 1361
1585137045771 0.004367106128484011 1362
1585137078429 0.0041123018600046635 1363
1585137111318 0.004059925675392151 1364
1585137144205 0.003941205330193043 1365
1585137177117 0.00426629651337862 1366
1585137209527 0.003918365575373173 1367
1585137241999 0.0038077656645327806 1368
1585137274518 0.00438460148870945 1369
1585137306973 0.00408282782882452 1370
1585137339557 0.0036578532308340073 1371
1585137372310 0.004314044490456581 1372
1585137405131 0.004290726035833359 1373
1585137437884 0.0034395286347717047 1374
1585137470502 0.004149388521909714 1375
1585137502929 0.0041362810879945755 1376
1585137535603 0.003864874830469489 1377
1585137568327 0.003875458613038063 1378
1585137601411 0.004457441624253988 1379
1585137633994 0.003924411255866289 1380
1585137666693 0.003981141373515129 1381
1585137699543 0.004290368873625994 1382
1585137732493 0.003828872460871935 1383
1585137765050 0.004401106387376785 1384
1585137797533 0.004039791878312826 1385
1585137830176 0.003979365807026625 1386
1585137862745 0.0038501028902828693 1387
1585137895898 0.0038346799556165934 1388
1585137928537 0.003965454176068306 1389
1585137961340 0.003992765676230192 1390
1585137993976 0.003957828506827354 1391
1585138027044 0.004193824715912342 1392
1585138059793 0.004209803882986307 1393
1585138092219 0.004478234797716141 1394
1585138124958 0.003887852653861046 1395
1585138157645 0.0041854651644825935 1396
1585138190422 0.004370478913187981 1397
1585138223140 0.003961457405239344 1398
1585138255832 0.00403138343244791 1399
1585138288401 0.003992793150246143 1400
1585138321093 0.004028161056339741 1401
1585138354125 0.003643643343821168 1402
1585138386696 0.004028828348964453 1403
1585138420553 0.004218602553009987 1404
1585138453171 0.003978234715759754 1405
1585138485742 0.004103685729205608 1406
1585138518332 0.0037861731834709644 1407
1585138551113 0.003941593691706657 1408
1585138583841 0.00409016152843833 1409
1585138616562 0.004122748505324125 1410
1585138648979 0.004133404698222876 1411
1585138681783 0.004026398528367281 1412
1585138714265 0.004245624877512455 1413
1585138746623 0.004426339641213417 1414
1585138779672 0.0032939263619482517 1415
1585138812143 0.004214615561068058 1416
1585138844556 0.003910798579454422 1417
1585138877285 0.004279798362404108 1418
1585138910411 0.0036295028403401375 1419
1585138943183 0.004291625693440437 1420
1585138975808 0.003817994147539139 1421
1585139008269 0.00405634380877018 1422
1585139040956 0.004064734559506178 1423
1585139073526 0.003765418194234371 1424
1585139106141 0.004112444818019867 1425
1585139138692 0.004297539126127958 1426
1585139171721 0.003606964834034443 1427
1585139204492 0.003913737367838621 1428
1585139236842 0.003562556579709053 1429
1585139269692 0.0040239267982542515 1430
1585139302744 0.003528662957251072 1431
1585139335447 0.00408058101311326 1432
1585139368239 0.0037024193443357944 1433
1585139400867 0.0038749794475734234 1434
1585139434514 0.003804855514317751 1435
1585139467059 0.004024444613605738 1436
1585139499486 0.004082850646227598 1437
1585139532269 0.00334802339784801 1438
1585139564968 0.00404027896001935 1439
1585139597605 0.004174491390585899 1440
1585139630133 0.0037692461628466845 1441
1585139662739 0.004205341450870037 1442
1585139695864 0.004136859439313412 1443
1585139728504 0.003970419988036156 1444
1585139761094 0.0036944225430488586 1445
1585139793480 0.0033521358855068684 1446
1585139826357 0.003838171949610114 1447
1585139859084 0.003861222416162491 1448
1585139891755 0.003685738891363144 1449
1585139924248 0.0039059061091393232 1450
1585139956806 0.0038218325935304165 1451
1585139989351 0.003925990778952837 1452
1585140022319 0.003574523376300931 1453
1585140054952 0.004148944281041622 1454
1585140087677 0.004173937253654003 1455
1585140120551 0.003471065778285265 1456
1585140154447 0.0037586819380521774 1457
1585140187023 0.0035619158297777176 1458
1585140219407 0.0037173961754888296 1459
1585140251920 0.003686977783218026 1460
1585140284841 0.003942929208278656 1461
1585140317426 0.003266306361183524 1462
1585140350105 0.004033970646560192 1463
1585140383041 0.004311444237828255 1464
1585140415649 0.003908844199031591 1465
1585140448105 0.003588265273720026 1466
1585140480533 0.004049436189234257 1467
1585140513287 0.004246932454407215 1468
1585140545695 0.0040794964879751205 1469
1585140578480 0.004330509342253208 1470
1585140610906 0.0037114210426807404 1471
1585140643251 0.003886967431753874 1472
1585140677098 0.0038665379397571087 1473
1585140709864 0.003725769929587841 1474
1585140742827 0.0036887323949486017 1475
1585140775375 0.0037869715597480536 1476
1585140807806 0.003843293059617281 1477
1585140843863 0.004308539442718029 1478
1585140876699 0.004049839451909065 1479
1585140909100 0.0038073970936238766 1480
1585140941845 0.003569380845874548 1481
1585140974475 0.003871382214128971 1482
1585141007205 0.00393048208206892 1483
1585141039720 0.0037720459513366222 1484
1585141072384 0.004449035041034222 1485
1585141105624 0.003984666429460049 1486
1585141140111 0.0036749006249010563 1487
1585141173122 0.003923533018678427 1488
1585141205791 0.003874965012073517 1489
1585141238664 0.0038969058077782393 1490
1585141271292 0.003578017232939601 1491
1585141303951 0.003932079300284386 1492
1585141336402 0.004099358804523945 1493
1585141369078 0.0041015781462192535 1494
1585141401844 0.00446455180644989 1495
1585141434313 0.0040958961471915245 1496
1585141466777 0.0033112424425780773 1497
1585141499323 0.003686531214043498 1498
1585141531988 0.00363303255289793 1499
1585141564411 0.004029868636280298 1500
