1585091776174 0.30811119079589844 0
1585091809589 0.4400889277458191 1
1585091842773 0.6125553846359253 2
1585091876264 0.6753479242324829 3
1585091909266 0.67976313829422 4
1585091942396 0.6763565540313721 5
1585091975624 0.67746502161026 6
1585092008874 0.6831059455871582 7
1585092041971 0.6787254810333252 8
1585092074779 0.6789222955703735 9
1585092107786 0.6816486120223999 10
1585092140986 0.6781189441680908 11
1585092174492 0.6922174692153931 12
1585092207781 0.7085525989532471 13
1585092241147 0.7557567358016968 14
1585092274498 0.7917603254318237 15
1585092308283 0.8136444687843323 16
1585092341449 0.8254713416099548 17
1585092374707 0.8358144164085388 18
1585092408120 0.8441662788391113 19
1585092441498 0.8399287462234497 20
1585092474865 0.8405157327651978 21
1585092508073 0.8334925174713135 22
1585092541082 0.8436668515205383 23
1585092574361 0.8493221402168274 24
1585092607396 0.8429816961288452 25
1585092641597 0.8414304256439209 26
1585092675019 0.8395265340805054 27
1585092708268 0.8462639451026917 28
1585092741647 0.8389304876327515 29
1585092774659 0.8445541858673096 30
1585092807727 0.8458762168884277 31
1585092841070 0.8469253182411194 32
1585092874209 0.8501789569854736 33
1585092907247 0.862375020980835 34
1585092940511 0.8526241779327393 35
1585092974256 0.8557478189468384 36
1585093007195 0.8631600141525269 37
1585093040597 0.8622373342514038 38
1585093073937 0.8687312602996826 39
1585093106919 0.8621090054512024 40
1585093140017 0.8656229972839355 41
1585093173549 0.8645972609519958 42
1585093207714 0.8646079897880554 43
1585093240910 0.87181556224823 44
1585093274526 0.8641568422317505 45
1585093309633 0.8660961389541626 46
1585093343718 0.863541305065155 47
1585093377034 0.8674930334091187 48
1585093409977 0.8694703578948975 49
1585093443643 0.8630408048629761 50
1585093477694 0.8769270181655884 51
1585093510918 0.8633998036384583 52
1585093544128 0.8730277419090271 53
1585093577321 0.8741322159767151 54
1585093611171 0.8665273785591125 55
1585093644613 0.8712639808654785 56
1585093677552 0.8775075674057007 57
1585093710822 0.8774157762527466 58
1585093744058 0.8796877861022949 59
1585093777915 0.8787628412246704 60
1585093811214 0.8812602758407593 61
1585093844540 0.8761934041976929 62
1585093878021 0.8709888458251953 63
1585093911136 0.8816362619400024 64
1585093944308 0.8835229277610779 65
1585093977465 0.8804676532745361 66
1585094010448 0.8838282823562622 67
1585094043566 0.8822886347770691 68
1585094077442 0.8828692436218262 69
1585094110651 0.8843706846237183 70
1585094144094 0.8811540603637695 71
1585094177356 0.8858696222305298 72
1585094210571 0.8905380964279175 73
1585094244078 0.8818628191947937 74
1585094277292 0.8880642652511597 75
1585094311404 0.8879895806312561 76
1585094344455 0.8860989809036255 77
1585094377853 0.8910336494445801 78
1585094411285 0.8856076002120972 79
1585094444998 0.8933436274528503 80
1585094478331 0.8890678882598877 81
1585094511159 0.8878271579742432 82
1585094544162 0.8834202289581299 83
1585094577225 0.8884613513946533 84
1585094610400 0.8912025690078735 85
1585094643783 0.891270637512207 86
1585094677575 0.8957464694976807 87
1585094710651 0.8954833149909973 88
1585094744046 0.8919283151626587 89
1585094777292 0.8958422541618347 90
1585094810627 0.8958855867385864 91
1585094843702 0.8996183276176453 92
1585094876814 0.9004803895950317 93
1585094910046 0.8991875648498535 94
1585094943142 0.8999157547950745 95
1585094976107 0.9005671143531799 96
1585095009224 0.9085205793380737 97
1585095042077 0.9018405675888062 98
1585095075123 0.8999854326248169 99
1585095108231 0.9064385890960693 100
1585095141345 0.9019784331321716 101
1585095175022 0.9027566909790039 102
1585095208397 0.902888834476471 103
1585095241476 0.9029256105422974 104
1585095274935 0.9079804420471191 105
1585095308101 0.9088821411132812 106
1585095341333 0.9001752138137817 107
1585095374562 0.908897876739502 108
1585095407604 0.9055671095848083 109
1585095440789 0.9001334309577942 110
1585095475078 0.906303346157074 111
1585095508120 0.9065103530883789 112
1585095541156 0.8992069363594055 113
1585095574006 0.9129229784011841 114
1585095607329 0.9099801778793335 115
1585095640442 0.9061161279678345 116
1585095674181 0.910620927810669 117
1585095707349 0.8978822827339172 118
1585095740394 0.9094924926757812 119
1585095773696 0.9129950404167175 120
1585095806996 0.9120504856109619 121
1585095840676 0.9049681425094604 122
1585095874020 0.9084117412567139 123
1585095907340 0.9138401746749878 124
1585095940750 0.9070384502410889 125
1585095974118 0.9146866798400879 126
1585096007216 0.9164515733718872 127
1585096040594 0.9079399704933167 128
1585096074062 0.914644718170166 129
1585096107152 0.9092857837677002 130
1585096140272 0.9063818454742432 131
1585096173589 0.9118732213973999 132
1585096206529 0.9034191370010376 133
1585096239712 0.905999481678009 134
1585096272975 0.9103391170501709 135
1585096306151 0.9112694263458252 136
1585096339338 0.9151177406311035 137
1585096372637 0.9060244560241699 138
1585096406066 0.916189432144165 139
1585096439044 0.9132440090179443 140
1585096472194 0.913068413734436 141
1585096505876 0.9133685827255249 142
1585096538891 0.9177657961845398 143
1585096571946 0.9163257479667664 144
1585096605042 0.9178391695022583 145
1585096638407 0.9144389629364014 146
1585096671525 0.9129806756973267 147
1585096704590 0.9144387245178223 148
1585096737437 0.9090545773506165 149
1585096770555 0.9104686975479126 150
1585096804207 0.9168368577957153 151
1585096837086 0.9221709966659546 152
1585096870226 0.9219807386398315 153
1585096903456 0.9177566766738892 154
1585096936792 0.9132610559463501 155
1585096969841 0.9139004349708557 156
1585097003261 0.9193655848503113 157
1585097036279 0.925132155418396 158
1585097070274 0.9149919748306274 159
1585097103538 0.921007513999939 160
1585097136899 0.9190210103988647 161
1585097170669 0.919398307800293 162
1585097203780 0.9230331182479858 163
1585097236979 0.9233790636062622 164
1585097270501 0.9219350814819336 165
1585097303623 0.9193878769874573 166
1585097337170 0.9234104156494141 167
1585097371227 0.9214541912078857 168
1585097404765 0.9172351360321045 169
1585097437926 0.9204806685447693 170
1585097471728 0.9175823330879211 171
1585097504706 0.9202605485916138 172
1585097537857 0.917111873626709 173
1585097571381 0.9155356884002686 174
1585097604517 0.922810435295105 175
1585097637734 0.9203838109970093 176
1585097670642 0.9183121919631958 177
1585097703999 0.9185490608215332 178
1585097737192 0.9199248552322388 179
1585097771079 0.9222992658615112 180
1585097804173 0.919477105140686 181
1585097837373 0.928546667098999 182
1585097870324 0.9193289279937744 183
1585097903550 0.9258409738540649 184
1585097936888 0.9189003705978394 185
1585097970660 0.9213963747024536 186
1585098003811 0.9264776706695557 187
1585098037086 0.9228548407554626 188
1585098069994 0.9227002859115601 189
1585098103016 0.922632098197937 190
1585098136349 0.9244637489318848 191
1585098169314 0.9150431156158447 192
1585098202474 0.9244667291641235 193
1585098235993 0.9348793029785156 194
1585098269018 0.9257874488830566 195
1585098302298 0.9272154569625854 196
1585098336705 0.9203274250030518 197
1585098369921 0.9270871877670288 198
1585098403236 0.9239646196365356 199
1585098436404 0.9243668913841248 200
1585098469607 0.9276204109191895 201
1585098502922 0.9207284450531006 202
1585098536308 0.9268001317977905 203
1585098569437 0.9333359003067017 204
1585098602454 0.9231719970703125 205
1585098635833 0.9276204109191895 206
1585098669176 0.9236921072006226 207
1585098702375 0.925965428352356 208
1585098735565 0.9302552938461304 209
1585098768719 0.9235466718673706 210
1585098802115 0.9261724948883057 211
1585098835475 0.9305057525634766 212
1585098869067 0.9264136552810669 213
1585098902179 0.919579267501831 214
1585098935306 0.929976224899292 215
1585098968494 0.9252302646636963 216
1585099001340 0.9283959865570068 217
1585099034537 0.9258699417114258 218
1585099067548 0.9328091144561768 219
1585099100654 0.9246864914894104 220
1585099133629 0.9328430891036987 221
1585099166669 0.9305357336997986 222
1585099199735 0.9324133992195129 223
1585099233207 0.9290183782577515 224
1585099266054 0.9252172708511353 225
1585099299158 0.9342557191848755 226
1585099332229 0.9213571548461914 227
1585099365344 0.9257597327232361 228
1585099398623 0.9267594218254089 229
1585099431749 0.9234929084777832 230
1585099464949 0.934004008769989 231
1585099498005 0.9272822737693787 232
1585099531114 0.9310466647148132 233
1585099565577 0.9284523725509644 234
1585099599106 0.9319390058517456 235
1585099632115 0.9272902011871338 236
1585099665151 0.9338939189910889 237
1585099698717 0.9323410987854004 238
1585099731624 0.9305109977722168 239
1585099764859 0.9282584190368652 240
1585099798153 0.9262157678604126 241
1585099831186 0.9301151037216187 242
1585099866100 0.9321486949920654 243
1585099899754 0.9316167831420898 244
1585099933234 0.9289672374725342 245
1585099966389 0.9342583417892456 246
1585099999271 0.9347718358039856 247
1585100032165 0.9315630197525024 248
1585100066069 0.9244953393936157 249
1585100098965 0.9343224763870239 250
1585100132177 0.9340904951095581 251
1585100165452 0.9288270473480225 252
1585100198827 0.935147762298584 253
1585100231747 0.9344102740287781 254
1585100264871 0.9356889724731445 255
1585100298091 0.934199333190918 256
1585100331031 0.9310349225997925 257
1585100364445 0.9219977855682373 258
1585100397645 0.9335612058639526 259
1585100430527 0.9297311305999756 260
1585100463789 0.9312983155250549 261
1585100497343 0.9252185225486755 262
1585100531122 0.9327960014343262 263
1585100564550 0.9352161884307861 264
1585100597929 0.9370084404945374 265
1585100631041 0.9412956833839417 266
1585100664206 0.9345595836639404 267
1585100697515 0.9353994727134705 268
1585100730516 0.933242678642273 269
1585100763825 0.937423825263977 270
1585100797029 0.9363967776298523 271
1585100830323 0.930677056312561 272
1585100863806 0.9427540302276611 273
1585100897552 0.929107666015625 274
1585100930638 0.9373517036437988 275
1585100963756 0.9306339621543884 276
1585100996912 0.934826672077179 277
1585101029893 0.9271066188812256 278
1585101062962 0.9314109086990356 279
1585101095891 0.9365760684013367 280
1585101128934 0.93413245677948 281
1585101162269 0.937439501285553 282
1585101195627 0.9382952451705933 283
1585101228699 0.9367687702178955 284
1585101262345 0.9343812465667725 285
1585101295969 0.9374802112579346 286
1585101328912 0.9349067807197571 287
1585101362406 0.9308696389198303 288
1585101395513 0.937355637550354 289
1585101429037 0.934628963470459 290
1585101462414 0.9329937100410461 291
1585101495978 0.9339084625244141 292
1585101529395 0.9319523572921753 293
1585101562397 0.9326910972595215 294
1585101595526 0.940092921257019 295
1585101628420 0.9382257461547852 296
1585101661677 0.9416455030441284 297
1585101694670 0.9384471774101257 298
1585101727791 0.9331365823745728 299
1585101760943 0.9324697256088257 300
1585101794159 0.9394650459289551 301
1585101827327 0.9362406134605408 302
1585101860801 0.9377396106719971 303
1585101894077 0.9345739483833313 304
1585101927272 0.9414936304092407 305
1585101960535 0.9382834434509277 306
1585101993609 0.942481517791748 307
1585102027130 0.9373793601989746 308
1585102060684 0.9319543838500977 309
1585102094030 0.9391598701477051 310
1585102127477 0.9390865564346313 311
1585102160998 0.933233380317688 312
1585102194596 0.9381759166717529 313
1585102227717 0.944406270980835 314
1585102261144 0.9387274980545044 315
1585102294216 0.9414936304092407 316
1585102327825 0.9424237012863159 317
1585102361193 0.9367424249649048 318
1585102394770 0.9349381923675537 319
1585102428059 0.939465343952179 320
1585102461121 0.9403838515281677 321
1585102494337 0.9415040016174316 322
1585102527298 0.9394088983535767 323
1585102560303 0.9402278661727905 324
1585102593566 0.9401046633720398 325
1585102626787 0.9415066242218018 326
1585102659890 0.944154679775238 327
1585102692797 0.938165545463562 328
1585102725882 0.9331130385398865 329
1585102759161 0.945246160030365 330
1585102792570 0.9398269057273865 331
1585102825965 0.940418004989624 332
1585102859062 0.9410048723220825 333
1585102892237 0.9409393072128296 334
1585102925585 0.9453404545783997 335
1585102958961 0.9311344027519226 336
1585102992107 0.9341087937355042 337
1585103024921 0.9339408874511719 338
1585103058799 0.9411029815673828 339
1585103092042 0.9380738735198975 340
1585103125185 0.9363231062889099 341
1585103158661 0.948418378829956 342
1585103191808 0.9419640302658081 343
1585103225561 0.9387471675872803 344
1585103258854 0.9384288787841797 345
1585103292420 0.9314013123512268 346
1585103325918 0.9412314891815186 347
1585103359118 0.9441835880279541 348
1585103392517 0.9423937797546387 349
1585103425720 0.9451452493667603 350
1585103459134 0.9489176273345947 351
1585103492641 0.9431602954864502 352
1585103525739 0.9419389963150024 353
1585103559076 0.9388847351074219 354
1585103592122 0.9460573196411133 355
1585103625422 0.9379832744598389 356
1585103658905 0.9488363862037659 357
1585103692338 0.9474120736122131 358
1585103725615 0.9518212080001831 359
1585103758728 0.9490616321563721 360
1585103791765 0.9422601461410522 361
1585103825235 0.9452934265136719 362
1585103858500 0.9460899233818054 363
1585103891956 0.9463508129119873 364
1585103925238 0.9448386430740356 365
1585103958151 0.9402710199356079 366
1585103991208 0.9541822671890259 367
1585104024740 0.9448556900024414 368
1585104057518 0.942672848701477 369
1585104090541 0.9442673921585083 370
1585104123481 0.9471120238304138 371
1585104160857 0.9418405890464783 372
1585104194160 0.9536961913108826 373
1585104227575 0.9450352191925049 374
1585104261324 0.9466835856437683 375
1585104295053 0.94431471824646 376
1585104328397 0.9422992467880249 377
1585104361999 0.9447730779647827 378
1585104395382 0.94399493932724 379
1585104429711 0.9460586309432983 380
1585104462593 0.9435887336730957 381
1585104497148 0.9508646726608276 382
1585104530431 0.9464359283447266 383
1585104563391 0.9509210586547852 384
1585104596557 0.940171480178833 385
1585104629440 0.9485061168670654 386
1585104662817 0.9424107074737549 387
1585104696852 0.9510035514831543 388
1585104730022 0.9471735954284668 389
1585104763391 0.9444206953048706 390
1585104796459 0.9473503828048706 391
1585104829850 0.9408555626869202 392
1585104863164 0.948337197303772 393
1585104896122 0.9474645256996155 394
1585104929499 0.9528915882110596 395
1585104963094 0.951560378074646 396
1585104996794 0.947212815284729 397
1585105029886 0.942413330078125 398
1585105063132 0.9452305436134338 399
1585105096020 0.9493814706802368 400
1585105129108 0.946006178855896 401
1585105162118 0.9448961019515991 402
1585105195111 0.945116400718689 403
1585105228184 0.9532127380371094 404
1585105261194 0.9446750283241272 405
1585105294387 0.9467844367027283 406
1585105327621 0.947435736656189 407
1585105360738 0.9433542490005493 408
1585105393797 0.9461042881011963 409
1585105427579 0.9505725502967834 410
1585105462251 0.9480738043785095 411
1585105496490 0.9530881643295288 412
1585105529877 0.9431482553482056 413
1585105562918 0.9545595645904541 414
1585105596195 0.9481339454650879 415
1585105629169 0.9483122229576111 416
1585105662304 0.9486174583435059 417
1585105695727 0.9508816003799438 418
1585105729001 0.943101167678833 419
1585105762204 0.9467856884002686 420
1585105795407 0.9484053254127502 421
1585105830292 0.951628565788269 422
1585105863419 0.9566272497177124 423
1585105896720 0.9507414102554321 424
1585105929869 0.9508265256881714 425
1585105963106 0.9528417587280273 426
1585105996423 0.9408829212188721 427
1585106029543 0.9495621919631958 428
1585106062426 0.9511910080909729 429
1585106095549 0.9557414054870605 430
1585106128790 0.9450101852416992 431
1585106161959 0.9427840709686279 432
1585106194880 0.9520465135574341 433
1585106228125 0.9470908641815186 434
1585106261211 0.9529192447662354 435
1585106294911 0.9512419700622559 436
1585106329013 0.9490891098976135 437
1585106362175 0.9499501585960388 438
1585106395421 0.9492713809013367 439
1585106429151 0.9496697187423706 440
1585106462438 0.9436594247817993 441
1585106495523 0.9480631947517395 442
1585106528807 0.9498099088668823 443
1585106562151 0.9490170478820801 444
1585106595729 0.9457270503044128 445
1585106629253 0.9493656158447266 446
1585106662493 0.9484694004058838 447
1585106696107 0.9484667778015137 448
1585106729160 0.9507189989089966 449
1585106762682 0.9432834386825562 450
1585106795808 0.9532861113548279 451
1585106828827 0.9511975049972534 452
1585106863264 0.9553234577178955 453
1585106896812 0.9460743069648743 454
1585106930134 0.9559197425842285 455
1585106963666 0.9531286358833313 456
1585106997692 0.9528103470802307 457
1585107031256 0.9530161619186401 458
1585107064436 0.9487839341163635 459
1585107097884 0.9501373767852783 460
1585107130811 0.9518906474113464 461
1585107163718 0.9509223699569702 462
1585107196901 0.9488099813461304 463
1585107230287 0.9569337368011475 464
1585107263291 0.9465891122817993 465
1585107296517 0.9462709426879883 466
1585107330653 0.954060435295105 467
1585107363768 0.9489779472351074 468
1585107396965 0.9440615177154541 469
1585107430225 0.9495071172714233 470
1585107463282 0.9571527242660522 471
1585107496529 0.954961895942688 472
1585107530197 0.9518932700157166 473
1585107563529 0.9491846561431885 474
1585107596679 0.9510467052459717 475
1585107630155 0.9580725431442261 476
1585107663461 0.9549906253814697 477
1585107697097 0.9504255652427673 478
1585107731029 0.9526702165603638 479
1585107764467 0.9571002721786499 480
1585107798680 0.9521603584289551 481
1585107833010 0.9469666481018066 482
1585107866260 0.941470742225647 483
1585107899984 0.9497283101081848 484
1585107933490 0.9466325044631958 485
1585107966568 0.953105092048645 486
1585107999776 0.947228729724884 487
1585108032989 0.950647234916687 488
1585108066303 0.9521316885948181 489
1585108099294 0.9479532241821289 490
1585108132211 0.9519927501678467 491
1585108165898 0.9549605846405029 492
1585108199084 0.9479610919952393 493
1585108232151 0.9534773826599121 494
1585108265218 0.9512314796447754 495
1585108298461 0.954090416431427 496
1585108331974 0.9573937654495239 497
1585108364933 0.9558541774749756 498
1585108398126 0.9485899209976196 499
1585108432652 0.9505147933959961 500
1585108465587 0.9564765691757202 501
1585108498581 0.9472705125808716 502
1585108532970 0.950755774974823 503
1585108566009 0.9584197402000427 504
1585108599313 0.9561176300048828 505
1585108633112 0.9513100385665894 506
1585108666132 0.9555017948150635 507
1585108699517 0.9516311883926392 508
1585108732383 0.9543682336807251 509
1585108765674 0.9548793435096741 510
1585108799367 0.9548229575157166 511
1585108833116 0.9521985054016113 512
1585108866258 0.9526989459991455 513
1585108899429 0.9586831331253052 514
1585108932386 0.9475300312042236 515
1585108965514 0.9537419080734253 516
1585108998809 0.9539358615875244 517
1585109032619 0.9545465111732483 518
1585109065791 0.9550023674964905 519
1585109099203 0.9416468143463135 520
1585109132504 0.9523399472236633 521
1585109165828 0.9415379762649536 522
1585109198882 0.9583516120910645 523
1585109232355 0.9498517513275146 524
1585109265503 0.9542267322540283 525
1585109298469 0.9538834095001221 526
1585109333189 0.9602947235107422 527
1585109366452 0.9562970399856567 528
1585109399365 0.9579071998596191 529
1585109432887 0.9586961269378662 530
1585109466018 0.9559627771377563 531
1585109499363 0.9495859146118164 532
1585109532519 0.9565577507019043 533
1585109565958 0.9458790421485901 534
1585109600124 0.9568394422531128 535
1585109633334 0.9577960968017578 536
1585109666752 0.9480553269386292 537
1585109700261 0.9583816528320312 538
1585109733537 0.9520348310470581 539
1585109766586 0.9588338136672974 540
1585109800247 0.9479045867919922 541
1585109833349 0.9512104988098145 542
1585109866424 0.955176830291748 543
1585109899722 0.948428750038147 544
1585109933015 0.953672468662262 545
1585109966196 0.9519389867782593 546
1585109999269 0.9552960395812988 547
1585110032508 0.958003044128418 548
1585110066495 0.9510048627853394 549
1585110099938 0.9553811550140381 550
1585110133279 0.9591993093490601 551
1585110166332 0.9653497934341431 552
1585110200414 0.9575469493865967 553
1585110233467 0.9539397954940796 554
1585110266584 0.9601832032203674 555
1585110299518 0.9552002549171448 556
1585110332581 0.9586856961250305 557
1585110365977 0.9599107503890991 558
1585110399085 0.959197998046875 559
1585110432390 0.9537513256072998 560
1585110465352 0.950645923614502 561
1585110498761 0.9559902548789978 562
1585110532215 0.9561975598335266 563
1585110565284 0.960517406463623 564
1585110598500 0.9575365781784058 565
1585110632037 0.9625169634819031 566
1585110664912 0.9553837776184082 567
1585110697813 0.9512863159179688 568
1585110730900 0.9517163038253784 569
1585110764007 0.9512970447540283 570
1585110797405 0.9578668475151062 571
1585110831367 0.9481562972068787 572
1585110865143 0.9525903463363647 573
1585110898115 0.9627383947372437 574
1585110931410 0.958004355430603 575
1585110964168 0.961405873298645 576
1585110997387 0.9628077745437622 577
1585111030537 0.9607808589935303 578
1585111063422 0.9602383375167847 579
1585111096714 0.9520201683044434 580
1585111130188 0.9584628343582153 581
1585111163286 0.9545935392379761 582
1585111196476 0.9579218626022339 583
1585111229697 0.9564228057861328 584
1585111263006 0.9591966271400452 585
1585111295964 0.9460625648498535 586
1585111329032 0.9601584672927856 587
1585111362827 0.9602253437042236 588
1585111395900 0.9626702070236206 589
1585111428744 0.9620361328125 590
1585111462205 0.9634904861450195 591
1585111495058 0.9558500647544861 592
1585111528833 0.9591271877288818 593
1585111562609 0.9572457075119019 594
1585111595873 0.9578221440315247 595
1585111629508 0.948532223701477 596
1585111662647 0.9550222158432007 597
1585111695880 0.9575600624084473 598
1585111729640 0.9556576013565063 599
1585111762799 0.9580725431442261 600
1585111796457 0.9610860347747803 601
1585111829975 0.9612669944763184 602
1585111863089 0.9610309600830078 603
1585111896781 0.9627383351325989 604
1585111930100 0.9604675769805908 605
1585111963349 0.9616847038269043 606
1585111996539 0.9598243236541748 607
1585112029884 0.9607571363449097 608
1585112064523 0.9530173540115356 609
1585112097974 0.9588664770126343 610
1585112131205 0.9587131142616272 611
1585112164494 0.9628942012786865 612
1585112198029 0.9587539434432983 613
1585112232094 0.9568643569946289 614
1585112265447 0.9647221565246582 615
1585112298955 0.9621028900146484 616
1585112332290 0.959762692451477 617
1585112365777 0.9612656831741333 618
1585112399296 0.9561163187026978 619
1585112432775 0.9604479670524597 620
1585112466336 0.9615604281425476 621
1585112500865 0.961405873298645 622
1585112535207 0.9485766887664795 623
1585112568752 0.9658398628234863 624
1585112604117 0.9641848802566528 625
1585112637938 0.9607139825820923 626
1585112671747 0.9573282599449158 627
1585112705873 0.9556576013565063 628
1585112739891 0.9664753079414368 629
1585112774306 0.9575850963592529 630
1585112807531 0.9586844444274902 631
1585112840919 0.9563416242599487 632
1585112874631 0.9581863880157471 633
1585112908814 0.9599645137786865 634
1585112942131 0.9640617370605469 635
1585112975445 0.9583503007888794 636
1585113008849 0.9613782167434692 637
1585113042478 0.959839940071106 638
1585113075848 0.9622930288314819 639
1585113109289 0.9629323482513428 640
1585113142514 0.9634734392166138 641
1585113175896 0.9577960968017578 642
1585113209389 0.9621971845626831 643
1585113243741 0.9501373767852783 644
1585113278157 0.9590787291526794 645
1585113311381 0.9594901204109192 646
1585113344877 0.959007978439331 647
1585113378283 0.9639935493469238 648
1585113412139 0.9664202332496643 649
1585113445370 0.960628867149353 650
1585113478805 0.9600850939750671 651
1585113511883 0.9653247594833374 652
1585113545200 0.9584027528762817 653
1585113579193 0.9632807970046997 654
1585113613047 0.9576451778411865 655
1585113647035 0.9686424136161804 656
1585113681407 0.9635441899299622 657
1585113715111 0.9679874181747437 658
1585113748494 0.9641455411911011 659
1585113782351 0.951688826084137 660
1585113816082 0.9566298723220825 661
1585113849660 0.9597128033638 662
1585113883426 0.9605607986450195 663
1585113916900 0.9591849446296692 664
1585113951610 0.9629310369491577 665
1585113985673 0.9616155028343201 666
1585114021416 0.9597967863082886 667
1585114055712 0.9601558446884155 668
1585114090224 0.9574775695800781 669
1585114123545 0.9641298651695251 670
1585114157073 0.9621159434318542 671
1585114190822 0.960922360420227 672
1585114224371 0.9660599231719971 673
1585114258035 0.9608503580093384 674
1585114291255 0.9602265954017639 675
1585114324952 0.9613245725631714 676
1585114358455 0.9612656235694885 677
1585114391669 0.9674237370491028 678
1585114424816 0.9648780822753906 679
1585114459145 0.9550182819366455 680
1585114492651 0.9547548294067383 681
1585114526065 0.9611268043518066 682
1585114559475 0.9702920913696289 683
1585114593314 0.9649513959884644 684
1585114626583 0.9583263397216797 685
1585114660663 0.9642122983932495 686
1585114694222 0.9657244682312012 687
1585114727789 0.9624449014663696 688
1585114762334 0.9657284021377563 689
1585114796536 0.9690473079681396 690
1585114830339 0.9632821083068848 691
1585114863904 0.9637119174003601 692
1585114897166 0.961632490158081 693
1585114930379 0.9581589698791504 694
1585114964106 0.9684210419654846 695
1585114997782 0.9650208950042725 696
1585115030998 0.9633516073226929 697
1585115064698 0.9671289920806885 698
1585115098068 0.9600890278816223 699
1585115132441 0.9628628492355347 700
1585115165957 0.9657690525054932 701
1585115200206 0.965973436832428 702
1585115233610 0.9580056667327881 703
1585115269512 0.9592556953430176 704
1585115303353 0.9644757509231567 705
1585115337581 0.9536477327346802 706
1585115371123 0.9521355628967285 707
1585115404427 0.9708489775657654 708
1585115438780 0.9635165929794312 709
1585115472351 0.959520161151886 710
1585115506091 0.9509918093681335 711
1585115539605 0.9655581116676331 712
1585115573286 0.955676794052124 713
1585115606986 0.968895435333252 714
1585115640470 0.960852861404419 715
1585115673749 0.9579505920410156 716
1585115707183 0.9669049978256226 717
1585115740244 0.9660742878913879 718
1585115773309 0.9553667306900024 719
1585115806772 0.9700012803077698 720
1585115840197 0.9668238162994385 721
1585115873756 0.9639595746994019 722
1585115907790 0.9665998220443726 723
1585115941256 0.964543879032135 724
1585115975498 0.9512850046157837 725
1585116009727 0.9675169587135315 726
1585116043296 0.9714752435684204 727
1585116076573 0.96454918384552 728
1585116110280 0.9670321345329285 729
1585116143799 0.9639766216278076 730
1585116177356 0.9666992425918579 731
1585116210986 0.9605514407157898 732
1585116244415 0.9631263017654419 733
1585116279196 0.9703655242919922 734
1585116312756 0.9655461311340332 735
1585116347548 0.9668251276016235 736
1585116380919 0.9650299549102783 737
1585116414404 0.9643251299858093 738
1585116448523 0.9635913372039795 739
1585116483167 0.9688915014266968 740
1585116517047 0.9641115665435791 741
1585116550680 0.965155839920044 742
1585116584321 0.9672378301620483 743
1585116617521 0.9673780202865601 744
1585116651883 0.9705555438995361 745
1585116685255 0.9671540260314941 746
1585116719757 0.9691416025161743 747
1585116753343 0.9663243889808655 748
1585116786861 0.9664596319198608 749
1585116821662 0.9658346176147461 750
1585116855389 0.960712730884552 751
1585116888938 0.9641862511634827 752
1585116922560 0.962099015712738 753
1585116955816 0.9664227962493896 754
1585116988888 0.9659079313278198 755
1585117022240 0.9635729789733887 756
1585117056165 0.9632965326309204 757
1585117089635 0.9650052785873413 758
1585117123458 0.9636176228523254 759
1585117158094 0.9636554718017578 760
1585117192770 0.9565526247024536 761
1585117225964 0.9688901305198669 762
1585117259685 0.9631983041763306 763
1585117293120 0.9657808542251587 764
1585117326568 0.9572010040283203 765
1585117359844 0.963739275932312 766
1585117393786 0.9662131667137146 767
1585117426970 0.9641822576522827 768
1585117460424 0.9705331325531006 769
1585117493489 0.9657964706420898 770
1585117527015 0.9643972516059875 771
1585117560157 0.9660074710845947 772
1585117594095 0.9611568450927734 773
1585117627732 0.9624370336532593 774
1585117661102 0.9679861068725586 775
1585117695370 0.9608502984046936 776
1585117728585 0.9687708616256714 777
1585117761805 0.9662131667137146 778
1585117795265 0.9687132239341736 779
1585117828840 0.9634209871292114 780
1585117862128 0.9655057191848755 781
1585117895726 0.9645321369171143 782
1585117928854 0.9584458470344543 783
1585117963375 0.9621172547340393 784
1585117996660 0.9611698389053345 785
1585118030864 0.9732664823532104 786
1585118064643 0.9689044952392578 787
1585118098843 0.9667518138885498 788
1585118132406 0.9646003246307373 789
1585118167347 0.963224470615387 790
1585118200543 0.9668251276016235 791
1585118234118 0.9637145400047302 792
1585118267690 0.9704467058181763 793
1585118301320 0.9686161279678345 794
1585118334699 0.9687826633453369 795
1585118368151 0.9673689603805542 796
1585118401756 0.9644626975059509 797
1585118435078 0.9622979164123535 798
1585118468676 0.9645031690597534 799
1585118501882 0.9691272377967834 800
1585118535863 0.9656156301498413 801
1585118569559 0.963839054107666 802
1585118602817 0.9677122235298157 803
1585118636265 0.9697378873825073 804
1585118669925 0.9687813520431519 805
1585118703398 0.9628641605377197 806
1585118736964 0.9686805605888367 807
1585118770905 0.9650864005088806 808
1585118804057 0.9690446853637695 809
1585118837917 0.9645872116088867 810
1585118871242 0.9683502912521362 811
1585118905088 0.9718095064163208 812
1585118938497 0.973694920539856 813
1585118971951 0.9709341526031494 814
1585119006352 0.9644062519073486 815
1585119039542 0.9619626998901367 816
1585119072876 0.9639058113098145 817
1585119106827 0.9657951593399048 818
1585119140062 0.9603378176689148 819
1585119173348 0.9701400995254517 820
1585119207206 0.9679662585258484 821
1585119241525 0.9688206911087036 822
1585119275692 0.967780351638794 823
1585119309957 0.9659905433654785 824
1585119343320 0.9679349660873413 825
1585119376547 0.9708476662635803 826
1585119409848 0.9662405848503113 827
1585119443489 0.9631485342979431 828
1585119477055 0.9664648771286011 829
1585119510375 0.9682127237319946 830
1585119543518 0.9673794507980347 831
1585119576767 0.9700443744659424 832
1585119610107 0.9730594158172607 833
1585119643870 0.9626584649085999 834
1585119677357 0.9718512296676636 835
1585119712276 0.9706406593322754 836
1585119746361 0.965947151184082 837
1585119780250 0.9675877094268799 838
1585119814079 0.9614238739013672 839
1585119847407 0.9630868434906006 840
1585119881202 0.9685755968093872 841
1585119915294 0.9643224477767944 842
1585119948588 0.9667543172836304 843
1585119982030 0.9718238115310669 844
1585120015486 0.965800404548645 845
1585120048724 0.9740997552871704 846
1585120081955 0.9706576466560364 847
1585120115314 0.9645151495933533 848
1585120149365 0.966463565826416 849
1585120183307 0.9700195789337158 850
1585120216569 0.9709184169769287 851
1585120249999 0.9665851593017578 852
1585120283589 0.9668906331062317 853
1585120317279 0.9697548151016235 854
1585120350965 0.9690446853637695 855
1585120384351 0.9680043458938599 856
1585120417868 0.9679322838783264 857
1585120451174 0.9657139778137207 858
1585120485134 0.9700025916099548 859
1585120518637 0.9598269462585449 860
1585120552037 0.9704874753952026 861
1585120585632 0.9728641510009766 862
1585120619175 0.9701558351516724 863
1585120653032 0.9647418260574341 864
1585120686695 0.9605227112770081 865
1585120720191 0.9635218381881714 866
1585120753779 0.9713220596313477 867
1585120787511 0.9663914442062378 868
1585120820726 0.962644100189209 869
1585120854668 0.9636620283126831 870
1585120887868 0.9724344611167908 871
1585120921262 0.966462254524231 872
1585120954737 0.9649211168289185 873
1585120988955 0.9698216319084167 874
1585121022432 0.9600169658660889 875
1585121056577 0.9675994515419006 876
1585121090014 0.9640747308731079 877
1585121123530 0.9671028852462769 878
1585121157276 0.9683920741081238 879
1585121193216 0.9645084142684937 880
1585121226624 0.9646579623222351 881
1585121260351 0.9695451855659485 882
1585121294332 0.9707808494567871 883
1585121327913 0.9718762636184692 884
1585121361039 0.9711831212043762 885
1585121394480 0.9667583703994751 886
1585121428179 0.9716167449951172 887
1585121461729 0.962949275970459 888
1585121495474 0.9743211269378662 889
1585121529675 0.9678248167037964 890
1585121562840 0.9702265858650208 891
1585121596154 0.9699645042419434 892
1585121629411 0.9704492688179016 893
1585121662908 0.967523455619812 894
1585121696530 0.9667530059814453 895
1585121730000 0.9678667783737183 896
1585121763309 0.9732782244682312 897
1585121798540 0.9694063067436218 898
1585121832026 0.9694470167160034 899
1585121865891 0.9765985012054443 900
1585121899944 0.9684340953826904 901
1585121933359 0.9709892272949219 902
1585121967570 0.9659510850906372 903
1585122002031 0.968266487121582 904
1585122035835 0.9703615307807922 905
1585122069279 0.9686411619186401 906
1585122102673 0.9725863933563232 907
1585122136193 0.9646997451782227 908
1585122169657 0.9696670770645142 909
1585122203522 0.9701701998710632 910
1585122236679 0.9714622497558594 911
1585122270231 0.9745438694953918 912
1585122303811 0.9629924297332764 913
1585122337170 0.9681327939033508 914
1585122370592 0.9710443019866943 915
1585122403975 0.971697986125946 916
1585122437326 0.9691154956817627 917
1585122470985 0.9768198728561401 918
1585122504211 0.9669063091278076 919
1585122537927 0.9731957316398621 920
1585122571622 0.969393253326416 921
1585122605621 0.9702265858650208 922
1585122638880 0.9675209522247314 923
1585122672646 0.9703550934791565 924
1585122706045 0.9718068242073059 925
1585122739256 0.9707283973693848 926
1585122772653 0.9702240228652954 927
1585122805863 0.9711424112319946 928
1585122839133 0.9675025939941406 929
1585122872388 0.9713376760482788 930
1585122906134 0.9686280488967896 931
1585122939464 0.9725143313407898 932
1585122973533 0.9653511047363281 933
1585123007528 0.962836503982544 934
1585123041214 0.9648269414901733 935
1585123074451 0.9704388380050659 936
1585123108815 0.968975305557251 937
1585123142903 0.9777777194976807 938
1585123176116 0.9597392678260803 939
1585123209603 0.9671697616577148 940
1585123243093 0.9723610877990723 941
1585123277180 0.973211407661438 942
1585123310406 0.9645872116088867 943
1585123344448 0.9656850099563599 944
1585123377712 0.9684878587722778 945
1585123411391 0.9723203182220459 946
1585123444798 0.9718749523162842 947
1585123478888 0.9689044952392578 948
1585123512234 0.9729874134063721 949
1585123545726 0.9636423587799072 950
1585123579710 0.9740603566169739 951
1585123613420 0.9705581665039062 952
1585123647430 0.9739058017730713 953
1585123682032 0.9719457030296326 954
1585123715372 0.9742386937141418 955
1585123749458 0.9672392010688782 956
1585123783869 0.9759721755981445 957
1585123817300 0.9628117084503174 958
1585123850707 0.9714726209640503 959
1585123884664 0.9704349040985107 960
1585123918148 0.9660165309906006 961
1585123952050 0.9675182700157166 962
1585123985294 0.9751558303833008 963
1585124019818 0.9714739918708801 964
1585124053971 0.9671159982681274 965
1585124087497 0.9623216390609741 966
1585124120895 0.9698230028152466 967
1585124154266 0.9674475193023682 968
1585124187490 0.9712105989456177 969
1585124220796 0.9665985107421875 970
1585124255656 0.9682691097259521 971
1585124289196 0.9714752435684204 972
1585124323189 0.9737513065338135 973
1585124356359 0.9721697568893433 974
1585124389755 0.9662131667137146 975
1585124422876 0.9659051299095154 976
1585124456206 0.9707270860671997 977
1585124488949 0.9717831015586853 978
1585124521556 0.9742791652679443 979
1585124553746 0.9646316170692444 980
1585124586056 0.9720464944839478 981
1585124618731 0.969376266002655 982
1585124650961 0.9724475145339966 983
1585124683453 0.9733476638793945 984
1585124715798 0.9740984439849854 985
1585124748147 0.9716141819953918 986
1585124780708 0.9698216915130615 987
1585124815407 0.9704322814941406 988
1585124847937 0.9687144756317139 989
1585124880333 0.9630187153816223 990
1585124913035 0.965865969657898 991
1585124945371 0.9704899787902832 992
1585124977890 0.9686293601989746 993
1585125011373 0.9707414507865906 994
1585125043855 0.9680330753326416 995
1585125076495 0.9675313234329224 996
1585125109355 0.9732691049575806 997
1585125142073 0.9773767590522766 998
1585125174749 0.966865599155426 999
1585125207377 0.9733515977859497 1000
1585125240012 0.9732782244682312 1001
1585125272515 0.9722404479980469 1002
1585125305191 0.9685178995132446 1003
1585125337663 0.9753915667533875 1004
1585125369993 0.9726688861846924 1005
1585125402373 0.9703629016876221 1006
1585125435121 0.968073844909668 1007
1585125467622 0.969973623752594 1008
1585125500380 0.9747955799102783 1009
1585125533008 0.9775156378746033 1010
1585125565591 0.9757808446884155 1011
1585125597991 0.9779205322265625 1012
1585125630814 0.9679505825042725 1013
1585125663832 0.9734184741973877 1014
1585125696500 0.9660729169845581 1015
1585125728944 0.9674631357192993 1016
1585125761638 0.9624264240264893 1017
1585125794346 0.9799448847770691 1018
1585125826822 0.9712956547737122 1019
1585125859004 0.9721159338951111 1020
1585125891763 0.968795657157898 1021
1585125924530 0.9681863188743591 1022
1585125958218 0.9732938408851624 1023
1585125990494 0.9689896106719971 1024
1585126022864 0.9726871848106384 1025
1585126055635 0.9751676321029663 1026
1585126088172 0.9744757413864136 1027
1585126120613 0.9740434288978577 1028
1585126153124 0.9734053611755371 1029
1585126186312 0.979390561580658 1030
1585126218799 0.965865969657898 1031
1585126251438 0.974045991897583 1032
1585126284080 0.9665787220001221 1033
1585126316619 0.9702135324478149 1034
1585126349129 0.9734197854995728 1035
1585126382198 0.9725877046585083 1036
1585126414691 0.9756406545639038 1037
1585126448305 0.9690747261047363 1038
1585126480542 0.9742386341094971 1039
1585126513431 0.9720216989517212 1040
1585126546072 0.9719940423965454 1041
1585126578866 0.9719510078430176 1042
1585126611448 0.9765040874481201 1043
1585126643934 0.9704204797744751 1044
1585126676981 0.9676557779312134 1045
1585126709604 0.9734236598014832 1046
1585126742403 0.9709223508834839 1047
1585126775236 0.9772665500640869 1048
1585126808022 0.9684079885482788 1049
1585126840565 0.9676963090896606 1050
1585126874084 0.971003532409668 1051
1585126906597 0.9717700481414795 1052
1585126939372 0.9729492664337158 1053
1585126972095 0.9722955226898193 1054
1585127005082 0.9700064659118652 1055
1585127037559 0.9702292084693909 1056
1585127070347 0.9709066152572632 1057
1585127103129 0.9723125100135803 1058
1585127135776 0.9734722375869751 1059
1585127168594 0.9737800359725952 1060
1585127202040 0.9628521800041199 1061
1585127234391 0.9750156402587891 1062
1585127266437 0.9783359169960022 1063
1585127298908 0.9744744300842285 1064
1585127331395 0.9744586944580078 1065
1585127364033 0.9720308780670166 1066
1585127396555 0.9713768362998962 1067
1585127428958 0.9737682342529297 1068
1585127461565 0.9683529138565063 1069
1585127494084 0.9660468101501465 1070
1585127526658 0.9702292084693909 1071
1585127559870 0.9736136198043823 1072
1585127592519 0.9724330902099609 1073
1585127625002 0.9730855226516724 1074
1585127657459 0.9639949798583984 1075
1585127690032 0.9747378826141357 1076
1585127722594 0.97052001953125 1077
1585127755237 0.9713494777679443 1078
1585127787623 0.9731276035308838 1079
1585127819849 0.9749317765235901 1080
1585127852482 0.974754810333252 1081
1585127885149 0.9742830991744995 1082
1585127918183 0.9697928428649902 1083
1585127951093 0.9705305099487305 1084
1585127983725 0.9757114052772522 1085
1585128016233 0.968616247177124 1086
1585128048723 0.974513828754425 1087
1585128081366 0.972649335861206 1088
1585128113715 0.9731012582778931 1089
1585128146260 0.971741259098053 1090
1585128179012 0.9733502268791199 1091
1585128211715 0.9728615283966064 1092
1585128247304 0.977430522441864 1093
1585128279653 0.972710907459259 1094
1585128311978 0.9756419062614441 1095
1585128344743 0.9762551784515381 1096
1585128377322 0.9725469946861267 1097
1585128409909 0.9764882922172546 1098
1585128442701 0.9770464897155762 1099
1585128474997 0.9730568528175354 1100
1585128507624 0.970993161201477 1101
1585128540787 0.975239634513855 1102
1585128573523 0.9739583730697632 1103
1585128606690 0.9703680872917175 1104
1585128639133 0.9768906831741333 1105
1585128671574 0.9608685970306396 1106
1585128703834 0.9757782220840454 1107
1585128736511 0.974946141242981 1108
1585128769037 0.9718906879425049 1109
1585128802057 0.971771240234375 1110
1585128834429 0.9588741064071655 1111
1585128866703 0.9697929620742798 1112
1585128899237 0.9724055528640747 1113
1585128931843 0.9725707173347473 1114
1585128964501 0.9719443917274475 1115
1585128998176 0.975932776927948 1116
1585129031325 0.9741284847259521 1117
1585129064201 0.970475435256958 1118
1585129096852 0.9672417640686035 1119
1585129129728 0.9738377332687378 1120
1585129162388 0.9695452451705933 1121
1585129194889 0.9764071702957153 1122
1585129227616 0.9746814966201782 1123
1585129260196 0.976417601108551 1124
1585129292627 0.9765629768371582 1125
1585129325178 0.9776545763015747 1126
1585129357723 0.9720976948738098 1127
1585129390522 0.9704623222351074 1128
1585129422813 0.9738350510597229 1129
1585129455255 0.9766718149185181 1130
1585129487816 0.9731289148330688 1131
1585129520233 0.9705331325531006 1132
1585129552486 0.967043936252594 1133
1585129584975 0.9750182628631592 1134
1585129617488 0.9677132368087769 1135
1585129650181 0.980765163898468 1136
1585129682691 0.9755998849868774 1137
1585129715303 0.9707664251327515 1138
1585129748236 0.9724645018577576 1139
1585129781093 0.9748793840408325 1140
1585129813362 0.9736137390136719 1141
1585129846111 0.9737956523895264 1142
1585129878778 0.9736149311065674 1143
1585129911488 0.9768094420433044 1144
1585129944522 0.9673120975494385 1145
1585129977555 0.9730174541473389 1146
1585130009841 0.974242627620697 1147
1585130042753 0.9737526178359985 1148
1585130075557 0.9686069488525391 1149
1585130107805 0.9752816557884216 1150
1585130140184 0.9773780107498169 1151
1585130172803 0.9695151448249817 1152
1585130205116 0.972144603729248 1153
1585130237735 0.9750182628631592 1154
1585130271411 0.9766680002212524 1155
1585130303838 0.9749318361282349 1156
1585130336271 0.9713624715805054 1157
1585130368632 0.9738351106643677 1158
1585130401273 0.9765708446502686 1159
1585130433836 0.9756393432617188 1160
1585130466708 0.9773767590522766 1161
1585130499448 0.9695308208465576 1162
1585130532015 0.976265549659729 1163
1585130564495 0.9769036769866943 1164
1585130596857 0.9695976972579956 1165
1585130629335 0.9748754501342773 1166
1585130662215 0.9734340906143188 1167
1585130694691 0.9802934527397156 1168
1585130727381 0.973419725894928 1169
1585130760665 0.9775850772857666 1170
1585130793495 0.975142776966095 1171
1585130826958 0.9727842807769775 1172
1585130859684 0.9772235155105591 1173
1585130892451 0.9767123460769653 1174
1585130925125 0.9734774231910706 1175
1585130957931 0.9754166603088379 1176
1585130990465 0.9758346080780029 1177
1585131022836 0.9704480171203613 1178
1585131055404 0.9728497266769409 1179
1585131087910 0.9735729694366455 1180
1585131120837 0.973628044128418 1181
1585131153340 0.974114179611206 1182
1585131185904 0.966768741607666 1183
1585131218388 0.9780017137527466 1184
1585131250909 0.9762799739837646 1185
1585131283741 0.9726282358169556 1186
1585131316074 0.976252555847168 1187
1585131348701 0.9744457006454468 1188
1585131381290 0.9730594158172607 1189
1585131413676 0.9737669229507446 1190
1585131446256 0.9755725264549255 1191
1585131478659 0.9713350534439087 1192
1585131511240 0.9742530584335327 1193
1585131544045 0.9737943410873413 1194
1585131576446 0.9608968496322632 1195
1585131609253 0.9767661094665527 1196
1585131642042 0.9747234582901001 1197
1585131674361 0.9726401567459106 1198
1585131706957 0.978557288646698 1199
1585131739583 0.9714345335960388 1200
1585131772379 0.9739044904708862 1201
1585131804981 0.976460874080658 1202
1585131837566 0.9774054884910583 1203
1585131870497 0.977931022644043 1204
1585131902465 0.9736948609352112 1205
1585131935031 0.9757257699966431 1206
1585131968259 0.972807765007019 1207
1585132000489 0.9752095937728882 1208
1585132033197 0.9792517423629761 1209
1585132065719 0.9734747409820557 1210
1585132098218 0.9772247076034546 1211
1585132131017 0.9743932485580444 1212
1585132164234 0.9780725240707397 1213
1585132196710 0.9720335006713867 1214
1585132229089 0.9689621925354004 1215
1585132261688 0.9765303134918213 1216
1585132294039 0.9718906283378601 1217
1585132326789 0.9696159958839417 1218
1585132359477 0.9772928953170776 1219
1585132392004 0.9800156354904175 1220
1585132424590 0.980862021446228 1221
1585132458902 0.9768905639648438 1222
1585132491509 0.9720032215118408 1223
1585132524230 0.9779336452484131 1224
1585132557389 0.9768919944763184 1225
1585132590085 0.9717661142349243 1226
1585132622560 0.9761962294578552 1227
1585132655320 0.9756419658660889 1228
1585132687875 0.977447509765625 1229
1585132720321 0.9802082777023315 1230
1585132752825 0.975932776927948 1231
1585132786253 0.978765606880188 1232
1585132819027 0.970328688621521 1233
1585132851659 0.9755712747573853 1234
1585132884397 0.9756983518600464 1235
1585132916985 0.9781824350357056 1236
1585132949792 0.9786111116409302 1237
1585132982373 0.9770294427871704 1238
1585133014843 0.9781432151794434 1239
1585133047461 0.977154016494751 1240
1585133080029 0.9731996655464172 1241
1585133112818 0.9739189147949219 1242
1585133145365 0.9798767566680908 1243
1585133178017 0.9752253293991089 1244
1585133210674 0.9737826585769653 1245
1585133243412 0.9735048413276672 1246
1585133276177 0.9764201641082764 1247
1585133308884 0.9643827676773071 1248
1585133341472 0.9815434217453003 1249
1585133374246 0.9795151948928833 1250
1585133406953 0.9755317568778992 1251
1585133439527 0.966143786907196 1252
1585133471609 0.9789752960205078 1253
1585133504260 0.9744076728820801 1254
1585133536430 0.9707938432693481 1255
1585133569345 0.9750864505767822 1256
1585133602363 0.9745321273803711 1257
1585133634941 0.9800326228141785 1258
1585133667473 0.973313570022583 1259
1585133700052 0.9752513766288757 1260
1585133732936 0.9691611528396606 1261
1585133765569 0.9765708446502686 1262
1585133798073 0.9725169539451599 1263
1585133830711 0.9720203876495361 1264
1585133864145 0.9784066677093506 1265
1585133897860 0.9739766120910645 1266
1585133930662 0.9732664823532104 1267
1585133963415 0.9796553254127502 1268
1585133996109 0.9691598415374756 1269
1585134029996 0.9735716581344604 1270
1585134062637 0.9761555194854736 1271
1585134095181 0.9753090143203735 1272
1585134128251 0.9754453897476196 1273
1585134160997 0.9713690280914307 1274
1585134194745 0.9762656688690186 1275
1585134227240 0.9725168943405151 1276
1585134260959 0.9782938957214355 1277
1585134294226 0.969601571559906 1278
1585134326859 0.974044680595398 1279
1585134359609 0.9755620360374451 1280
1585134393255 0.9759340286254883 1281
1585134425646 0.9764896035194397 1282
1585134458211 0.9782952070236206 1283
1585134490739 0.977042555809021 1284
1585134523432 0.9767517447471619 1285
1585134555882 0.977752685546875 1286
1585134588461 0.9708645939826965 1287
1585134621145 0.973419725894928 1288
1585134653292 0.9804349541664124 1289
1585134685978 0.980072021484375 1290
1585134718677 0.9726427793502808 1291
1585134751324 0.9804335832595825 1292
1585134783931 0.9725039005279541 1293
1585134817006 0.9777095913887024 1294
1585134849582 0.9775707125663757 1295
1585134882067 0.9759079813957214 1296
1585134914788 0.9784747362136841 1297
1585134947504 0.9778472185134888 1298
1585134980312 0.975351095199585 1299
1585135013364 0.9770464897155762 1300
1585135046617 0.9756262898445129 1301
1585135079333 0.980072021484375 1302
1585135113091 0.9792426228523254 1303
1585135145635 0.9768919944763184 1304
1585135178221 0.9726699590682983 1305
1585135211046 0.9808476567268372 1306
1585135243786 0.9725759029388428 1307
1585135276432 0.9738377332687378 1308
1585135309088 0.9735088348388672 1309
1585135341676 0.9710599184036255 1310
1585135374535 0.9773373603820801 1311
1585135407768 0.9749749302864075 1312
1585135440451 0.9677540063858032 1313
1585135473124 0.9748373031616211 1314
1585135505884 0.9785585999488831 1315
1585135538438 0.9793224930763245 1316
1585135571021 0.9803484678268433 1317
1585135603314 0.9708385467529297 1318
1585135636393 0.971489667892456 1319
1585135669384 0.9725039005279541 1320
1585135702624 0.9677790403366089 1321
1585135735576 0.9776689410209656 1322
1585135768337 0.9736437201499939 1323
1585135801147 0.976546049118042 1324
1585135834938 0.9748911261558533 1325
1585135867770 0.9775156378746033 1326
1585135900557 0.9748623371124268 1327
1585135933123 0.9758265614509583 1328
1585135965629 0.9759340286254883 1329
1585135998168 0.9739649295806885 1330
1585136030599 0.9763507843017578 1331
1585136062956 0.9758620262145996 1332
1585136096117 0.9777265787124634 1333
1585136128793 0.9759892225265503 1334
1585136161424 0.9737262725830078 1335
1585136194016 0.9756445288658142 1336
1585136226655 0.9746958017349243 1337
1585136259583 0.9734209775924683 1338
1585136292473 0.9786137342453003 1339
1585136324987 0.9814596176147461 1340
1585136358409 0.9761149883270264 1341
1585136390734 0.9768067598342896 1342
1585136424223 0.9766849279403687 1343
1585136457040 0.9787105917930603 1344
1585136489890 0.976962685585022 1345
1585136522725 0.9755699038505554 1346
1585136555658 0.9754884243011475 1347
1585136588377 0.9750195741653442 1348
1585136620996 0.9754466414451599 1349
1585136653656 0.9729492664337158 1350
1585136686236 0.9736987948417664 1351
1585136718956 0.97312992811203 1352
1585136751412 0.9814635515213013 1353
1585136784307 0.9750195741653442 1354
1585136816940 0.9797378778457642 1355
1585136849772 0.975852906703949 1356
1585136882241 0.9765290021896362 1357
1585136914680 0.9701728224754333 1358
1585136947402 0.9757952094078064 1359
1585136980551 0.9764882922172546 1360
1585137013264 0.9764896631240845 1361
1585137045771 0.9791836142539978 1362
1585137078429 0.9730633497238159 1363
1585137111318 0.9809039831161499 1364
1585137144205 0.979587197303772 1365
1585137177117 0.9765303134918213 1366
1585137209527 0.9770295023918152 1367
1585137241999 0.974449634552002 1368
1585137274518 0.9808359146118164 1369
1585137306973 0.9746696949005127 1370
1585137339557 0.9737538695335388 1371
1585137372310 0.9810441732406616 1372
1585137405131 0.9789608716964722 1373
1585137437884 0.974309504032135 1374
1585137470502 0.9790303707122803 1375
1585137502929 0.9761162996292114 1376
1585137535603 0.972017765045166 1377
1585137568327 0.9748085737228394 1378
1585137601411 0.9641063809394836 1379
1585137633994 0.9740065932273865 1380
1585137666693 0.976737380027771 1381
1585137699543 0.9784040451049805 1382
1585137732493 0.9759327173233032 1383
1585137765050 0.9787001609802246 1384
1585137797533 0.9783332347869873 1385
1585137830176 0.9767817258834839 1386
1585137862745 0.9765027165412903 1387
1585137895898 0.9784735441207886 1388
1585137928537 0.9764071702957153 1389
1585137961340 0.9733513593673706 1390
1585137993976 0.9729310274124146 1391
1585138027044 0.978557288646698 1392
1585138059793 0.9754480123519897 1393
1585138092219 0.975128173828125 1394
1585138124958 0.9742123484611511 1395
1585138157645 0.9793906211853027 1396
1585138190422 0.9785860776901245 1397
1585138223140 0.9764765501022339 1398
1585138255832 0.9808346033096313 1399
1585138288401 0.9763376712799072 1400
1585138321093 0.9809865355491638 1401
1585138354125 0.9725600481033325 1402
1585138386696 0.9743068218231201 1403
1585138420553 0.9786818623542786 1404
1585138453171 0.9753628969192505 1405
1585138485742 0.9779596328735352 1406
1585138518332 0.9778497219085693 1407
1585138551113 0.9788247346878052 1408
1585138583841 0.9801415205001831 1409
1585138616562 0.9768815040588379 1410
1585138648979 0.9793919324874878 1411
1585138681783 0.9780712127685547 1412
1585138714265 0.9750156402587891 1413
1585138746623 0.9783633947372437 1414
1585138779672 0.9729335904121399 1415
1585138812143 0.9797378778457642 1416
1585138844556 0.9757677316665649 1417
1585138877285 0.9779167175292969 1418
1585138910411 0.9797378778457642 1419
1585138943183 0.9812105894088745 1420
1585138975808 0.974419355392456 1421
1585139008269 0.9782153367996216 1422
1585139040956 0.9806944131851196 1423
1585139073526 0.9758489727973938 1424
1585139106141 0.9783502221107483 1425
1585139138692 0.9798793792724609 1426
1585139171721 0.9755434989929199 1427
1585139204492 0.9775195121765137 1428
1585139236842 0.9702109098434448 1429
1585139269692 0.9777095913887024 1430
1585139302744 0.9746710658073425 1431
1585139335447 0.9785468578338623 1432
1585139368239 0.9750169515609741 1433
1585139400867 0.9780568480491638 1434
1585139434514 0.9775850772857666 1435
1585139467059 0.9752696752548218 1436
1585139499486 0.9796146750450134 1437
1585139532269 0.9705605506896973 1438
1585139564968 0.9782794713973999 1439
1585139597605 0.9814596176147461 1440
1585139630133 0.9760716557502747 1441
1585139662739 0.9775890111923218 1442
1585139695864 0.9764765501022339 1443
1585139728504 0.9757782220840454 1444
1585139761094 0.9784747362136841 1445
1585139793480 0.9710873365402222 1446
1585139826357 0.9766679406166077 1447
1585139859084 0.979655385017395 1448
1585139891755 0.9791823029518127 1449
1585139924248 0.9729336500167847 1450
1585139956806 0.9777252674102783 1451
1585139989351 0.9785442352294922 1452
1585140022319 0.9731970429420471 1453
1585140054952 0.9794470071792603 1454
1585140087677 0.980765163898468 1455
1585140120551 0.972017765045166 1456
1585140154447 0.9763901233673096 1457
1585140187023 0.9730618596076965 1458
1585140219407 0.9800170063972473 1459
1585140251920 0.9790316820144653 1460
1585140284841 0.9782794713973999 1461
1585140317426 0.9757677912712097 1462
1585140350105 0.9791836142539978 1463
1585140383041 0.978765606880188 1464
1585140415649 0.9810585975646973 1465
1585140448105 0.9732401371002197 1466
1585140480533 0.9750890731811523 1467
1585140513287 0.9811805486679077 1468
1585140545695 0.9738954305648804 1469
1585140578480 0.9781407117843628 1470
1585140610906 0.9719757437705994 1471
1585140643251 0.9795872569084167 1472
1585140677098 0.9723503589630127 1473
1585140709864 0.9714463353157043 1474
1585140742827 0.9734680652618408 1475
1585140775375 0.972502589225769 1476
1585140807806 0.9750012755393982 1477
1585140843863 0.9805855751037598 1478
1585140876699 0.9793893098831177 1479
1585140909100 0.9788507223129272 1480
1585140941845 0.9777226448059082 1481
1585140974475 0.977932333946228 1482
1585141007205 0.9771054983139038 1483
1585141039720 0.9760468006134033 1484
1585141072384 0.9787656664848328 1485
1585141105624 0.9797942638397217 1486
1585141140111 0.9798754453659058 1487
1585141173122 0.9768238067626953 1488
1585141205791 0.97786545753479 1489
1585141238664 0.9786975383758545 1490
1585141271292 0.9768224954605103 1491
1585141303951 0.9790289998054504 1492
1585141336402 0.9793381690979004 1493
1585141369078 0.9832100868225098 1494
1585141401844 0.9785624742507935 1495
1585141434313 0.9796997308731079 1496
1585141466777 0.9734878540039062 1497
1585141499323 0.9765985012054443 1498
1585141531988 0.9769653081893921 1499
1585141564411 0.9750694036483765 1500
