1585176450559 0.027248883619904518 0
1585176483093 0.0051950919441878796 1
1585176515942 0.002842918736860156 2
1585176548599 0.004186602775007486 3
1585176581015 0.007154326420277357 4
1585176613412 0.010270440019667149 5
1585176645812 0.00832584872841835 6
1585176678378 0.004029661882668734 7
1585176711009 0.0019249331671744585 8
1585176743678 0.0009818400721997023 9
1585176776423 0.004953898023813963 10
1585176810185 0.006399425212293863 11
1585176842693 0.009429310448467731 12
1585176875388 0.013539775274693966 13
1585176908104 0.01641278900206089 14
1585176940522 0.018537767231464386 15
1585176973062 0.019847970455884933 16
1585177005594 0.021075788885354996 17
1585177038509 0.022096728906035423 18
1585177071028 0.02001669816672802 19
1585177104000 0.01991729810833931 20
1585177136673 0.018058273941278458 21
1585177168997 0.01585688441991806 22
1585177201647 0.01554941013455391 23
1585177234578 0.014172178693115711 24
1585177267668 0.014581115916371346 25
1585177305048 0.012750016525387764 26
1585177338675 0.012444324791431427 27
1585177371587 0.010970319621264935 28
1585177404205 0.01060222927480936 29
1585177436835 0.010518212802708149 30
1585177469307 0.011320722289383411 31
1585177501826 0.010868648067116737 32
1585177534360 0.01207573153078556 33
1585177566805 0.012297844514250755 34
1585177599556 0.012236286886036396 35
1585177632399 0.0124254385009408 36
1585177665214 0.012696555815637112 37
1585177697852 0.01317288912832737 38
1585177730583 0.013088072650134563 39
1585177763058 0.011270119808614254 40
1585177796704 0.01214594952762127 41
1585177829464 0.010532118380069733 42
1585177861701 0.00949103944003582 43
1585177893948 0.010726859793066978 44
1585177926249 0.009481221437454224 45
1585177958560 0.009627729654312134 46
1585177990955 0.009028274565935135 47
1585178023353 0.011074362322688103 48
1585178055809 0.008783292956650257 49
1585178088215 0.008498083800077438 50
1585178120531 0.00859789177775383 51
1585178152962 0.008314622566103935 52
1585178185092 0.0075955516658723354 53
1585178217612 0.00847971998155117 54
1585178249686 0.008211152628064156 55
1585178281817 0.008432078175246716 56
1585178314492 0.007196631748229265 57
1585178347163 0.006027912255376577 58
1585178379538 0.007035930175334215 59
1585178411844 0.00677774241194129 60
1585178444263 0.005562779493629932 61
1585178477090 0.00608523003757 62
1585178509549 0.0054652635008096695 63
1585178541880 0.007042244542390108 64
1585178574789 0.006812566891312599 65
1585178606820 0.006245918571949005 66
1585178639553 0.005453352816402912 67
1585178671806 0.006116264965385199 68
1585178705711 0.005827402696013451 69
1585178738399 0.006616824306547642 70
1585178771268 0.004935906734317541 71
1585178803723 0.005422158166766167 72
1585178836283 0.005970222409814596 73
1585178869099 0.004428028594702482 74
1585178902881 0.005648629739880562 75
1585178935522 0.004637398757040501 76
1585178968368 0.004411256406456232 77
1585179001121 0.005325863137841225 78
1585179033881 0.004926060326397419 79
1585179066548 0.004298156592994928 80
1585179099416 0.003724323585629463 81
1585179131920 0.0054867141880095005 82
1585179164536 0.004189713858067989 83
1585179196957 0.003919367212802172 84
1585179229312 0.004088596906512976 85
1585179261937 0.0057814172469079494 86
1585179294674 0.003441285341978073 87
1585179327211 0.0041510420851409435 88
1585179359683 0.003076310269534588 89
1585179392026 0.002579417312517762 90
1585179424563 0.0032097334042191505 91
1585179456897 0.0036820932291448116 92
1585179489723 0.004144889302551746 93
1585179522208 0.003294328460469842 94
1585179554575 0.004243143834173679 95
1585179587295 0.0028102202340960503 96
1585179619962 0.003932669758796692 97
1585179652833 0.003530009649693966 98
1585179685241 0.004007322713732719 99
1585179718192 0.0019279631087556481 100
1585179750793 0.0016891880659386516 101
1585179783573 0.0015185391530394554 102
1585179816888 0.003940170165151358 103
1585179849654 0.0025565247051417828 104
1585179882232 0.00246187811717391 105
1585179914883 0.003471407573670149 106
1585179947361 0.002166483551263809 107
1585179979844 0.0020253818947821856 108
1585180012314 0.0018598473398014903 109
1585180044666 0.002978775417432189 110
1585180078417 0.0021071843802928925 111
1585180110974 0.00210531591437757 112
1585180143973 0.0010810482781380415 113
1585180177657 0.0026916516944766045 114
1585180211303 0.0028133008163422346 115
1585180243729 0.0019609893206506968 116
1585180276559 0.0022797647397965193 117
1585180309245 0.0011812894372269511 118
1585180341663 0.0014227936044335365 119
1585180373734 0.0015914265532046556 120
