1585176450559 0.3327358365058899 0
1585176483093 0.45575475692749023 1
1585176515942 0.6072877049446106 2
1585176548599 0.6711556911468506 3
1585176581015 0.683089554309845 4
1585176613412 0.6742216944694519 5
1585176645812 0.677688717842102 6
1585176678378 0.6865566372871399 7
1585176711009 0.6810141801834106 8
1585176743678 0.6765801906585693 9
1585176776423 0.6876651048660278 10
1585176810185 0.6767216920852661 11
1585176842693 0.6981132626533508 12
1585176875388 0.7204481363296509 13
1585176908104 0.7607311010360718 14
1585176940522 0.7886556386947632 15
1585176973062 0.7928065657615662 16
1585177005594 0.8247405290603638 17
1585177038509 0.8241744637489319 18
1585177071028 0.8312735557556152 19
1585177104000 0.8280660510063171 20
1585177136673 0.8144810795783997 21
1585177168997 0.8050471544265747 22
1585177201647 0.8336321115493774 23
1585177234578 0.8021225929260254 24
1585177267668 0.8205659985542297 25
1585177305048 0.8126650452613831 26
1585177338675 0.8237736225128174 27
1585177371587 0.8175235986709595 28
1585177404205 0.832382082939148 29
1585177436835 0.8229480385780334 30
1585177469307 0.8364151120185852 31
1585177501826 0.8515565395355225 32
1585177534360 0.8695990443229675 33
1585177566805 0.8673820495605469 34
1585177599556 0.8484905958175659 35
1585177632399 0.8633490800857544 36
1585177665214 0.8694576025009155 37
1585177697852 0.8794574737548828 38
1585177730583 0.8683490753173828 39
1585177763058 0.8794574737548828 40
1585177796704 0.8768159747123718 41
1585177829464 0.8722405433654785 42
1585177861701 0.8698821067810059 43
1585177893948 0.8805660009384155 44
1585177926249 0.8775235414505005 45
1585177958560 0.8757075071334839 46
1585177990955 0.8809905648231506 47
1585178023353 0.8815329074859619 48
1585178055809 0.8794575929641724 49
1585178088215 0.870707631111145 50
1585178120531 0.874457597732544 51
1585178152962 0.8769575357437134 52
1585178185092 0.8748820424079895 53
1585178217612 0.8754244446754456 54
1585178249686 0.8744574785232544 55
1585178281817 0.875990629196167 56
1585178314492 0.8770990967750549 57
1585178347163 0.8857074975967407 58
1585178379538 0.869316041469574 59
1585178411844 0.8786320686340332 60
1585178444263 0.8725235462188721 61
1585178477090 0.865165114402771 62
1585178509549 0.8725236058235168 63
1585178541880 0.8786320686340332 64
1585178574789 0.8780660033226013 65
1585178606820 0.8757075071334839 66
1585178639553 0.8782075643539429 67
1585178671806 0.8757076263427734 68
1585178705711 0.8830659985542297 69
1585178738399 0.8830659985542297 70
1585178771268 0.8703065514564514 71
1585178803723 0.8772405982017517 72
1585178836283 0.8833490610122681 73
1585178869099 0.8725236058235168 74
1585178902881 0.882924497127533 75
1585178935522 0.8739150762557983 76
1585178968368 0.8751651048660278 77
1585179001121 0.8818159699440002 78
1585179033881 0.8695990443229675 79
1585179066548 0.8770990967750549 80
1585179099416 0.8772406578063965 81
1585179131920 0.8816745281219482 82
1585179164536 0.8784905672073364 83
1585179196957 0.8689150810241699 84
1585179229312 0.8783490657806396 85
1585179261937 0.8794575929641724 86
1585179294674 0.8807075023651123 87
1585179327211 0.8784905672073364 88
1585179359683 0.8773820996284485 89
1585179392026 0.8834905624389648 90
1585179424563 0.8747406005859375 91
1585179456897 0.8772405982017517 92
1585179489723 0.8791744709014893 93
1585179522208 0.8808490633964539 94
1585179554575 0.8739151358604431 95
1585179587295 0.8723820447921753 96
1585179619962 0.8794575929641724 97
1585179652833 0.8805660009384155 98
1585179685241 0.8680896162986755 99
1585179718192 0.8758490085601807 100
1585179750793 0.8782075643539429 101
1585179783573 0.8769575357437134 102
1585179816888 0.8737736344337463 103
1585179849654 0.8772405982017517 104
1585179882232 0.8793160319328308 105
1585179914883 0.8807076215744019 106
1585179947361 0.8748821020126343 107
1585179979844 0.874599039554596 108
1585180012314 0.8736320734024048 109
1585180044666 0.874457597732544 110
1585180078417 0.8675236105918884 111
1585180110974 0.8761321306228638 112
1585180143973 0.8722406029701233 113
1585180177657 0.8768160343170166 114
1585180211303 0.8734905123710632 115
1585180243729 0.8732075691223145 116
1585180276559 0.8733490705490112 117
1585180309245 0.8684905767440796 118
1585180341663 0.879315972328186 119
1585180373734 0.8784905672073364 120
