1585176438811 0.03446386754512787 0
1585176471624 0.00872707087546587 1
1585176504240 0.006109172012656927 2
1585176536835 0.009392562322318554 3
1585176569600 0.013821033760905266 4
1585176601984 0.018103163689374924 5
1585176634360 0.015930524095892906 6
1585176666926 0.007306827697902918 7
1585176699575 0.004953581374138594 8
1585176732008 0.0018094953848049045 9
1585176764928 0.0023316810838878155 10
1585176797939 0.003064873395487666 11
1585176831267 0.0052277385257184505 12
1585176863954 0.007812274154275656 13
1585176896649 0.010297452099621296 14
1585176929149 0.011695245280861855 15
1585176961741 0.012949653901159763 16
1585176994244 0.013875805772840977 17
1585177026701 0.013529224321246147 18
1585177059695 0.013809174299240112 19
1585177092280 0.013000774197280407 20
1585177125299 0.011601967737078667 21
1585177157692 0.010426986031234264 22
1585177189851 0.009490149095654488 23
1585177223252 0.009379999712109566 24
1585177255800 0.008078070357441902 25
1585177290155 0.008551022969186306 26
1585177327032 0.007102102041244507 27
1585177360096 0.0069264802150428295 28
1585177392664 0.007523783482611179 29
1585177425362 0.008011101745069027 30
1585177457900 0.0073691862635314465 31
1585177490369 0.007983947172760963 32
1585177522997 0.008677252568304539 33
1585177555330 0.00844729132950306 34
1585177588203 0.008928847499191761 35
1585177620752 0.009093505330383778 36
1585177653609 0.009765650145709515 37
1585177686328 0.009889734908938408 38
1585177719095 0.009583169594407082 39
1585177751685 0.008667975664138794 40
1585177784018 0.009189775213599205 41
1585177818010 0.008702637627720833 42
1585177850282 0.008603938855230808 43
1585177882625 0.008582323789596558 44
1585177915031 0.007966314442455769 45
1585177947216 0.007798092905431986 46
1585177979508 0.0072425371035933495 47
1585178012030 0.007676017936319113 48
1585178044365 0.0071437060832977295 49
1585178076815 0.007049958687275648 50
1585178109202 0.007384170312434435 51
1585178141660 0.006522893439978361 52
1585178173699 0.007664990145713091 53
1585178206210 0.006644456181675196 54
1585178238419 0.006039055529981852 55
1585178270349 0.006278397981077433 56
1585178303153 0.006491159554570913 57
1585178335764 0.006596342660486698 58
1585178368227 0.00612609414383769 59
1585178400637 0.007352479733526707 60
1585178432772 0.006816984154284 61
1585178465440 0.005743712652474642 62
1585178498175 0.006036160979419947 63
1585178530555 0.005718572530895472 64
1585178563130 0.005247112829238176 65
1585178595512 0.005672710482031107 66
1585178628084 0.005602798890322447 67
1585178660430 0.005131627898663282 68
1585178694108 0.005272107198834419 69
1585178726914 0.004881287459284067 70
1585178759796 0.005487456917762756 71
1585178792363 0.00428183376789093 72
1585178824736 0.004659845493733883 73
1585178857550 0.0050461930222809315 74
1585178891409 0.00429032975807786 75
1585178924036 0.0047397431917488575 76
1585178956623 0.0043496862053871155 77
1585178989608 0.004102928563952446 78
1585179022575 0.003995997831225395 79
1585179055111 0.004591920413076878 80
1585179087833 0.0043931263498961926 81
1585179120451 0.00275709037669003 82
1585179153245 0.00321509363129735 83
1585179185596 0.0033067085314542055 84
1585179217856 0.003538360120728612 85
1585179250561 0.0032544201239943504 86
1585179282944 0.0030637262389063835 87
1585179315695 0.003937708679586649 88
1585179348253 0.002367566106840968 89
1585179380720 0.002706361236050725 90
1585179413075 0.0031794693786650896 91
1585179445429 0.0037030838429927826 92
1585179478092 0.001961694797500968 93
1585179510777 0.0020192109514027834 94
1585179543153 0.0027844528667628765 95
1585179575862 0.001342853531241417 96
1585179608401 0.002977972151711583 97
1585179640955 0.0022810203954577446 98
1585179673796 0.0024441529531031847 99
1585179706705 0.0014825047692283988 100
1585179739354 0.002772438107058406 101
1585179772008 0.0017596464604139328 102
1585179804600 0.001229548710398376 103
1585179838263 0.0010956438491120934 104
1585179870757 0.00288887950591743 105
1585179903549 0.001593800145201385 106
1585179935926 0.0030609529931098223 107
1585179968402 0.002071885857731104 108
1585180000918 0.0006844090530648828 109
1585180033218 0.00276987929828465 110
1585180065627 0.002275141654536128 111
1585180099617 0.0014933027559891343 112
1585180132536 0.002293414669111371 113
1585180165512 0.0007041060016490519 114
1585180199694 0.0010498311603441834 115
1585180232242 0.0019226454896852374 116
1585180264827 0.0006554715218953788 117
1585180297663 0.003133990801870823 118
1585180330273 0.0028148326091468334 119
1585180362523 0.0014318018220365047 120
