1585176438811 0.8505749702453613 0
1585176471624 0.7585116624832153 1
1585176504240 0.7089470028877258 2
1585176536835 0.6807082295417786 3
1585176569600 0.674106240272522 4
1585176601984 0.6565452218055725 5
1585176634360 0.6397882103919983 6
1585176666926 0.6151897311210632 7
1585176699575 0.5986522436141968 8
1585176732008 0.5684323906898499 9
1585176764928 0.5553660988807678 10
1585176797939 0.5339029431343079 11
1585176831267 0.5198601484298706 12
1585176863954 0.506274938583374 13
1585176896649 0.49064505100250244 14
1585176929149 0.47962135076522827 15
1585176961741 0.46864187717437744 16
1585176994244 0.4581456780433655 17
1585177026701 0.4508223533630371 18
1585177059695 0.43744340538978577 19
1585177092280 0.43292465806007385 20
1585177125299 0.42328906059265137 21
1585177157692 0.4203903079032898 22
1585177189851 0.41304123401641846 23
1585177223252 0.40301600098609924 24
1585177255800 0.4023699164390564 25
1585177290155 0.395912766456604 26
1585177327032 0.39316362142562866 27
1585177360096 0.38746052980422974 28
1585177392664 0.38242197036743164 29
1585177425362 0.3762267827987671 30
1585177457900 0.37420931458473206 31
1585177490369 0.37446290254592896 32
1585177522997 0.36484843492507935 33
1585177555330 0.3601154088973999 34
1585177588203 0.35502317547798157 35
1585177620752 0.35827669501304626 36
1585177653609 0.3489896357059479 37
1585177686328 0.3458871841430664 38
1585177719095 0.3422679007053375 39
1585177751685 0.34353354573249817 40
1585177784018 0.3384924829006195 41
1585177818010 0.33826199173927307 42
1585177850282 0.3365025222301483 43
1585177882625 0.3327013850212097 44
1585177915031 0.33698350191116333 45
1585177947216 0.3337990343570709 46
1585177979508 0.3336719572544098 47
1585178012030 0.3282320201396942 48
1585178044365 0.3282967209815979 49
1585178076815 0.32719510793685913 50
1585178109202 0.322846919298172 51
1585178141660 0.32886409759521484 52
1585178173699 0.31862619519233704 53
1585178206210 0.32820025086402893 54
1585178238419 0.328861802816391 55
1585178270349 0.3262898027896881 56
1585178303153 0.32286325097084045 57
1585178335764 0.32276391983032227 58
1585178368227 0.3239573836326599 59
1585178400637 0.3195103704929352 60
1585178432772 0.31560298800468445 61
1585178465440 0.32233327627182007 62
1585178498175 0.33004269003868103 63
1585178530555 0.3188244700431824 64
1585178563130 0.3229001760482788 65
1585178595512 0.3240031898021698 66
1585178628084 0.3190961480140686 67
1585178660430 0.32252010703086853 68
1585178694108 0.3217707872390747 69
1585178726914 0.32773557305336 70
1585178759796 0.3169604539871216 71
1585178792363 0.3272629678249359 72
1585178824736 0.3215470314025879 73
1585178857550 0.32025983929634094 74
1585178891409 0.3225844204425812 75
1585178924036 0.32305142283439636 76
1585178956623 0.3240356743335724 77
1585178989608 0.3284774422645569 78
1585179022575 0.32439377903938293 79
1585179055111 0.3175644874572754 80
1585179087833 0.3283231556415558 81
1585179120451 0.3318101167678833 82
1585179153245 0.3429422676563263 83
1585179185596 0.3286356031894684 84
1585179217856 0.3328600823879242 85
1585179250561 0.32424500584602356 86
1585179282944 0.3320585787296295 87
1585179315695 0.3234739303588867 88
1585179348253 0.33025631308555603 89
1585179380720 0.33085694909095764 90
1585179413075 0.3319951295852661 91
1585179445429 0.33532729744911194 92
1585179478092 0.33581823110580444 93
1585179510777 0.3372862935066223 94
1585179543153 0.3336593210697174 95
1585179575862 0.3397219181060791 96
1585179608401 0.3378945291042328 97
1585179640955 0.347038596868515 98
1585179673796 0.3457029163837433 99
1585179706705 0.34350815415382385 100
1585179739354 0.35013729333877563 101
1585179772008 0.35327020287513733 102
1585179804600 0.3561248481273651 103
1585179838263 0.3538179397583008 104
1585179870757 0.36062324047088623 105
1585179903549 0.3565196394920349 106
1585179935926 0.3609752058982849 107
1585179968402 0.3576963245868683 108
1585180000918 0.3582572042942047 109
1585180033218 0.3592357635498047 110
1585180065627 0.357160747051239 111
1585180099617 0.35972556471824646 112
1585180132536 0.36339226365089417 113
1585180165512 0.3592042922973633 114
1585180199694 0.3624936044216156 115
1585180232242 0.36253178119659424 116
1585180264827 0.3572345972061157 117
1585180297663 0.3640718162059784 118
1585180330273 0.3571637272834778 119
1585180362523 0.3527158796787262 120
