1585176450559 0.8315979242324829 0
1585176483093 0.7384952306747437 1
1585176515942 0.6887212991714478 2
1585176548599 0.6601724624633789 3
1585176581015 0.6443091034889221 4
1585176613412 0.6354579925537109 5
1585176645812 0.6134381890296936 6
1585176678378 0.5819135904312134 7
1585176711009 0.5667967796325684 8
1585176743678 0.5498716831207275 9
1585176776423 0.5233531594276428 10
1585176810185 0.5119046568870544 11
1585176842693 0.49418047070503235 12
1585176875388 0.47899940609931946 13
1585176908104 0.4668614864349365 14
1585176940522 0.4554387629032135 15
1585176973062 0.44550999999046326 16
1585177005594 0.4336460530757904 17
1585177038509 0.420783668756485 18
1585177071028 0.413210391998291 19
1585177104000 0.4005080461502075 20
1585177136673 0.39590972661972046 21
1585177168997 0.3935951292514801 22
1585177201647 0.37979426980018616 23
1585177234578 0.3792198598384857 24
1585177267668 0.36621057987213135 25
1585177305048 0.36276310682296753 26
1585177338675 0.3579680919647217 27
1585177371587 0.35575973987579346 28
1585177404205 0.35071003437042236 29
1585177436835 0.35204508900642395 30
1585177469307 0.34353333711624146 31
1585177501826 0.3406102657318115 32
1585177534360 0.329974889755249 33
1585177566805 0.3273528814315796 34
1585177599556 0.32781079411506653 35
1585177632399 0.31928494572639465 36
1585177665214 0.31437569856643677 37
1585177697852 0.30876684188842773 38
1585177730583 0.3079606592655182 39
1585177763058 0.3086010217666626 40
1585177796704 0.3013606667518616 41
1585177829464 0.30382153391838074 42
1585177861701 0.30694568157196045 43
1585177893948 0.2958061099052429 44
1585177926249 0.30290985107421875 45
1585177958560 0.2990056276321411 46
1585177990955 0.298921138048172 47
1585178023353 0.2922511100769043 48
1585178055809 0.29816460609436035 49
1585178088215 0.29972341656684875 50
1585178120531 0.2902974486351013 51
1585178152962 0.29176685214042664 52
1585178185092 0.29540249705314636 53
1585178217612 0.2876715064048767 54
1585178249686 0.2892846465110779 55
1585178281817 0.29070261120796204 56
1585178314492 0.2900576889514923 57
1585178347163 0.30050188302993774 58
1585178379538 0.2917672395706177 59
1585178411844 0.29655471444129944 60
1585178444263 0.29626211524009705 61
1585178477090 0.2912825345993042 62
1585178509549 0.2920547127723694 63
1585178541880 0.2923927903175354 64
1585178574789 0.2851906418800354 65
1585178606820 0.29671183228492737 66
1585178639553 0.2939966917037964 67
1585178671806 0.2882210612297058 68
1585178705711 0.2876574695110321 69
1585178738399 0.28651151061058044 70
1585178771268 0.29032039642333984 71
1585178803723 0.294268935918808 72
1585178836283 0.2904723286628723 73
1585178869099 0.2901802361011505 74
1585178902881 0.28409165143966675 75
1585178935522 0.29189035296440125 76
1585178968368 0.2938573360443115 77
1585179001121 0.28608137369155884 78
1585179033881 0.28982990980148315 79
1585179066548 0.2907831072807312 80
1585179099416 0.2927698791027069 81
1585179131920 0.2813044488430023 82
1585179164536 0.29118478298187256 83
1585179196957 0.29670384526252747 84
1585179229312 0.289301335811615 85
1585179261937 0.28540146350860596 86
1585179294674 0.28836002945899963 87
1585179327211 0.2934744954109192 88
1585179359683 0.2933012843132019 89
1585179392026 0.29256099462509155 90
1585179424563 0.30148428678512573 91
1585179456897 0.2964361608028412 92
1585179489723 0.28889936208724976 93
1585179522208 0.30260294675827026 94
1585179554575 0.2995959222316742 95
1585179587295 0.30903175473213196 96
1585179619962 0.2967115342617035 97
1585179652833 0.29941657185554504 98
1585179685241 0.3134559988975525 99
1585179718192 0.3093401789665222 100
1585179750793 0.3045012354850769 101
1585179783573 0.3081408441066742 102
1585179816888 0.3188726007938385 103
1585179849654 0.3065366744995117 104
1585179882232 0.3046392798423767 105
1585179914883 0.309255450963974 106
1585179947361 0.31349027156829834 107
1585179979844 0.313505619764328 108
1585180012314 0.31651023030281067 109
1585180044666 0.3144262433052063 110
1585180078417 0.31848928332328796 111
1585180110974 0.31414464116096497 112
1585180143973 0.3177315592765808 113
1585180177657 0.30856335163116455 114
1585180211303 0.31184259057044983 115
1585180243729 0.3081710934638977 116
1585180276559 0.31264728307724 117
1585180309245 0.31674203276634216 118
1585180341663 0.30865058302879333 119
1585180373734 0.3087063431739807 120
