1585176438811 0.28348657488822937 0
1585176471624 0.42678162455558777 1
1585176504240 0.6097701191902161 2
1585176536835 0.6762068867683411 3
1585176569600 0.676436722278595 4
1585176601984 0.6772413849830627 5
1585176634360 0.677241325378418 6
1585176666926 0.6796551942825317 7
1585176699575 0.676436722278595 8
1585176732008 0.6812644004821777 9
1585176764928 0.6756321787834167 10
1585176797939 0.6852107644081116 11
1585176831267 0.700766384601593 12
1585176863954 0.6980459690093994 13
1585176896649 0.7150958180427551 14
1585176929149 0.7324903607368469 15
1585176961741 0.7373180389404297 16
1585176994244 0.7441762089729309 17
1585177026701 0.7490421533584595 18
1585177059695 0.7568965554237366 19
1585177092280 0.7641761898994446 20
1585177125299 0.7600383758544922 21
1585177157692 0.7397701740264893 22
1585177189851 0.7590421438217163 23
1585177223252 0.7633715867996216 24
1585177255800 0.7601532340049744 25
1585177290155 0.7651723623275757 26
1585177327032 0.7642912268638611 27
1585177360096 0.7654022574424744 28
1585177392664 0.7844827771186829 29
1585177425362 0.8032566905021667 30
1585177457900 0.8059003949165344 31
1585177490369 0.7986589670181274 32
1585177522997 0.8205364346504211 33
1585177555330 0.8203448057174683 34
1585177588203 0.8346743583679199 35
1585177620752 0.8294252753257751 36
1585177653609 0.8286206722259521 37
1585177686328 0.8384292125701904 38
1585177719095 0.837011456489563 39
1585177751685 0.8311493992805481 40
1585177784018 0.8385440111160278 41
1585177818010 0.8463984727859497 42
1585177850282 0.8394253253936768 43
1585177882625 0.8503448963165283 44
1585177915031 0.8376244902610779 45
1585177947216 0.8365134000778198 46
1585177979508 0.8383141756057739 47
1585178012030 0.8463984727859497 48
1585178044365 0.8391187787055969 49
1585178076815 0.8405364155769348 50
1585178109202 0.8594253659248352 51
1585178141660 0.8372030258178711 52
1585178173699 0.8610345125198364 53
1585178206210 0.8477011919021606 54
1585178238419 0.8413410186767578 55
1585178270349 0.8500382900238037 56
1585178303153 0.8513410687446594 57
1585178335764 0.8524520993232727 58
1585178368227 0.8580076694488525 59
1585178400637 0.8554789423942566 60
1585178432772 0.8596168756484985 61
1585178465440 0.8462835550308228 62
1585178498175 0.8513409495353699 63
1585178530555 0.8477010726928711 64
1585178563130 0.8427585959434509 65
1585178595512 0.8496168255805969 66
1585178628084 0.8510344624519348 67
1585178660430 0.8594253659248352 68
1585178694108 0.8440612554550171 69
1585178726914 0.8328736424446106 70
1585178759796 0.8499233722686768 71
1585178792363 0.8360918760299683 72
1585178824736 0.8568965196609497 73
1585178857550 0.8527586460113525 74
1585178891409 0.8467049598693848 75
1585178924036 0.8519540429115295 76
1585178956623 0.8446743488311768 77
1585178989608 0.837701141834259 78
1585179022575 0.8422605395317078 79
1585179055111 0.8529502749443054 80
1585179087833 0.8350958228111267 81
1585179120451 0.8327586650848389 82
1585179153245 0.815632164478302 83
1585179185596 0.8350957632064819 84
1585179217856 0.8306514024734497 85
1585179250561 0.8499233722686768 86
1585179282944 0.8362069129943848 87
1585179315695 0.8418391346931458 88
1585179348253 0.8405364155769348 89
1585179380720 0.8322604894638062 90
1585179413075 0.8360919952392578 91
1585179445429 0.8319540023803711 92
1585179478092 0.8322605490684509 93
1585179510777 0.8286207318305969 94
1585179543153 0.83003830909729 95
1585179575862 0.8244827389717102 96
1585179608401 0.82478928565979 97
1585179640955 0.8200382590293884 98
1585179673796 0.8327586054801941 99
1585179706705 0.8213409781455994 100
1585179739354 0.8188121914863586 101
1585179772008 0.8157087564468384 102
1585179804600 0.8149808049201965 103
1585179838263 0.8152874112129211 104
1585179870757 0.8162068724632263 105
1585179903549 0.8202298283576965 106
1585179935926 0.8197318315505981 107
1585179968402 0.8167049884796143 108
1585180000918 0.8163984417915344 109
1585180033218 0.8204214572906494 110
1585180065627 0.8145977258682251 111
1585180099617 0.8167049884796143 112
1585180132536 0.8111494183540344 113
1585180165512 0.8136780858039856 114
1585180199694 0.8112643957138062 115
1585180232242 0.8122604489326477 116
1585180264827 0.8183141946792603 117
1585180297663 0.8167049884796143 118
1585180330273 0.820842981338501 119
1585180362523 0.8221455812454224 120
