1585176458339 0.30811119079589844 0
1585176491057 0.4412682056427002 1
1585176523669 0.6085289120674133 2
1585176556444 0.6736812591552734 3
1585176588944 0.67976313829422 4
1585176621252 0.6757315397262573 5
1585176653871 0.67746502161026 6
1585176686233 0.6831059455871582 7
1585176718946 0.6787254810333252 8
1585176751608 0.6789222955703735 9
1585176784422 0.6816486120223999 10
1585176818106 0.6809662580490112 11
1585176850788 0.6994398236274719 12
1585176883353 0.7092470526695251 13
1585176915923 0.7379134893417358 14
1585176948441 0.7605730295181274 15
1585176980779 0.7650623321533203 16
1585177013390 0.7844583988189697 17
1585177046384 0.7866083383560181 18
1585177078936 0.7940850257873535 19
1585177111820 0.7961211204528809 20
1585177144526 0.7872596979141235 21
1585177176786 0.772408664226532 22
1585177209428 0.7963371276855469 23
1585177242541 0.7827470898628235 24
1585177276011 0.790359616279602 25
1585177313691 0.7889187335968018 26
1585177346563 0.7940324544906616 27
1585177379433 0.7914628982543945 28
1585177412095 0.8084324598312378 29
1585177444744 0.8131023645401001 30
1585177477240 0.8211577534675598 31
1585177509869 0.825107753276825 32
1585177542184 0.8450677394866943 33
1585177574817 0.8438634276390076 34
1585177607496 0.8415824770927429 35
1585177640429 0.8463871479034424 36
1585177673152 0.8490391373634338 37
1585177705737 0.8589433431625366 38
1585177738571 0.8526802659034729 39
1585177770867 0.8553034067153931 40
1585177804741 0.8576799631118774 41
1585177837269 0.8593195080757141 42
1585177869476 0.8546537160873413 43
1585177901872 0.8654554486274719 44
1585177934097 0.8575739860534668 45
1585177966319 0.8561104536056519 46
1585177998858 0.8596524000167847 47
1585178031276 0.8639656901359558 48
1585178063755 0.859288215637207 49
1585178096013 0.8556220531463623 50
1585178128477 0.8669414520263672 51
1585178160696 0.8570802807807922 52
1585178193054 0.8679583072662354 53
1585178225458 0.8615628480911255 54
1585178257443 0.8578992486000061 55
1585178289739 0.8630144596099854 56
1585178322386 0.8642200827598572 57
1585178355053 0.8690798282623291 58
1585178387476 0.8636618852615356 59
1585178419629 0.8670555353164673 60
1585178452226 0.8660702109336853 61
1585178485037 0.8557243347167969 62
1585178517448 0.8619322776794434 63
1585178549776 0.8631665706634521 64
1585178582483 0.8604122996330261 65
1585178614712 0.8626621961593628 66
1585178647478 0.8646210432052612 67
1585178679671 0.8675664663314819 68
1585178713735 0.8635636568069458 69
1585178746434 0.8579698204994202 70
1585178779222 0.8601149320602417 71
1585178811538 0.8566662073135376 72
1585178844159 0.8701227903366089 73
1585178878077 0.8626410961151123 74
1585178910606 0.8648147583007812 75
1585178943457 0.8629345893859863 76
1585178976306 0.8599197268486023 77
1585179009073 0.8597585558891296 78
1585179041928 0.8559297919273376 79
1585179074517 0.8650246858596802 80
1585179107218 0.856168270111084 81
1585179139865 0.8572165966033936 82
1585179172402 0.8470613956451416 83
1585179204792 0.8520054221153259 84
1585179237279 0.8545002341270447 85
1585179269744 0.8646904826164246 86
1585179302495 0.8584572076797485 87
1585179335094 0.8601648807525635 88
1585179367529 0.8589592576026917 89
1585179399755 0.8578755259513855 90
1585179432344 0.8554162979125977 91
1585179464838 0.8545973300933838 92
1585179497549 0.8557175397872925 93
1585179530064 0.8547348976135254 94
1585179562504 0.851976752281189 95
1585179595255 0.8484324216842651 96
1585179627889 0.8521234393119812 97
1585179660666 0.8503021001815796 98
1585179693089 0.8504241108894348 99
1585179726207 0.8485950231552124 100
1585179759101 0.8485099077224731 101
1585179791513 0.8463331460952759 102
1585179825017 0.8443772196769714 103
1585179857550 0.8462640047073364 104
1585179890146 0.8477614521980286 105
1585179922760 0.8504687547683716 106
1585179955102 0.8473069667816162 107
1585179987764 0.8456519842147827 108
1585180020131 0.845015287399292 109
1585180052469 0.8474395275115967 110
1585180086365 0.8410606384277344 111
1585180118908 0.846418559551239 112
1585180152046 0.8416950106620789 113
1585180185618 0.8452470302581787 114
1585180219131 0.8423774242401123 115
1585180251557 0.8427339792251587 116
1585180284503 0.8458316326141357 117
1585180317096 0.8425977826118469 118
1585180349527 0.8500794768333435 119
1585180381634 0.8503180742263794 120
