1585176458339 0.03085637465119362 0
1585176491057 0.006961081176996231 1
1585176523669 0.00447604525834322 2
1585176556444 0.006789582781493664 3
1585176588944 0.010487680323421955 4
1585176621252 0.014186801388859749 5
1585176653871 0.012128186412155628 6
1585176686233 0.005668244790285826 7
1585176718946 0.003439257387071848 8
1585176751608 0.0013956676702946424 9
1585176784422 0.003642789553850889 10
1585176818106 0.004732149187475443 11
1585176850788 0.007328524254262447 12
1585176883353 0.010676024481654167 13
1585176915923 0.01335512101650238 14
1585176948441 0.01511650625616312 15
1585176980779 0.01639881171286106 16
1585177013390 0.0174757968634367 17
1585177046384 0.017812976613640785 18
1585177078936 0.01691293716430664 19
1585177111820 0.016459036618471146 20
1585177144526 0.014830120839178562 21
1585177176786 0.01314193569123745 22
1585177209428 0.012519779615104198 23
1585177242541 0.011776089668273926 24
1585177276011 0.011329593136906624 25
1585177313691 0.010650519281625748 26
1585177346563 0.009773213416337967 27
1585177379433 0.008948399685323238 28
1585177412095 0.00906300637871027 29
1585177444744 0.009264657273888588 30
1585177477240 0.009344954043626785 31
1585177509869 0.00942629761993885 32
1585177542184 0.010376492515206337 33
1585177574817 0.010372567921876907 34
1585177607496 0.010582567192614079 35
1585177640429 0.010759471915662289 36
1585177673152 0.011231102980673313 37
1585177705737 0.011531312018632889 38
1585177738571 0.011335620656609535 39
1585177770867 0.009969048202037811 40
1585177804741 0.010667862370610237 41
1585177837269 0.009617378003895283 42
1585177869476 0.009047489613294601 43
1585177901872 0.009654591791331768 44
1585177934097 0.008723767474293709 45
1585177966319 0.008712911047041416 46
1585177998858 0.00813540630042553 47
1585178031276 0.009375190362334251 48
1585178063755 0.007963499054312706 49
1585178096013 0.007774021476507187 50
1585178128477 0.007991030812263489 51
1585178160696 0.007418758235871792 52
1585178193054 0.007630270905792713 53
1585178225458 0.007562087848782539 54
1585178257443 0.00712510384619236 55
1585178289739 0.007355238310992718 56
1585178322386 0.006843895651400089 57
1585178355053 0.006312127225100994 58
1585178387476 0.006581012159585953 59
1585178419629 0.007065110839903355 60
1585178452226 0.006189881823956966 61
1585178485037 0.005914471112191677 62
1585178517448 0.005750712007284164 63
1585178549776 0.00638040853664279 64
1585178582483 0.006029839627444744 65
1585178614712 0.005959314294159412 66
1585178647478 0.005528075620532036 67
1585178679671 0.0056239464320242405 68
1585178713735 0.005549754947423935 69
1585178746434 0.005749056115746498 70
1585178779222 0.005211682058870792 71
1585178811538 0.004851995967328548 72
1585178844159 0.005315033718943596 73
1585178878077 0.004737110808491707 74
1585178910606 0.004969479516148567 75
1585178943457 0.004688571207225323 76
1585178976306 0.00438047107309103 77
1585179009073 0.004714395850896835 78
1585179041928 0.004461029078811407 79
1585179074517 0.004445038735866547 80
1585179107218 0.0040587252005934715 81
1585179139865 0.004121902398765087 82
1585179172402 0.0037024037446826696 83
1585179204792 0.0036130379885435104 84
1585179237279 0.0038134786300361156 85
1585179269744 0.004517918452620506 86
1585179302495 0.0032525057904422283 87
1585179335094 0.004044375382363796 88
1585179367529 0.0027219383046031 89
1585179399755 0.0026428892742842436 90
1585179432344 0.0031946012750267982 91
1585179464838 0.003692588536068797 92
1585179497549 0.003053292166441679 93
1585179530064 0.0026567697059363127 94
1585179562504 0.003513798350468278 95
1585179595255 0.0020765368826687336 96
1585179627889 0.0034553208388388157 97
1585179660666 0.0029055150225758553 98
1585179693089 0.0032257377170026302 99
1585179726207 0.0017052339389920235 100
1585179759101 0.002230813028290868 101
1585179791513 0.001639092806726694 102
1585179825017 0.0025848594959825277 103
1585179857550 0.0018260842189192772 104
1585179890146 0.002675378695130348 105
1585179922760 0.002532603917643428 106
1585179955102 0.002613718155771494 107
1585179987764 0.0020486339926719666 108
1585180020131 0.0012721281964331865 109
1585180052469 0.0028743273578584194 110
1585180086365 0.002191163133829832 111
1585180118908 0.0017993093933910131 112
1585180152046 0.0016872314736247063 113
1585180185618 0.0016978788189589977 114
1585180219131 0.00193156604655087 115
1585180251557 0.0019418173469603062 116
1585180284503 0.0014676181599497795 117
1585180317096 0.002157640177756548 118
1585180349527 0.002118813106790185 119
1585180381634 0.0015116141876205802 120
