1585176458339 0.8410864472389221 0
1585176491057 0.7485034465789795 1
1585176523669 0.6988341808319092 2
1585176556444 0.6704403162002563 3
1585176588944 0.6592077016830444 4
1585176621252 0.6460015773773193 5
1585176653871 0.626613199710846 6
1585176686233 0.5985516309738159 7
1585176718946 0.5827245116233826 8
1585176751608 0.5591520071029663 9
1585176784422 0.5393596291542053 10
1585176818106 0.5229038000106812 11
1585176850788 0.5070202946662903 12
1585176883353 0.49263715744018555 13
1585176915923 0.4787532687187195 14
1585176948441 0.4675300717353821 15
1585176980779 0.45707595348358154 16
1585177013390 0.44589585065841675 17
1585177046384 0.43580299615859985 18
1585177078936 0.4253268837928772 19
1585177111820 0.4167163372039795 20
1585177144526 0.4095993936061859 21
1585177176786 0.40699273347854614 22
1585177209428 0.3964177370071411 23
1585177242541 0.3911179304122925 24
1585177276011 0.38429024815559387 25
1585177313691 0.37933793663978577 26
1585177346563 0.37556585669517517 27
1585177379433 0.3716101348400116 28
1585177412095 0.366566002368927 29
1585177444744 0.3641359210014343 30
1585177477240 0.35887134075164795 31
1585177509869 0.35753658413887024 32
1585177542184 0.3474116623401642 33
1585177574817 0.34373414516448975 34
1585177607496 0.34141698479652405 35
1585177640429 0.33878082036972046 36
1585177673152 0.3316826820373535 37
1585177705737 0.32732701301574707 38
1585177738571 0.32511427998542786 39
1585177770867 0.3260672688484192 40
1585177804741 0.31992655992507935 41
1585177837269 0.3210417628288269 42
1585177869476 0.3217241168022156 43
1585177901872 0.3142537474632263 44
1585177934097 0.31994667649269104 45
1585177966319 0.3164023160934448 46
1585177998858 0.3162965476512909 47
1585178031276 0.31024158000946045 48
1585178063755 0.3132306635379791 49
1585178096013 0.31345927715301514 50
1585178128477 0.30657219886779785 51
1585178160696 0.31031548976898193 52
1585178193054 0.3070143461227417 53
1585178225458 0.307935893535614 54
1585178257443 0.30907320976257324 55
1585178289739 0.3084962069988251 56
1585178322386 0.3064604699611664 57
1585178355053 0.31163290143013 58
1585178387476 0.3078623116016388 59
1585178419629 0.3080325424671173 60
1585178452226 0.30593255162239075 61
1585178485037 0.30680790543556213 62
1585178517448 0.311048686504364 63
1585178549776 0.3056086301803589 64
1585178582483 0.3040454089641571 65
1585178614712 0.3103575110435486 66
1585178647478 0.3065464198589325 67
1585178679671 0.305370569229126 68
1585178713735 0.3047141432762146 69
1585178746434 0.3071235418319702 70
1585178779222 0.3036404252052307 71
1585178811538 0.31076595187187195 72
1585178844159 0.3060096800327301 73
1585178878077 0.3052200376987457 74
1585178910606 0.30333805084228516 75
1585178943457 0.3074708878993988 76
1585178976306 0.30894649028778076 77
1585179009073 0.30727940797805786 78
1585179041928 0.30711185932159424 79
1585179074517 0.3041737973690033 80
1585179107218 0.31054651737213135 81
1585179139865 0.306557297706604 82
1585179172402 0.31706351041793823 83
1585179204792 0.3126697242259979 84
1585179237279 0.3110806941986084 85
1585179269744 0.30482321977615356 86
1585179302495 0.3102093040943146 87
1585179335094 0.30847421288490295 88
1585179367529 0.3117787837982178 89
1585179399755 0.3117089867591858 90
1585179432344 0.3167397081851959 91
1585179464838 0.31588172912597656 92
1585179497549 0.3123587965965271 93
1585179530064 0.3199446201324463 94
1585179562504 0.3166276216506958 95
1585179595255 0.32437682151794434 96
1585179627889 0.31730303168296814 97
1585179660666 0.32322758436203003 98
1585179693089 0.3295794725418091 99
1585179726207 0.32642418146133423 100
1585179759101 0.32731926441192627 101
1585179791513 0.33070552349090576 102
1585179825017 0.3374987244606018 103
1585179857550 0.33017730712890625 104
1585179890146 0.33263126015663147 105
1585179922760 0.33288753032684326 106
1585179955102 0.3372327387332916 107
1585179987764 0.33560097217559814 108
1585180020131 0.3373837172985077 109
1585180052469 0.3368310034275055 110
1585180086365 0.3378250002861023 111
1585180118908 0.3369351029396057 112
1585180152046 0.3405619263648987 113
1585180185618 0.3338838219642639 114
1585180219131 0.3371680974960327 115
1585180251557 0.33535143733024597 116
1585180284503 0.33494094014167786 117
1585180317096 0.3404069244861603 118
1585180349527 0.33290714025497437 119
1585180381634 0.33071112632751465 120
