1585158725205 0.8505750298500061 0
1585158758208 0.7582590579986572 1
1585158791095 0.7078867554664612 2
1585158824633 0.680130124092102 3
1585158857676 0.6754474639892578 4
1585158892231 0.6602656841278076 5
1585158925729 0.6457201242446899 6
1585158959219 0.6216796636581421 7
1585158992950 0.6052223443984985 8
1585159026175 0.5718501806259155 9
1585159059430 0.5562986731529236 10
1585159092549 0.5302959680557251 11
1585159126158 0.5130652189254761 12
1585159159423 0.4972380995750427 13
1585159192712 0.4811260998249054 14
1585159225744 0.47060680389404297 15
1585159258979 0.4617390036582947 16
1585159292011 0.4516616463661194 17
1585159325217 0.443453848361969 18
1585159358188 0.42970043420791626 19
1585159391473 0.42340752482414246 20
1585159424712 0.4110819101333618 21
1585159457797 0.40525367856025696 22
1585159491316 0.39615631103515625 23
1585159524506 0.38616713881492615 24
1585159558039 0.3826274871826172 25
1585159591548 0.37653419375419617 26
1585159624572 0.3726392686367035 27
1585159657635 0.36751022934913635 28
1585159690836 0.3626643717288971 29
1585159723852 0.3572268486022949 30
1585159757575 0.35529017448425293 31
1585159790664 0.3560791611671448 32
1585159823838 0.3488631844520569 33
1585159856812 0.3443984091281891 34
1585159890021 0.3399258852005005 35
1585159923385 0.3440191149711609 36
1585159956307 0.3353508412837982 37
1585159989337 0.3328835666179657 38
1585160023025 0.32913169264793396 39
1585160056378 0.330903559923172 40
1585160091420 0.3254823386669159 41
1585160125188 0.32477107644081116 42
1585160158149 0.3222701847553253 43
1585160192336 0.3176034986972809 44
1585160225480 0.32133933901786804 45
1585160258841 0.31705448031425476 46
1585160292287 0.31605494022369385 47
1585160325172 0.30925533175468445 48
1585160358042 0.3081246614456177 49
1585160391190 0.30645397305488586 50
1585160424604 0.30040767788887024 51
1585160458204 0.30614012479782104 52
1585160491306 0.2951847314834595 53
1585160524293 0.3029177486896515 54
1585160557484 0.3034694790840149 55
1585160591169 0.2992987334728241 56
1585160624566 0.29394152760505676 57
1585160657870 0.292792946100235 58
1585160692967 0.293783575296402 59
1585160725925 0.2868563234806061 60
1585160758967 0.2822595536708832 61
1585160792208 0.2875252366065979 62
1585160825661 0.29562124609947205 63
1585160858727 0.2815944254398346 64
1585160891621 0.28425708413124084 65
1585160925010 0.28466561436653137 66
1585160959635 0.2784658670425415 67
1585160992741 0.2808528542518616 68
1585161025745 0.2777598202228546 69
1585161058611 0.28233686089515686 70
1585161091187 0.2704284191131592 71
1585161123991 0.2814910411834717 72
1585161156425 0.2720779776573181 73
1585161188976 0.2706359922885895 74
1585161220893 0.2702755033969879 75
1585161253913 0.26847878098487854 76
1585161286317 0.26810145378112793 77
1585161318602 0.27362385392189026 78
1585161350865 0.2677869200706482 79
1585161383847 0.2597407102584839 80
1585161417829 0.2707670331001282 81
1585161450325 0.2709738612174988 82
1585161482596 0.28423234820365906 83
1585161514866 0.2634707987308502 84
1585161547644 0.26580408215522766 85
1585161580146 0.25516554713249207 86
1585161612769 0.2611235976219177 87
1585161645270 0.25017181038856506 88
1585161677938 0.2545706331729889 89
1585161710404 0.2538014054298401 90
1585161743040 0.252725750207901 91
1585161775782 0.2546547055244446 92
1585161808364 0.24941690266132355 93
1585161840670 0.24918760359287262 94
1585161873310 0.24338772892951965 95
1585161905974 0.2446805089712143 96
1585161938672 0.24367006123065948 97
1585161971156 0.25149884819984436 98
1585162003853 0.24802571535110474 99
1585162036322 0.2408607006072998 100
1585162070144 0.24664370715618134 101
1585162103073 0.24178361892700195 102
1585162135589 0.2441847324371338 103
1585162168227 0.24054677784442902 104
1585162200581 0.24862170219421387 105
1585162233231 0.23852044343948364 106
1585162265806 0.2446237951517105 107
1585162298636 0.23859742283821106 108
1585162331004 0.23483718931674957 109
1585162363324 0.2425040900707245 110
1585162397064 0.2301109880208969 111
1585162429668 0.23461733758449554 112
1585162461994 0.24045896530151367 113
1585162494932 0.22854484617710114 114
1585162527516 0.23640866577625275 115
1585162560128 0.23819586634635925 116
1585162592770 0.229591503739357 117
1585162625348 0.23740972578525543 118
1585162657955 0.23247133195400238 119
1585162690541 0.22637131810188293 120
