1585158725205 0.28348657488822937 0
1585158758208 0.42678162455558777 1
1585158791095 0.6142145395278931 2
1585158824633 0.67954021692276 3
1585158857676 0.676436722278595 4
1585158892231 0.6772413849830627 5
1585158925729 0.677241325378418 6
1585158959219 0.6796551942825317 7
1585158992950 0.676436722278595 8
1585159026175 0.6812644004821777 9
1585159059430 0.6756321787834167 10
1585159092549 0.680766224861145 11
1585159126158 0.6963217854499817 12
1585159159423 0.6991570591926575 13
1585159192712 0.7262069582939148 14
1585159225744 0.7579310536384583 15
1585159258979 0.7760153412818909 16
1585159292011 0.7924520969390869 17
1585159325217 0.7950958013534546 18
1585159358188 0.8160919547080994 19
1585159391473 0.802758514881134 20
1585159424712 0.8111494183540344 21
1585159457797 0.8068199157714844 22
1585159491316 0.8139846920967102 23
1585159524506 0.8286207318305969 24
1585159558039 0.8216474652290344 25
1585159591548 0.8154788613319397 26
1585159624572 0.8119539618492126 27
1585159657635 0.8252873420715332 28
1585159690836 0.8254788517951965 29
1585159723852 0.8243677616119385 30
1585159757575 0.8354789018630981 31
1585159790664 0.8285440802574158 32
1585159823838 0.8259003758430481 33
1585159856812 0.8475095629692078 34
1585159890021 0.8480076789855957 35
1585159923385 0.8368965983390808 36
1585159956307 0.8421455025672913 37
1585159989337 0.8423755168914795 38
1585160023025 0.8568965792655945 39
1585160056378 0.842260479927063 40
1585160091420 0.8531800508499146 41
1585160125188 0.8519539833068848 42
1585160158149 0.8496168255805969 43
1585160192336 0.8630651235580444 44
1585160225480 0.8495402336120605 45
1585160258841 0.8539846539497375 46
1585160292287 0.8460920453071594 47
1585160325172 0.8472030758857727 48
1585160358042 0.8629501461982727 49
1585160391190 0.8613409996032715 50
1585160424604 0.8768965601921082 51
1585160458204 0.8460919857025146 52
1585160491306 0.8699234127998352 53
1585160524293 0.8665899634361267 54
1585160557484 0.8583141565322876 55
1585160591169 0.8652873635292053 56
1585160624566 0.8681992292404175 57
1585160657870 0.8713410496711731 58
1585160692967 0.8777011036872864 59
1585160725925 0.8726437091827393 60
1585160758967 0.8804214596748352 61
1585160792208 0.8737547993659973 62
1585160825661 0.8619540333747864 63
1585160858727 0.8699234127998352 64
1585160891621 0.8802298903465271 65
1585160925010 0.8775861859321594 66
1585160959635 0.8781991600990295 67
1585160992741 0.873869776725769 68
1585161025745 0.8751723766326904 69
1585161058611 0.8794253468513489 70
1585161091187 0.8810345530509949 71
1585161123991 0.8799232840538025 72
1585161156425 0.8891187310218811 73
1585161188976 0.8824520707130432 74
1585161220893 0.8819540143013 75
1585161253913 0.8883141279220581 76
1585161286317 0.8846743702888489 77
1585161318602 0.8878927230834961 78
1585161350865 0.888007640838623 79
1585161383847 0.8970881700515747 80
1585161417829 0.883678138256073 81
1585161450325 0.8802298903465271 82
1585161482596 0.867241382598877 83
1585161514866 0.8980076313018799 84
1585161547644 0.8918390274047852 85
1585161580146 0.889616847038269 86
1585161612769 0.8957854509353638 87
1585161645270 0.9012260437011719 88
1585161677938 0.8980076313018799 89
1585161710404 0.8959770202636719 90
1585161743040 0.9020306468009949 91
1585161775782 0.8988121747970581 92
1585161808364 0.9005363583564758 93
1585161840670 0.90141761302948 94
1585161873310 0.9113409519195557 95
1585161905974 0.9126436710357666 96
1585161938672 0.9164751172065735 97
1585161971156 0.9032566547393799 98
1585162003853 0.9086973667144775 99
1585162036322 0.9109194874763489 100
1585162070144 0.9083908200263977 101
1585162103073 0.9086973667144775 102
1585162135589 0.9121456146240234 103
1585162168227 0.9126436710357666 104
1585162200581 0.9105363488197327 105
1585162233231 0.9134482145309448 106
1585162265806 0.9010344743728638 107
1585162298636 0.9070881009101868 108
1585162331004 0.9126436710357666 109
1585162363324 0.9045593738555908 110
1585162397064 0.9180076718330383 111
1585162429668 0.9135631918907166 112
1585162461994 0.8999233245849609 113
1585162494932 0.9204214215278625 114
1585162527516 0.9142528176307678 115
1585162560128 0.9081991910934448 116
1585162592770 0.9178926944732666 117
1585162625348 0.8965900540351868 118
1585162657955 0.9124520421028137 119
1585162690541 0.9215325117111206 120
