1585158736859 0.8315979242324829 0
1585158769848 0.7384100556373596 1
1585158802978 0.6876856684684753 2
1585158836341 0.6595291495323181 3
1585158869186 0.6449902057647705 4
1585158904272 0.6386979222297668 5
1585158937278 0.6186584234237671 6
1585158970768 0.5867530703544617 7
1585159004771 0.5716400742530823 8
1585159037942 0.5527990460395813 9
1585159071088 0.5212072134017944 10
1585159104230 0.5071694254875183 11
1585159137864 0.48587045073509216 12
1585159171113 0.46813684701919556 13
1585159204409 0.4556286334991455 14
1585159237649 0.44511324167251587 15
1585159270548 0.4364745616912842 16
1585159303657 0.4260742664337158 17
1585159336768 0.4143030345439911 18
1585159369891 0.4026646018028259 19
1585159403176 0.3901216685771942 20
1585159436309 0.38329386711120605 21
1585159469756 0.37613704800605774 22
1585159502911 0.3622809648513794 23
1585159536580 0.35825493931770325 24
1585159569701 0.34636086225509644 25
1585159603128 0.34207868576049805 26
1585159636213 0.3364916741847992 27
1585159669412 0.3341164290904999 28
1585159702428 0.3312702178955078 29
1585159735596 0.33229997754096985 30
1585159769210 0.32543474435806274 31
1585159802529 0.32241910696029663 32
1585159835427 0.3139660954475403 33
1585159868532 0.3116037845611572 34
1585159901622 0.3143902122974396 35
1585159935084 0.30623412132263184 36
1585159967924 0.30123171210289 37
1585160001390 0.29657965898513794 38
1585160034688 0.29635849595069885 39
1585160068125 0.2972904443740845 40
1585160103715 0.28984618186950684 41
1585160136717 0.29295340180397034 42
1585160169920 0.2958930432796478 43
1585160203951 0.284224271774292 44
1585160237355 0.2907404899597168 45
1585160270674 0.2864498496055603 46
1585160303902 0.2865038216114044 47
1585160336803 0.27863815426826477 48
1585160369830 0.28595662117004395 49
1585160403033 0.2864137291908264 50
1585160436552 0.27567654848098755 51
1585160469884 0.2765347957611084 52
1585160502888 0.2795940041542053 53
1585160535956 0.2723661959171295 54
1585160569118 0.2727296054363251 55
1585160602883 0.2738802134990692 56
1585160636311 0.2722265124320984 57
1585160669555 0.2830880284309387 58
1585160704491 0.2728215157985687 59
1585160737587 0.27709993720054626 60
1585160770556 0.27639323472976685 61
1585160804032 0.2699642479419708 62
1585160837353 0.2697508931159973 63
1585160870266 0.26968976855278015 64
1585160903480 0.2614225149154663 65
1585160937738 0.27414149045944214 66
1585160971353 0.2699607312679291 67
1585161004519 0.2633565068244934 68
1585161037598 0.26196977496147156 69
1585161070083 0.26005980372428894 70
1585161102679 0.2620471715927124 71
1585161135460 0.26777249574661255 72
1585161167918 0.26275384426116943 73
1585161200182 0.261026531457901 74
1585161232663 0.2542092502117157 75
1585161265428 0.2624385952949524 76
1585161297689 0.26411017775535583 77
1585161329799 0.25316891074180603 78
1585161362611 0.2568763792514801 79
1585161395474 0.25817224383354187 80
1585161429281 0.25864002108573914 81
1585161461587 0.24783702194690704 82
1585161493807 0.25419268012046814 83
1585161526527 0.2614735960960388 84
1585161559104 0.2511258125305176 85
1585161591721 0.2444695085287094 86
1585161624252 0.2477887123823166 87
1585161656947 0.25289347767829895 88
1585161689215 0.2495771050453186 89
1585161722042 0.2463311403989792 90
1585161754532 0.2578468322753906 91
1585161787218 0.24826376140117645 92
1585161819702 0.24079319834709167 93
1585161852152 0.25394925475120544 94
1585161884678 0.24300575256347656 95
1585161917469 0.25818097591400146 96
1585161949981 0.24144507944583893 97
1585161982702 0.2435726374387741 98
1585162015315 0.24950368702411652 99
1585162047996 0.2469683587551117 100
1585162081602 0.2408563196659088 101
1585162114685 0.24226465821266174 102
1585162147304 0.25218328833580017 103
1585162179628 0.23993787169456482 104
1585162212184 0.2380724847316742 105
1585162244681 0.23862406611442566 106
1585162277214 0.24075794219970703 107
1585162310039 0.2414424866437912 108
1585162342245 0.24077017605304718 109
1585162375998 0.2440730184316635 110
1585162408612 0.2384955883026123 111
1585162441040 0.23599649965763092 112
1585162473564 0.242170512676239 113
1585162506226 0.22972403466701508 114
1585162538972 0.23360532522201538 115
1585162571774 0.22935163974761963 116
1585162604290 0.23480525612831116 117
1585162636772 0.23976857960224152 118
1585162669429 0.22979003190994263 119
1585162701885 0.22967055439949036 120
