1585158736859 0.3327358365058899 0
1585158769848 0.4533962607383728 1
1585158802978 0.6108961701393127 2
1585158836341 0.6711556911468506 3
1585158869186 0.683089554309845 4
1585158904272 0.6754716634750366 5
1585158937278 0.677688717842102 6
1585158970768 0.6865566372871399 7
1585159004771 0.6810141801834106 8
1585159037942 0.6765801906585693 9
1585159071088 0.6876651048660278 10
1585159104230 0.6754717230796814 11
1585159137864 0.6881131529808044 12
1585159171113 0.7179480791091919 13
1585159204409 0.7853065729141235 14
1585159237649 0.8255895972251892 15
1585159270548 0.8512735962867737 16
1585159303657 0.8584905862808228 17
1585159336768 0.876533031463623 18
1585159369891 0.8722405433654785 19
1585159403176 0.8770990371704102 20
1585159436309 0.8698821067810059 21
1585159469756 0.8601650595664978 22
1585159502911 0.8733490109443665 23
1585159536580 0.8700235486030579 24
1585159569701 0.8643159866333008 25
1585159603128 0.8673820495605469 26
1585159636213 0.8670990467071533 27
1585159669412 0.8672405481338501 28
1585159702428 0.8523820638656616 29
1585159735596 0.8647405505180359 30
1585159769210 0.8562735319137573 31
1585159802529 0.865306556224823 32
1585159835427 0.8744574785232544 33
1585159868532 0.8772405385971069 34
1585159901622 0.8572406768798828 35
1585159935084 0.874599039554596 36
1585159967924 0.8841744661331177 37
1585160001390 0.8820990920066833 38
1585160034688 0.8805660009384155 39
1585160068125 0.8819575309753418 40
1585160103715 0.8780660033226013 41
1585160136717 0.8772405385971069 42
1585160169920 0.8795991539955139 43
1585160203951 0.8805660009384155 44
1585160237355 0.8787735104560852 45
1585160270674 0.8782075643539429 46
1585160303902 0.8809905648231506 47
1585160336803 0.8877829313278198 48
1585160369830 0.8759905695915222 49
1585160403033 0.8647406101226807 50
1585160436552 0.8769575357437134 51
1585160469884 0.8807076215744019 52
1585160502888 0.876132071018219 53
1585160535956 0.8816744685173035 54
1585160569118 0.8747406005859375 55
1585160602883 0.8772405982017517 56
1585160636311 0.8868159651756287 57
1585160669555 0.8834905624389648 58
1585160704491 0.8816744685173035 59
1585160737587 0.8848820328712463 60
1585160770556 0.8820990324020386 61
1585160804032 0.8786320686340332 62
1585160837353 0.8800235986709595 63
1585160870266 0.8933491110801697 64
1585160903480 0.8868159651756287 65
1585160937738 0.8833490610122681 66
1585160971353 0.8894574642181396 67
1585161004519 0.8907074928283691 68
1585161037598 0.8905660510063171 69
1585161070083 0.8893159627914429 70
1585161102679 0.881273627281189 71
1585161135460 0.8918160200119019 72
1585161167918 0.8919575214385986 73
1585161200182 0.8812735676765442 74
1585161232663 0.8941745162010193 75
1585161265428 0.8876650333404541 76
1585161297689 0.8875235915184021 77
1585161329799 0.8941745162010193 78
1585161362611 0.8832075595855713 79
1585161395474 0.889599084854126 80
1585161429281 0.8944575786590576 81
1585161461587 0.895424485206604 82
1585161493807 0.899599015712738 83
1585161526527 0.878915011882782 84
1585161559104 0.8905660510063171 85
1585161591721 0.8929244875907898 86
1585161624252 0.8957074880599976 87
1585161656947 0.8897405862808228 88
1585161689215 0.8858490586280823 89
1585161722042 0.8957074880599976 90
1585161754532 0.889740526676178 91
1585161787218 0.9004244804382324 92
1585161819702 0.9004244804382324 93
1585161852152 0.896957516670227 94
1585161884678 0.8884905576705933 95
1585161917469 0.8884905576705933 96
1585161949981 0.900566041469574 97
1585161982702 0.9004244804382324 98
1585162015315 0.891273558139801 99
1585162047996 0.901957631111145 100
1585162081602 0.8955660462379456 101
1585162114685 0.8968160152435303 102
1585162147304 0.8936320543289185 103
1585162179628 0.8932075500488281 104
1585162212184 0.9054244756698608 105
1585162244681 0.9043160080909729 106
1585162277214 0.8993160128593445 107
1585162310039 0.9107075929641724 108
1585162342245 0.8984905481338501 109
1585162375998 0.8957074880599976 110
1585162408612 0.8945990204811096 111
1585162441040 0.8994574546813965 112
1585162473564 0.8984905481338501 113
1585162506226 0.9054244756698608 114
1585162538972 0.9057074785232544 115
1585162571774 0.9040330052375793 116
1585162604290 0.9033491015434265 117
1585162636772 0.8991745114326477 118
1585162669429 0.9065329432487488 119
1585162701885 0.9044575691223145 120
