1585158725205 0.034463878720998764 0
1585158758208 0.008651567623019218 1
1585158791095 0.0062499623745679855 2
1585158824633 0.010491324588656425 3
1585158857676 0.016841931268572807 4
1585158892231 0.024015745148062706 5
1585158925729 0.023849597200751305 6
1585158959219 0.014409816823899746 7
1585158992950 0.011243325658142567 8
1585159026175 0.004561469424515963 9
1585159059430 0.0033765912521630526 10
1585159092549 0.0019884768407791853 11
1585159126158 0.00405768072232604 12
1585159159423 0.007535769138485193 13
1585159192712 0.011294458992779255 14
1585159225744 0.013886366970837116 15
1585159258979 0.015702273696660995 16
1585159292011 0.017148476094007492 17
1585159325217 0.01733819581568241 18
1585159358188 0.017915599048137665 19
1585159391473 0.01716146618127823 20
1585159424712 0.016495967283844948 21
1585159457797 0.015173564665019512 22
1585159491316 0.014214381575584412 23
1585159524506 0.013692482374608517 24
1585159558039 0.012324397452175617 25
1585159591548 0.011998848989605904 26
1585159624572 0.010562959127128124 27
1585159657635 0.010126765817403793 28
1585159690836 0.010287021286785603 29
1585159723852 0.01035552192479372 30
1585159757575 0.009730924852192402 31
1585159790664 0.009502065367996693 32
1585159823838 0.009757532738149166 33
1585159856812 0.00961653608828783 34
1585159890021 0.009658829309046268 35
1585159923385 0.00912797637283802 36
1585159956307 0.009816777892410755 37
1585159989337 0.00984551478177309 38
1585160023025 0.009417285211384296 39
1585160056378 0.008314162492752075 40
1585160091420 0.00890198815613985 41
1585160125188 0.008571079932153225 42
1585160158149 0.008453239686787128 43
1585160192336 0.008523523807525635 44
1585160225480 0.007829553447663784 45
1585160258841 0.007900693453848362 46
1585160292287 0.0073081571608781815 47
1585160325172 0.007899869233369827 48
1585160358042 0.007622184231877327 49
1585160391190 0.007539823651313782 50
1585160424604 0.008207233622670174 51
1585160458204 0.007092722691595554 52
1585160491306 0.008361542597413063 53
1585160524293 0.007371861953288317 54
1585160557484 0.0068365843035280704 55
1585160591169 0.007381415460258722 56
1585160624566 0.007892324589192867 57
1585160657870 0.008011702448129654 58
1585160692967 0.007450769189745188 59
1585160725925 0.008827214129269123 60
1585160758967 0.008445043116807938 61
1585160792208 0.007575051859021187 62
1585160825661 0.007761276327073574 63
1585160858727 0.007889720611274242 64
1585160891621 0.007564600091427565 65
1585160925010 0.007982248440384865 66
1585160959635 0.007845603860914707 67
1585160992741 0.007679314352571964 68
1585161025745 0.007912623696029186 69
1585161058611 0.0074287885800004005 70
1585161091187 0.008667702786624432 71
1585161123991 0.007097281515598297 72
1585161156425 0.007972090505063534 73
1585161188976 0.008327190764248371 74
1585161220893 0.00806389469653368 75
1585161253913 0.008324111811816692 76
1585161286317 0.008127334527671337 77
1585161318602 0.007494911551475525 78
1585161350865 0.00825945008546114 79
1585161383847 0.008796469308435917 80
1585161417829 0.007954944856464863 81
1585161450325 0.0065520936623215675 82
1585161482596 0.008079063147306442 83
1585161514866 0.008330253884196281 84
1585161547644 0.008373853750526905 85
1585161580146 0.008750014938414097 86
1585161612769 0.00810722354799509 87
1585161645270 0.00941544771194458 88
1585161677938 0.008378514088690281 89
1585161710404 0.00874030776321888 90
1585161743040 0.008912662044167519 91
1585161775782 0.00862354040145874 92
1585161808364 0.009013191796839237 93
1585161840670 0.009249364025890827 94
1585161873310 0.009511574171483517 95
1585161905974 0.009512879885733128 96
1585161938672 0.010589736513793468 97
1585161971156 0.008707505650818348 98
1585162003853 0.009018204174935818 99
1585162036322 0.00944727472960949 100
1585162070144 0.009011264890432358 101
1585162103073 0.009942414239048958 102
1585162135589 0.008967169560492039 103
1585162168227 0.009138785302639008 104
1585162200581 0.009121915325522423 105
1585162233231 0.008632557466626167 106
1585162265806 0.007900645025074482 107
1585162298636 0.009456736035645008 108
1585162331004 0.009182511828839779 109
1585162363324 0.008671519346535206 110
1585162397064 0.010272372514009476 111
1585162429668 0.009669618681073189 112
1585162461994 0.008694835007190704 113
1585162494932 0.009984435513615608 114
1585162527516 0.009362800046801567 115
1585162560128 0.009130269289016724 116
1585162592770 0.009076445363461971 117
1585162625348 0.008534504100680351 118
1585162657955 0.008849680423736572 119
1585162690541 0.00947856716811657 120
