1585158736859 0.02724890410900116 0
1585158769848 0.005162785295397043 1
1585158802978 0.002915569581091404 2
1585158836341 0.004876165185123682 3
1585158869186 0.009218230843544006 4
1585158904272 0.014619121327996254 5
1585158937278 0.014036568813025951 6
1585158970768 0.00861402414739132 7
1585159004771 0.005139215849339962 8
1585159037942 0.0018668549600988626 9
1585159071088 0.004083847627043724 10
1585159104230 0.004304356407374144 11
1585159137864 0.0076627908274531364 12
1585159171113 0.013428306207060814 13
1585159204409 0.017962278798222542 14
1585159237649 0.021438412368297577 15
1585159270548 0.023464664816856384 16
1585159303657 0.025092093273997307 17
1585159336768 0.026517488062381744 18
1585159369891 0.025525297969579697 19
1585159403176 0.025511089712381363 20
1585159436309 0.023502152413129807 21
1585159469756 0.0215320847928524 22
1585159502911 0.021261096000671387 23
1585159536580 0.020151110365986824 24
1585159569701 0.01952412910759449 25
1585159603128 0.017545603215694427 26
1585159636213 0.01666976325213909 27
1585159669412 0.01450271438807249 28
1585159702428 0.013288915157318115 29
1585159735596 0.012802568264305592 30
1585159769210 0.01301767397671938 31
1585159802529 0.012258967384696007 32
1585159835427 0.012859337031841278 33
1585159868532 0.01261996291577816 34
1585159901622 0.011346918530762196 35
1585159935084 0.011726448312401772 36
1585159967924 0.012100828811526299 37
1585160001390 0.011921846307814121 38
1585160034688 0.011927369050681591 39
1585160068125 0.009811273775994778 40
1585160103715 0.010575261898338795 41
1585160136717 0.008991901762783527 42
1585160169920 0.007856582291424274 43
1585160203951 0.008947689086198807 44
1585160237355 0.007873544469475746 45
1585160270674 0.007909265346825123 46
1585160303902 0.007287199608981609 47
1585160336803 0.009326653555035591 48
1585160369830 0.0068457773886621 49
1585160403033 0.00684419646859169 50
1585160436552 0.0068383957259356976 51
1585160469884 0.006627604831010103 52
1585160502888 0.006063795182853937 53
1585160535956 0.006691944785416126 54
1585160569118 0.00664040632545948 55
1585160602883 0.006816699169576168 56
1585160636311 0.005800625775009394 57
1585160669555 0.004724040627479553 58
1585160704491 0.0056737083941698074 59
1585160737587 0.005857049021869898 60
1585160770556 0.004466445650905371 61
1585160804032 0.005062896758317947 62
1585160837353 0.004324667155742645 63
1585160870266 0.006008501164615154 64
1585160903480 0.005851455964148045 65
1585160937738 0.00513817323371768 66
1585160971353 0.0044680130667984486 67
1585161004519 0.005040482617914677 68
1585161037598 0.004737169947475195 69
1585161070083 0.005518379621207714 70
1585161102679 0.0042890822514891624 71
1585161135460 0.004553568549454212 72
1585161167918 0.005172440316528082 73
1585161200182 0.0038801839109510183 74
1585161232663 0.004853925667703152 75
1585161265428 0.004198278766125441 76
1585161297689 0.004391741938889027 77
1585161329799 0.004901711363345385 78
1585161362611 0.004641122184693813 79
1585161395474 0.004010564181953669 80
1585161429281 0.0037332370411604643 81
1585161461587 0.004371386952698231 82
1585161493807 0.004452730994671583 83
1585161526527 0.004268421791493893 84
1585161559104 0.0037996501196175814 85
1585161591721 0.0055026700720191 86
1585161624252 0.003569832071661949 87
1585161656947 0.004079480189830065 88
1585161689215 0.0037027841899544 89
1585161722042 0.0035265630576759577 90
1585161754532 0.00365434936247766 91
1585161787218 0.00481227645650506 92
1585161819702 0.004857752937823534 93
1585161852152 0.0034461054019629955 94
1585161884678 0.006087196990847588 95
1585161917469 0.0036361170932650566 96
1585161949981 0.004933302290737629 97
1585161982702 0.004712780937552452 98
1585162015315 0.0037372231017798185 99
1585162047996 0.003387854900211096 100
1585162081602 0.0037589306011795998 101
1585162114685 0.0037043860647827387 102
1585162147304 0.004461308009922504 103
1585162179628 0.004335624165832996 104
1585162212184 0.004084909334778786 105
1585162244681 0.004040323663502932 106
1585162277214 0.0041376082226634026 107
1585162310039 0.004067020490765572 108
1585162342245 0.0032330367248505354 109
1585162375998 0.0038621295243501663 110
1585162408612 0.004155952483415604 111
1585162441040 0.004246861673891544 112
1585162473564 0.004248607438057661 113
1585162506226 0.0043603950180113316 114
1585162538972 0.003897390328347683 115
1585162571774 0.004356523044407368 116
1585162604290 0.004185496363788843 117
1585162636772 0.003207877743989229 118
1585162669429 0.0038245655596256256 119
1585162701885 0.0037440008018165827 120
