1585158744822 0.8410865068435669 0
1585158777769 0.748334527015686 1
1585158811078 0.6977862119674683 2
1585158844314 0.6698296070098877 3
1585158877222 0.6602188348770142 4
1585158912353 0.6494817733764648 5
1585158945219 0.6321892738342285 6
1585158979055 0.6042163372039795 7
1585159012800 0.5884312391281128 8
1585159046067 0.5623246431350708 9
1585159079173 0.5387529134750366 10
1585159112474 0.5187326669692993 11
1585159146012 0.4994678497314453 12
1585159179227 0.48268747329711914 13
1585159212387 0.46837735176086426 14
1585159245604 0.4578600227832794 15
1585159278520 0.44910678267478943 16
1585159311818 0.4388679563999176 17
1585159344714 0.42887842655181885 18
1585159377924 0.4161825180053711 19
1585159411222 0.40676459670066833 20
1585159444422 0.39718788862228394 21
1585159478019 0.39069536328315735 22
1585159510984 0.3792186379432678 23
1585159544717 0.3722110390663147 24
1585159577743 0.3644941747188568 25
1585159611236 0.3593064546585083 26
1585159644297 0.35456547141075134 27
1585159677388 0.3508133292198181 28
1585159710399 0.34696727991104126 29
1585159743548 0.3447633981704712 30
1585159777330 0.34036245942115784 31
1585159810462 0.3392491340637207 32
1585159843506 0.3314146399497986 33
1585159876603 0.32800108194351196 34
1585159909735 0.32715803384780884 35
1585159943039 0.32512661814689636 36
1585159976014 0.3182912766933441 37
1585160009636 0.3147315979003906 38
1585160042927 0.3127450942993164 39
1585160076203 0.31409698724746704 40
1585160111748 0.30766427516937256 41
1585160144823 0.30886223912239075 42
1585160177991 0.3090816140174866 43
1585160212125 0.30091387033462524 44
1585160245549 0.3060399293899536 45
1585160278824 0.30175215005874634 46
1585160311857 0.30127936601638794 47
1585160344754 0.2939467430114746 48
1585160377878 0.2970406413078308 49
1585160411216 0.29643386602401733 50
1585160444623 0.2880421280860901 51
1585160477922 0.2913374602794647 52
1585160510907 0.2873893678188324 53
1585160544152 0.2876419723033905 54
1585160577753 0.2880995273590088 55
1585160611110 0.28658947348594666 56
1585160644439 0.28308403491973877 57
1585160677681 0.28794050216674805 58
1585160712497 0.28330254554748535 59
1585160745619 0.28197813034057617 60
1585160778643 0.2793263792991638 61
1585160812092 0.27874475717544556 62
1585160845318 0.2826860547065735 63
1585160878290 0.2756420969963074 64
1585160911517 0.2728397846221924 65
1585160945783 0.27940356731414795 66
1585160979274 0.2742133140563965 67
1585161012556 0.2721046805381775 68
1585161045388 0.2698647975921631 69
1585161077884 0.2711983323097229 70
1585161110746 0.2662377953529358 71
1585161143418 0.2746317684650421 72
1585161175861 0.2674159109592438 73
1585161207911 0.26583126187324524 74
1585161240597 0.2622423768043518 75
1585161273165 0.26545870304107666 76
1585161305697 0.2661058306694031 77
1585161337577 0.26339638233184814 78
1585161370564 0.26233166456222534 79
1585161403306 0.2589564919471741 80
1585161437246 0.26470351219177246 81
1585161469454 0.2594054341316223 82
1585161501665 0.2692125141620636 83
1585161534436 0.2624722123146057 84
1585161567030 0.2584649324417114 85
1585161599485 0.24981752038002014 86
1585161632143 0.25445616245269775 87
1585161664881 0.251532644033432 88
1585161697197 0.25207388401031494 89
1585161729957 0.25006628036499023 90
1585161762444 0.2552862763404846 91
1585161795163 0.2514592409133911 92
1585161827481 0.2451050579547882 93
1585161860146 0.25156843662261963 94
1585161892603 0.2431967407464981 95
1585161925427 0.2514307498931885 96
1585161957966 0.2425575703382492 97
1585161990657 0.24753573536872864 98
1585162023245 0.24876469373703003 99
1585162056998 0.24391452968120575 100
1585162089688 0.24375000596046448 101
1585162122523 0.24202413856983185 102
1585162155067 0.24818401038646698 103
1585162187406 0.24024233222007751 104
1585162219993 0.24334709346294403 105
1585162252629 0.23857225477695465 106
1585162285506 0.24269086122512817 107
1585162317957 0.24001994729042053 108
1585162350121 0.23780368268489838 109
1585162383832 0.2432885468006134 110
1585162416699 0.2343032956123352 111
1585162448914 0.23530691862106323 112
1585162481583 0.24131473898887634 113
1585162514095 0.2291344404220581 114
1585162546881 0.23500698804855347 115
1585162579573 0.23377375304698944 116
1585162612176 0.23219838738441467 117
1585162644715 0.23858915269374847 118
1585162677380 0.2311306893825531 119
1585162709627 0.22802093625068665 120
