1585158744822 0.030856391414999962 0
1585158777769 0.006907176226377487 1
1585158811078 0.004582765977829695 2
1585158844314 0.00768374465405941 3
1585158877222 0.013030081056058407 4
1585158912353 0.01931743323802948 5
1585158945219 0.01894308254122734 6
1585158979055 0.011511920019984245 7
1585159012800 0.008191270753741264 8
1585159046067 0.0032141623087227345 9
1585159079173 0.0037302193231880665 10
1585159112474 0.0031464165076613426 11
1585159146012 0.005860235542058945 12
1585159179227 0.01048203743994236 13
1585159212387 0.014628369361162186 14
1585159245604 0.01766238920390606 15
1585159278520 0.01958346925675869 16
1585159311818 0.021120283752679825 17
1585159344714 0.021927841007709503 18
1585159377924 0.02172044850885868 19
1585159411222 0.021336277946829796 20
1585159444422 0.019999060779809952 21
1585159478019 0.018352825194597244 22
1585159510984 0.0177377387881279 23
1585159544717 0.016921795904636383 24
1585159577743 0.01592426374554634 25
1585159611236 0.014772226102650166 26
1585159644297 0.01361636072397232 27
1585159677388 0.01231474056839943 28
1585159710399 0.011787967756390572 29
1585159743548 0.011579045094549656 30
1585159777330 0.01137429941445589 31
1585159810462 0.010880516842007637 32
1585159843506 0.01130843535065651 33
1585159876603 0.011118249967694283 34
1585159909735 0.010502873919904232 35
1585159943039 0.010427212342619896 36
1585159976014 0.010958803817629814 37
1585160009636 0.010883680544793606 38
1585160042927 0.010672327131032944 39
1585160076203 0.009062718600034714 40
1585160111748 0.009738625027239323 41
1585160144823 0.008781490847468376 42
1585160177991 0.008154910989105701 43
1585160212125 0.00873560644686222 44
1585160245549 0.007851548492908478 45
1585160278824 0.007904979400336742 46
1585160311857 0.007297678384929895 47
1585160344754 0.00861326139420271 48
1585160377878 0.007233981043100357 49
1585160411216 0.007192010059952736 50
1585160444623 0.007522814907133579 51
1585160477922 0.0068601639941334724 52
1585160510907 0.0072126686573028564 53
1585160544152 0.007031903602182865 54
1585160577753 0.006738495081663132 55
1585160611110 0.007099057547748089 56
1585160644439 0.006846475414931774 57
1585160677681 0.006367871537804604 58
1585160712497 0.006562238559126854 59
1585160745619 0.007342131808400154 60
1585160778643 0.006455744616687298 61
1585160812092 0.006318974308669567 62
1585160845318 0.00604297174140811 63
1585160878290 0.006949110887944698 64
1585160911517 0.006708027794957161 65
1585160945783 0.006560211069881916 66
1585160979274 0.0061568086966872215 67
1585161012556 0.0063598984852433205 68
1585161045388 0.006324896588921547 69
1585161077884 0.006473584100604057 70
1585161110746 0.006478392519056797 71
1585161143418 0.005825425032526255 72
1585161175861 0.006572265177965164 73
1585161207911 0.0061036874540150166 74
1585161240597 0.006458910182118416 75
1585161273165 0.006261195056140423 76
1585161305697 0.006259538233280182 77
1585161337577 0.006198311224579811 78
1585161370564 0.0064502861350774765 79
1585161403306 0.006403516978025436 80
1585161437246 0.005844091065227985 81
1585161469454 0.005461740307509899 82
1585161501665 0.006265897303819656 83
1585161534436 0.006299337837845087 84
1585161567030 0.006086751818656921 85
1585161599485 0.0071263425052165985 86
1585161632143 0.00583852780982852 87
1585161664881 0.006747463718056679 88
1585161697197 0.006040649022907019 89
1585161729957 0.006133435294032097 90
1585161762444 0.006283505819737911 91
1585161795163 0.0067179081961512566 92
1585161827481 0.006935472600162029 93
1585161860146 0.006347734481096268 94
1585161892603 0.007799385581165552 95
1585161925427 0.006574498489499092 96
1585161957966 0.007761519402265549 97
1585161990657 0.0067101432941854 98
1585162023245 0.00637771375477314 99
1585162056998 0.006417565047740936 100
1585162089688 0.006385097745805979 101
1585162122523 0.006823400035500526 102
1585162155067 0.006714238785207272 103
1585162187406 0.006737204734236002 104
1585162219993 0.006603412330150604 105
1585162252629 0.006336440332233906 106
1585162285506 0.006019126623868942 107
1585162317957 0.00676187826320529 108
1585162350121 0.006207774393260479 109
1585162383832 0.006266824435442686 110
1585162416699 0.00721416249871254 111
1585162448914 0.0069582401774823666 112
1585162481583 0.006471721455454826 113
1585162514095 0.007172415032982826 114
1585162546881 0.006630095187574625 115
1585162579573 0.006743396166712046 116
1585162612176 0.006630971096456051 117
1585162644715 0.005871190689504147 118
1585162677380 0.006337122991681099 119
1585162709627 0.006611283868551254 120
