1585158744822 0.30811119079589844 0
1585158777769 0.4400889277458191 1
1585158811078 0.6125553846359253 2
1585158844314 0.6753479242324829 3
1585158877222 0.67976313829422 4
1585158912353 0.6763565540313721 5
1585158945219 0.67746502161026 6
1585158979055 0.6831059455871582 7
1585159012800 0.6787254810333252 8
1585159046067 0.6789222955703735 9
1585159079173 0.6816486120223999 10
1585159112474 0.6781189441680908 11
1585159146012 0.6922174692153931 12
1585159179227 0.7085525989532471 13
1585159212387 0.7557567358016968 14
1585159245604 0.7917603254318237 15
1585159278520 0.8136444687843323 16
1585159311818 0.8254713416099548 17
1585159344714 0.8358144164085388 18
1585159377924 0.8441662788391113 19
1585159411222 0.8399287462234497 20
1585159444422 0.8405157327651978 21
1585159478019 0.8334925174713135 22
1585159510984 0.8436668515205383 23
1585159544717 0.8493221402168274 24
1585159577743 0.8429816961288452 25
1585159611236 0.8414304256439209 26
1585159644297 0.8395265340805054 27
1585159677388 0.8462639451026917 28
1585159710399 0.8389304876327515 29
1585159743548 0.8445541858673096 30
1585159777330 0.8458762168884277 31
1585159810462 0.8469253182411194 32
1585159843506 0.8501789569854736 33
1585159876603 0.862375020980835 34
1585159909735 0.8526241779327393 35
1585159943039 0.8557478189468384 36
1585159976014 0.8631600141525269 37
1585160009636 0.8622373342514038 38
1585160042927 0.8687312602996826 39
1585160076203 0.8621090054512024 40
1585160111748 0.8656229972839355 41
1585160144823 0.8645972609519958 42
1585160177991 0.8646079897880554 43
1585160212125 0.87181556224823 44
1585160245549 0.8641568422317505 45
1585160278824 0.8660961389541626 46
1585160311857 0.863541305065155 47
1585160344754 0.8674930334091187 48
1585160377878 0.8694703578948975 49
1585160411216 0.8630408048629761 50
1585160444623 0.8769270181655884 51
1585160477922 0.8633998036384583 52
1585160510907 0.8730277419090271 53
1585160544152 0.8741322159767151 54
1585160577753 0.8665273785591125 55
1585160611110 0.8712639808654785 56
1585160644439 0.8775075674057007 57
1585160677681 0.8774157762527466 58
1585160712497 0.8796877861022949 59
1585160745619 0.8787628412246704 60
1585160778643 0.8812602758407593 61
1585160812092 0.8761934041976929 62
1585160845318 0.8709888458251953 63
1585160878290 0.8816362619400024 64
1585160911517 0.8835229277610779 65
1585160945783 0.8804676532745361 66
1585160979274 0.8838282823562622 67
1585161012556 0.8822886347770691 68
1585161045388 0.8828692436218262 69
1585161077884 0.8843706846237183 70
1585161110746 0.8811540603637695 71
1585161143418 0.8858696222305298 72
1585161175861 0.8905380964279175 73
1585161207911 0.8818628191947937 74
1585161240597 0.8880642652511597 75
1585161273165 0.8879895806312561 76
1585161305697 0.8860989809036255 77
1585161337577 0.8910336494445801 78
1585161370564 0.8856076002120972 79
1585161403306 0.8933436274528503 80
1585161437246 0.8890678882598877 81
1585161469454 0.8878271579742432 82
1585161501665 0.8834202289581299 83
1585161534436 0.8884613513946533 84
1585161567030 0.8912025690078735 85
1585161599485 0.891270637512207 86
1585161632143 0.8957464694976807 87
1585161664881 0.8954833149909973 88
1585161697197 0.8919283151626587 89
1585161729957 0.8958422541618347 90
1585161762444 0.8958855867385864 91
1585161795163 0.8996183276176453 92
1585161827481 0.9004803895950317 93
1585161860146 0.8991875648498535 94
1585161892603 0.8999157547950745 95
1585161925427 0.9005671143531799 96
1585161957966 0.9085205793380737 97
1585161990657 0.9018405675888062 98
1585162023245 0.8999854326248169 99
1585162056998 0.9064385890960693 100
1585162089688 0.9019784331321716 101
1585162122523 0.9027566909790039 102
1585162155067 0.902888834476471 103
1585162187406 0.9029256105422974 104
1585162219993 0.9079804420471191 105
1585162252629 0.9088821411132812 106
1585162285506 0.9001752138137817 107
1585162317957 0.908897876739502 108
1585162350121 0.9055671095848083 109
1585162383832 0.9001334309577942 110
1585162416699 0.906303346157074 111
1585162448914 0.9065103530883789 112
1585162481583 0.8992069363594055 113
1585162514095 0.9129229784011841 114
1585162546881 0.9099801778793335 115
1585162579573 0.9061161279678345 116
1585162612176 0.910620927810669 117
1585162644715 0.8978822827339172 118
1585162677380 0.9094924926757812 119
1585162709627 0.9129950404167175 120
