1585111702807 0.027248883619904518 0
1585111736219 1.482776403427124 1
1585111769581 0.15249668061733246 2
1585111803426 0.0010626721195876598 3
1585111836938 0.5744887590408325 4
1585111870494 0.008734900504350662 5
1585111904204 0.02556717023253441 6
1585111937681 0.0019524141680449247 7
1585111971317 0.04340182989835739 8
1585112004500 0.10287466645240784 9
1585112038066 0.0910087525844574 10
1585112071777 0.028574248775839806 11
1585112105137 0.0006836719112470746 12
1585112140094 0.003364147385582328 13
1585112173278 0.0010014674626290798 14
1585112207009 0.003323675598949194 15
1585112240089 0.012462694197893143 16
1585112274504 0.017328498885035515 17
1585112308012 0.019750656560063362 18
1585112341308 0.01992337964475155 19
1585112374749 0.015612085349857807 20
1585112408252 0.008832763880491257 21
1585112441691 0.005198581609874964 22
1585112474858 0.004389401525259018 23
1585112508121 0.0007722506416030228 24
1585112541788 0.002717222087085247 25
1585112575205 0.003236163640394807 26
1585112608733 0.0031832775566726923 27
1585112642560 0.0036147721111774445 28
1585112676101 0.0029326840303838253 29
1585112709494 0.003867475315928459 30
1585112744728 0.0028725818265229464 31
1585112778497 0.0018880737479776144 32
1585112812042 0.003805997781455517 33
1585112845484 0.0038175482768565416 34
1585112880434 0.006589130032807589 35
1585112914120 0.008572223596274853 36
1585112947424 0.010360194370150566 37
1585112980906 0.0051208967342972755 38
1585113014316 0.008744173683226109 39
1585113047868 0.0020218028221279383 40
1585113081269 0.0017257926519960165 41
1585113114668 0.0036184992641210556 42
1585113148036 0.001132237259298563 43
1585113181888 0.0007533305324614048 44
1585113215463 0.0018086290219798684 45
1585113249131 0.0012432541698217392 46
1585113283862 0.0006903426838107407 47
1585113317287 0.0026769000105559826 48
1585113350863 0.0012635801685974002 49
1585113384341 0.0035678157582879066 50
1585113417451 0.0008539632544852793 51
1585113450553 0.0016916088061407208 52
1585113484293 0.005128154531121254 53
1585113517730 0.0030090021900832653 54
1585113551070 0.0033105933107435703 55
1585113584337 0.004669115878641605 56
1585113617858 0.0029556392692029476 57
1585113651265 0.0010859324829652905 58
1585113685191 0.002008977346122265 59
1585113718347 0.004693158902227879 60
1585113751980 0.001835582428611815 61
1585113785610 0.0016673360951244831 62
1585113819625 0.0006270898738875985 63
1585113853132 0.002222297713160515 64
1585113886716 0.0026273715775460005 65
1585113920278 0.0019382580649107695 66
1585113953941 0.0020582990255206823 67
1585113988227 0.0023285732604563236 68
1585114021503 0.0013773252721875906 69
1585114055618 0.0023404553066939116 70
1585114089124 0.0010046710958704352 71
1585114122499 0.0025803204625844955 72
1585114155761 0.00198853830806911 73
1585114189433 0.001360474620014429 74
1585114222940 0.001741183688864112 75
1585114256803 0.0027539990842342377 76
1585114290428 0.003380336333066225 77
1585114323868 0.0016840649768710136 78
1585114357396 0.002798846224322915 79
1585114390881 0.001880533411167562 80
1585114425507 0.0016619546804577112 81
1585114458900 0.0014224591432139277 82
1585114492894 0.0018788119778037071 83
1585114526291 0.0031243532430380583 84
1585114559787 0.0012376779923215508 85
1585114593372 0.0021321566309779882 86
1585114626938 0.0006957320147193968 87
1585114660421 0.0017606137553229928 88
1585114694199 0.000853286066558212 89
1585114727661 0.0016719269333407283 90
1585114761242 0.001955303130671382 91
1585114795553 0.0033019587863236666 92
1585114828877 0.002533235587179661 93
1585114862797 0.0019924407824873924 94
1585114896129 0.004053879529237747 95
1585114929423 0.0024094190448522568 96
1585114962947 0.0030258535407483578 97
1585114996326 0.002560634631663561 98
1585115030606 0.0019556290935724974 99
1585115063748 0.002357851481065154 100
1585115097290 0.0016136429039761424 101
1585115130633 0.0017637794371694326 102
1585115164656 0.00360220018774271 103
1585115198319 0.002676920499652624 104
1585115232839 0.0020688059739768505 105
1585115268381 0.0024802868720144033 106
1585115301673 0.002311850432306528 107
1585115335242 0.0029741795733571053 108
1585115368766 0.0016643154667690396 109
1585115402239 0.0018300481606274843 110
1585115436232 0.0024926834739744663 111
1585115469725 0.002941025886684656 112
1585115503090 0.003283624304458499 113
1585115537032 0.0025010814424604177 114
1585115570305 0.0018464750610291958 115
1585115603989 0.002218081383034587 116
1585115637793 0.002590510994195938 117
1585115671129 0.0018025757744908333 118
1585115704813 0.0022071287967264652 119
1585115738053 0.0020096180960536003 120
1585115771274 0.0024717547930777073 121
1585115804699 0.002197026275098324 122
1585115837806 0.0021998751908540726 123
1585115871022 0.0029297834262251854 124
1585115904584 0.003662667702883482 125
1585115938271 0.00197049742564559 126
1585115971824 0.0024625041987746954 127
1585116006834 0.002096395008265972 128
1585116041391 0.0027543886099010706 129
1585116076057 0.0029317382723093033 130
1585116109527 0.004096389748156071 131
1585116143000 0.0034217459615319967 132
1585116176548 0.003886175574734807 133
1585116209640 0.002735358662903309 134
1585116243583 0.003135728184133768 135
1585116276938 0.00441785529255867 136
1585116310920 0.002530730562284589 137
1585116344525 0.004349370487034321 138
1585116378143 0.0026729244273155928 139
1585116411402 0.0016405098140239716 140
1585116444640 0.001962238224223256 141
1585116478405 0.0025845528580248356 142
1585116512000 0.0036486368626356125 143
1585116545404 0.0029904525727033615 144
1585116579244 0.00225662300363183 145
1585116612872 0.0028332278598099947 146
1585116646366 0.002544426592066884 147
1585116680975 0.0027767508290708065 148
1585116714494 0.0023338000755757093 149
1585116748017 0.002021567663177848 150
1585116781468 0.002945440588518977 151
1585116814867 0.0023796954192221165 152
1585116848878 0.002389423083513975 153
1585116882270 0.0019878961611539125 154
1585116915592 0.0026744313072413206 155
1585116949196 0.0026938181836158037 156
1585116983039 0.002867284696549177 157
1585117017416 0.0019154981710016727 158
1585117050831 0.0026685683988034725 159
1585117084106 0.0018412962090224028 160
1585117117944 0.0023821338545531034 161
1585117151238 0.001949968165718019 162
1585117184453 0.0038452791050076485 163
1585117217746 0.0038024247623980045 164
1585117251186 0.003323033917695284 165
1585117284801 0.0023438751231878996 166
1585117318127 0.003183556254953146 167
1585117351996 0.0023619127459824085 168
1585117385275 0.004796947818249464 169
1585117418688 0.0022059017792344093 170
1585117453295 0.002048996975645423 171
1585117488827 0.0032734954729676247 172
1585117522603 0.0024210112169384956 173
1585117555831 0.002308829687535763 174
1585117589693 0.002018847968429327 175
1585117623188 0.002718135016039014 176
1585117656374 0.0019819282460957766 177
1585117689654 0.0022326703183352947 178
1585117723380 0.0028329440392553806 179
1585117756533 0.002909331349655986 180
1585117790300 0.002233892912045121 181
1585117823574 0.0036263996735215187 182
1585117857079 0.0022948600817471743 183
1585117890612 0.0024450202472507954 184
1585117924247 0.002289754571393132 185
1585117958326 0.003373504616320133 186
1585117991588 0.004081308841705322 187
1585118025107 0.002727905288338661 188
1585118059054 0.004160263575613499 189
1585118092588 0.0019278901163488626 190
1585118125780 0.0015639133052900434 191
1585118159160 0.003623283002525568 192
1585118192740 0.0019031596602872014 193
1585118226065 0.0020472570322453976 194
1585118259880 0.0020049794111400843 195
1585118293075 0.003292637877166271 196
1585118326662 0.0015829161275178194 197
1585118360182 0.0033830376341938972 198
1585118393818 0.0019154060864821076 199
1585118427316 0.0025209763552993536 200
1585118460688 0.0024069971404969692 201
1585118494313 0.004422349855303764 202
1585118527855 0.0028096504975110292 203
1585118561734 0.0024585132487118244 204
1585118595040 0.002485782839357853 205
1585118629802 0.002474422100931406 206
1585118663526 0.002884410321712494 207
1585118697064 0.0033043227158486843 208
1585118730664 0.0022711721248924732 209
1585118763828 0.0031908489763736725 210
1585118797405 0.002649914473295212 211
1585118831856 0.003579852171242237 212
1585118865248 0.004316799808293581 213
1585118898371 0.0017193316016346216 214
1585118932141 0.0025433467235416174 215
1585118965625 0.0028795551043003798 216
1585118999040 0.002330537186935544 217
1585119032710 0.0034541012719273567 218
1585119066274 0.0036668828688561916 219
1585119099922 0.005582555662840605 220
1585119133376 0.003161513712257147 221
1585119167024 0.0022167875431478024 222
1585119200842 0.0025973154697567225 223
1585119235624 0.003340804949402809 224
1585119269251 0.001728194416500628 225
1585119302725 0.0034045272041112185 226
1585119336168 0.00358401658013463 227
1585119369881 0.00247578090056777 228
1585119403479 0.003788237227126956 229
1585119436865 0.0026273473631590605 230
1585119470549 0.002501893788576126 231
1585119503837 0.0023464299738407135 232
1585119537916 0.00357208214700222 233
1585119571627 0.0028336811810731888 234
1585119605903 0.002988209016621113 235
1585119639614 0.0024542666506022215 236
1585119673126 0.0032630516216158867 237
1585119706304 0.0036003869026899338 238
1585119739601 0.0042669824324548244 239
1585119773062 0.00277289398945868 240
1585119807435 0.0021870455238968134 241
1585119840716 0.0035800551995635033 242
1585119874262 0.002953554270789027 243
1585119907529 0.0026306610088795424 244
1585119941270 0.002861505374312401 245
1585119975689 0.003046879079192877 246
1585120008903 0.002099144272506237 247
1585120042827 0.003108413890004158 248
1585120076031 0.0024020217824727297 249
1585120109557 0.0031705298461019993 250
1585120142937 0.0027250282000750303 251
1585120176113 0.0026275701820850372 252
1585120210870 0.003634246764704585 253
1585120244545 0.0029705106280744076 254
1585120277819 0.0031952273566275835 255
1585120311063 0.0034213894978165627 256
1585120344458 0.0028534592129290104 257
1585120377790 0.002862171269953251 258
1585120411430 0.0034298384562134743 259
1585120444857 0.00236920895986259 260
1585120478391 0.0020277565345168114 261
1585120511989 0.0026511645410209894 262
1585120546079 0.003412005491554737 263
1585120579916 0.0032883621752262115 264
1585120613223 0.002674973104149103 265
1585120646749 0.0032135185319930315 266
1585120681692 0.002246303018182516 267
1585120714975 0.004186183679848909 268
1585120748485 0.0028053070418536663 269
1585120782403 0.0027312464080750942 270
1585120815770 0.003758091712370515 271
1585120849903 0.0026078950613737106 272
1585120883531 0.0028874033596366644 273
1585120917052 0.0032164952717721462 274
1585120951109 0.0032809851691126823 275
1585120985125 0.0020115866791456938 276
1585121018651 0.0024687007535248995 277
1585121052182 0.0027659747283905745 278
1585121085629 0.0025171032175421715 279
1585121119321 0.0023739205207675695 280
1585121153200 0.0022260285913944244 281
1585121186707 0.001957779284566641 282
1585121220414 0.002562659326940775 283
1585121255302 0.002433887217193842 284
1585121288774 0.0034484262578189373 285
1585121322337 0.002966869156807661 286
1585121356437 0.0020993815269321203 287
1585121389885 0.0029990801122039557 288
1585121423265 0.0029351043049246073 289
1585121456831 0.003734651952981949 290
1585121490413 0.002470256993547082 291
1585121523966 0.0032413997687399387 292
1585121557723 0.002902718959376216 293
1585121591372 0.0020680984016507864 294
1585121625132 0.0024905898608267307 295
1585121658694 0.0031506968662142754 296
1585121691991 0.0023073453921824694 297
1585121725437 0.003690587356686592 298
1585121759364 0.0031693316996097565 299
1585121792795 0.0030078203417360783 300
1585121826276 0.0029745656065642834 301
1585121859842 0.003521187696605921 302
1585121893368 0.0032384044025093317 303
1585121927395 0.002457457361742854 304
1585121961427 0.0027131568640470505 305
1585121994560 0.0029754764400422573 306
1585122027752 0.002829876495525241 307
1585122061201 0.00282193161547184 308
1585122094921 0.002373235998675227 309
1585122128560 0.002661996753886342 310
1585122162198 0.0027331248857080936 311
1585122195761 0.002953602932393551 312
1585122229176 0.0035801322665065527 313
1585122262392 0.003365567419677973 314
1585122295585 0.003306730417534709 315
1585122329419 0.00226553063839674 316
1585122362632 0.0029170981142669916 317
1585122397166 0.002079085912555456 318
1585122430993 0.002916882047429681 319
1585122464990 0.0023661272134631872 320
1585122498912 0.003073450643569231 321
1585122532192 0.002891714684665203 322
1585122565624 0.003425747388973832 323
1585122600198 0.003280912060290575 324
1585122633736 0.003153440309688449 325
1585122667365 0.0033537803683429956 326
1585122701064 0.003943155519664288 327
1585122734761 0.002742457902058959 328
1585122768294 0.0021093813702464104 329
1585122802196 0.0028978250920772552 330
1585122836689 0.003034404246136546 331
1585122869908 0.0031948131509125233 332
1585122903319 0.0024273195303976536 333
1585122936813 0.0034495973959565163 334
1585122970182 0.002070409245789051 335
1585123004204 0.0022043930366635323 336
1585123038110 0.0034534847363829613 337
1585123071747 0.0031195241026580334 338
1585123105925 0.002922136802226305 339
1585123139224 0.0029655599500983953 340
1585123172833 0.0020238070283085108 341
1585123206530 0.003366512479260564 342
1585123241228 0.0033285340759903193 343
1585123274916 0.002439235569909215 344
1585123308262 0.0033665907103568316 345
1585123342085 0.00254915002733469 346
1585123375928 0.003625944023951888 347
1585123409378 0.0026304274797439575 348
1585123442654 0.0024276364129036665 349
1585123476201 0.002550410805270076 350
1585123509728 0.0031538214534521103 351
1585123542988 0.0028854934498667717 352
1585123576510 0.0025026120711117983 353
1585123610032 0.00240935361944139 354
1585123644031 0.0038401216734200716 355
1585123678490 0.0030914091039448977 356
1585123711783 0.0024255095049738884 357
1585123745898 0.002211526734754443 358
1585123779571 0.0036723134107887745 359
1585123813212 0.002612941199913621 360
1585123846720 0.004731661640107632 361
1585123879841 0.0029601927381008863 362
1585123912956 0.002262939466163516 363
1585123946246 0.002990744076669216 364
1585123979443 0.00298561854287982 365
1585124014216 0.002885970985516906 366
1585124048044 0.0035256065893918276 367
1585124082194 0.0027148781809955835 368
1585124116150 0.003150886856019497 369
1585124150868 0.0030681041534990072 370
1585124184200 0.003991277888417244 371
1585124217769 0.003909624647349119 372
1585124252122 0.0035051172599196434 373
1585124285840 0.002554676029831171 374
1585124319330 0.00263123563490808 375
1585124353311 0.002762577962130308 376
1585124387782 0.0034153289161622524 377
1585124421132 0.0036292155273258686 378
1585124454049 0.0025043003261089325 379
1585124487129 0.002683674916625023 380
1585124519649 0.0019178191432729363 381
1585124552319 0.0029217342380434275 382
1585124584761 0.0026411800645291805 383
1585124617082 0.0022313136141747236 384
1585124649461 0.00240819389000535 385
1585124681818 0.0025409047957509756 386
1585124714414 0.0021955836564302444 387
1585124748131 0.0030937902629375458 388
1585124780691 0.0018239804776385427 389
1585124815058 0.003194780321791768 390
1585124847775 0.003191951895132661 391
1585124880476 0.002602103166282177 392
1585124912730 0.0028144698590040207 393
1585124945027 0.003848924534395337 394
1585124977565 0.003911943174898624 395
1585125010346 0.002687780885025859 396
1585125043091 0.002857886254787445 397
1585125075563 0.002277565421536565 398
1585125108164 0.003629909362643957 399
1585125141061 0.003528222907334566 400
1585125173817 0.003078692127019167 401
1585125206185 0.0027624547947198153 402
1585125238600 0.002584089059382677 403
1585125271072 0.0028629691805690527 404
1585125303750 0.0023843119852244854 405
1585125336567 0.0033407104201614857 406
1585125369431 0.0028718351386487484 407
1585125402012 0.002571074292063713 408
1585125434400 0.002285289578139782 409
1585125467323 0.0020572044886648655 410
1585125499733 0.0036602935288101435 411
1585125531946 0.0026194844394922256 412
1585125564668 0.0023442008532583714 413
1585125597299 0.002485493430867791 414
1585125629652 0.003810475580394268 415
1585125662185 0.0027687528636306524 416
1585125695761 0.0017073084600269794 417
1585125728401 0.0018336462089791894 418
1585125760945 0.0018213989678770304 419
1585125793454 0.0015739904483780265 420
1585125825839 0.0013025619555264711 421
1585125858559 0.0018845046870410442 422
1585125891293 0.0016390715027227998 423
1585125923717 0.001708973664790392 424
1585125957367 0.0012337667867541313 425
1585125989914 0.0017685630591586232 426
1585126022539 0.003357933834195137 427
1585126055370 0.0014988875482231379 428
1585126087976 0.005505762994289398 429
1585126120464 0.0032355901785194874 430
1585126152761 0.002515127882361412 431
1585126185635 0.000675373652484268 432
1585126218200 0.0037538399919867516 433
1585126250855 0.0018131493125110865 434
1585126283243 0.0011340391356498003 435
1585126315657 0.0012635622406378388 436
1585126348200 0.0011399696813896298 437
1585126380619 0.0015212269499897957 438
1585126413276 0.0015546110225841403 439
1585126445742 0.0010064548114314675 440
1585126478169 0.004469579551368952 441
1585126510646 0.002523562405258417 442
1585126543457 0.001226317835971713 443
1585126575985 0.00341701228171587 444
1585126608398 0.0014966579619795084 445
1585126641015 0.006348420865833759 446
1585126673548 0.002287438837811351 447
1585126706695 0.002776126377284527 448
1585126739019 0.0022671688348054886 449
1585126771354 0.003604964120313525 450
1585126803871 0.0022984419483691454 451
1585126836407 0.0014368656557053328 452
1585126868935 0.0008209646330215037 453
1585126901462 0.00771926436573267 454
1585126933898 0.001488670939579606 455
1585126966469 0.0016389996744692326 456
1585126999020 0.0032504014670848846 457
1585127031465 0.0020380972418934107 458
1585127063821 0.0026574863586574793 459
1585127096396 0.015800371766090393 460
1585127128860 0.0007390419486910105 461
1585127161345 0.0015405527083203197 462
1585127193603 0.0018824645085260272 463
1585127226224 0.0016493466682732105 464
1585127259160 0.0035152933560311794 465
1585127292172 0.0012473792303353548 466
1585127325155 0.001229876303113997 467
1585127358067 0.001767539419233799 468
1585127390489 0.000807527219876647 469
1585127423010 0.00207869173027575 470
1585127455489 0.0018849873449653387 471
1585127487859 0.0012788892490789294 472
1585127520434 0.0016729460330680013 473
1585127552986 0.0023545166477560997 474
1585127585186 0.001080838730558753 475
1585127617623 0.0006584572838619351 476
1585127650226 0.0017454969929531217 477
1585127683354 0.0032363308127969503 478
1585127715919 0.0017134933732450008 479
1585127748630 0.0027859939727932215 480
1585127781376 0.002800992224365473 481
1585127813605 0.005177774932235479 482
1585127846093 0.0017137350514531136 483
1585127878888 0.0020792693831026554 484
1585127911491 0.0020111773628741503 485
1585127944069 0.001443588873371482 486
1585127976660 0.0016767167253419757 487
1585128009393 0.0008551365463063121 488
1585128042034 0.001965855248272419 489
1585128074524 0.003081867005676031 490
1585128106979 0.0019716303795576096 491
1585128139624 0.0024687359109520912 492
1585128172527 0.002007816219702363 493
1585128205020 0.0023211443331092596 494
1585128239300 0.001338412519544363 495
1585128271719 0.0014280494069680572 496
1585128304585 0.0016591418534517288 497
1585128336957 0.0013690288178622723 498
1585128369661 0.001466346438974142 499
1585128402214 0.0014563286677002907 500
1585128434659 0.0024896394461393356 501
1585128467264 0.001445204485207796 502
1585128499914 0.0026314076967537403 503
1585128532499 0.0011706651421263814 504
1585128565043 0.0006036278209649026 505
1585128598462 0.000338705227477476 506
1585128630931 0.0021988479420542717 507
1585128663375 0.0010471089044585824 508
1585128697037 0.0016419609310105443 509
1585128729495 0.0008950855117291212 510
1585128761938 0.0013906439999118447 511
1585128794601 0.0011161910369992256 512
1585128827056 0.0017466936260461807 513
1585128859831 0.0010320100700482726 514
1585128892254 0.0014002041425555944 515
1585128924966 0.00239731976762414 516
1585128957596 0.0016514802118763328 517
1585128991661 0.0017940765246748924 518
1585129024479 0.002960230689495802 519
1585129056867 0.003984719514846802 520
1585129089384 0.002283261390402913 521
1585129121732 0.0015070592053234577 522
1585129154307 0.001066964352503419 523
1585129186887 0.002243403811007738 524
1585129220335 0.0017177400877699256 525
1585129252420 0.002817136701196432 526
1585129284849 0.0008724279468879104 527
1585129317616 0.0040377052500844 528
1585129350010 0.002001609420403838 529
1585129382253 0.0017913270276039839 530
1585129414667 0.0017566046444699168 531
1585129447032 0.0010926537215709686 532
1585129479231 0.003939876798540354 533
1585129511473 0.00391168799251318 534
1585129543892 0.0003794185467995703 535
1585129576483 0.0017384157981723547 536
1585129608895 0.010272450745105743 537
1585129641517 0.001965060830116272 538
1585129674165 0.0032120351679623127 539
1585129706778 0.0029634416569024324 540
1585129739443 0.0030902642756700516 541
1585129772099 0.0019067274406552315 542
1585129805099 0.00490329135209322 543
1585129837812 0.0012086242204532027 544
1585129870215 0.0015066216001287103 545
1585129903874 0.0012101755710318685 546
1585129936323 0.0015898364363238215 547
1585129969388 0.0035333638079464436 548
1585130001954 0.0026717728469520807 549
1585130034373 0.0021986255887895823 550
1585130066801 0.0024295563343912363 551
1585130099327 0.0007445435039699078 552
1585130131994 0.0017237544525414705 553
1585130164626 0.0005601628799922764 554
1585130197150 0.0011891825124621391 555
1585130229760 0.0011630139779299498 556
1585130262266 0.0012049429351463914 557
1585130294729 0.0018110541859641671 558
1585130327096 0.0025915252044796944 559
1585130359589 0.003021089592948556 560
1585130392296 0.0018127142684534192 561
1585130424933 0.0018237537005916238 562
1585130457615 0.001284423633478582 563
1585130490036 0.003183910623192787 564
1585130522479 0.0067498949356377125 565
1585130554975 0.0017850473523139954 566
1585130587707 0.008928543888032436 567
1585130620249 0.003811308415606618 568
1585130652834 0.005031451117247343 569
1585130685393 0.0013318848796188831 570
1585130717969 0.002805084455758333 571
1585130751716 0.0010691978968679905 572
1585130784513 0.0014062277041375637 573
1585130818654 0.0008393631433136761 574
1585130851406 0.0010522104566916823 575
1585130883736 0.002115675713866949 576
1585130916113 0.0016676336526870728 577
1585130948725 0.0011269251117482781 578
1585130982045 0.0024347412399947643 579
1585131014528 0.001752768293954432 580
1585131046754 0.001325662829913199 581
1585131079140 0.0030833485070616007 582
1585131112140 0.0016235447255894542 583
1585131144491 0.0008168480126187205 584
1585131177063 0.001683150534518063 585
1585131209636 0.0015289138536900282 586
1585131242249 0.00255431211553514 587
1585131274879 0.001127717550843954 588
1585131307488 0.0009445917676202953 589
1585131340198 0.0016303621232509613 590
1585131372845 0.003740068292245269 591
1585131405490 0.0019561504013836384 592
1585131438721 0.0013702715514227748 593
1585131471824 0.004243352450430393 594
1585131504270 0.0008296539890579879 595
1585131536878 0.000572057266253978 596
1585131569750 0.004941210616379976 597
1585131602085 0.0010797013528645039 598
1585131634287 0.0007806414505466819 599
1585131666666 0.001585707999765873 600
1585131699504 0.0010979793732985854 601
1585131732088 0.001010231557302177 602
1585131764485 0.0010983828688040376 603
1585131796930 0.0012954733101651073 604
1585131829372 0.0008913683122955263 605
1585131862290 0.0016033351421356201 606
1585131894689 0.0013537810882553458 607
1585131927389 0.0017155023524537683 608
1585131961154 0.0018201925558969378 609
1585131993900 0.002288597170263529 610
1585132026571 0.000879687606357038 611
1585132059419 0.0014293731655925512 612
1585132092165 0.004885296802967787 613
1585132124672 0.0020176353864371777 614
1585132157020 0.0029381404165178537 615
1585132189774 0.0026639325078576803 616
1585132222988 0.005513290874660015 617
1585132255626 0.0024543374311178923 618
1585132288095 0.0022643906995654106 619
1585132320696 0.0019714999943971634 620
1585132353763 0.00152535829693079 621
1585132386274 0.0023652880918234587 622
1585132418884 0.002085332525894046 623
1585132452582 0.0026947620790451765 624
1585132485220 0.0014540574047714472 625
1585132517800 0.003041344229131937 626
1585132550759 0.002976824529469013 627
1585132583425 0.004154835361987352 628
1585132616034 0.0061405012384057045 629
1585132649228 0.0016078106127679348 630
1585132682263 0.001159180304966867 631
1585132714989 0.0011839078506454825 632
1585132747589 0.0011018376098945737 633
1585132781454 0.0011650854721665382 634
1585132813973 0.0018361886031925678 635
1585132846684 0.0019015430007129908 636
1585132879586 0.0033533298410475254 637
1585132912204 0.0019248323515057564 638
1585132944819 0.0025312653742730618 639
1585132977624 0.002402310026809573 640
1585133010294 0.0015987782971933484 641
1585133043448 0.0019243343267589808 642
1585133076556 0.0018388088792562485 643
1585133109569 0.0015351087786257267 644
1585133142247 0.0039548613131046295 645
1585133174718 0.0018742578104138374 646
1585133207386 0.0019741877913475037 647
1585133239971 0.002834748476743698 648
1585133272408 0.0009594240691512823 649
1585133304801 0.0009767238516360521 650
1585133337524 0.0024946231860667467 651
1585133371105 0.0015121798496693373 652
1585133403730 0.0025003321934491396 653
1585133436405 0.002842349000275135 654
1585133468966 0.0031139925122261047 655
1585133501731 0.0020413247402757406 656
1585133534550 0.0009191731223836541 657
1585133567159 0.0011799006024375558 658
1585133599766 0.002137395553290844 659
1585133632546 0.00530268345028162 660
1585133665215 0.0021267954725772142 661
1585133697959 0.001427476410754025 662
1585133730856 0.0031333358492702246 663
1585133763319 0.004245145712047815 664
1585133796021 0.00240238755941391 665
1585133828459 0.001494283089414239 666
1585133861159 0.0014875333290547132 667
1585133894584 0.0018052710220217705 668
1585133927135 0.0008030659519135952 669
1585133960071 0.001207855879329145 670
1585133992740 0.00112775934394449 671
1585134025353 0.0016697205137461424 672
1585134058026 0.0022348263300955296 673
1585134090932 0.0014468065928667784 674
1585134123274 0.0018355685751885176 675
1585134156093 0.0005609392537735403 676
1585134189806 0.002823921386152506 677
1585134222516 0.0027366564609110355 678
1585134256329 0.0016204287530854344 679
1585134288725 0.0023441361263394356 680
1585134321273 0.0033921399153769016 681
1585134354107 0.001427280600182712 682
1585134386927 0.0012430606875568628 683
1585134419507 0.0014428041176870465 684
1585134452176 0.0037121977657079697 685
1585134484822 0.0009471747325733304 686
1585134517655 0.00244413991458714 687
1585134550449 0.0014168982161208987 688
1585134584006 0.001396102481521666 689
1585134616643 0.002070126123726368 690
1585134649220 0.004332574084401131 691
1585134681806 0.0012595596490427852 692
1585134714406 0.0030700149945914745 693
1585134747099 0.0022386296186596155 694
1585134779908 0.0026328936219215393 695
1585134812298 0.002583922818303108 696
1585134845116 0.002428668085485697 697
1585134877432 0.0003513492411002517 698
1585134910338 0.0015146831283345819 699
1585134942819 0.0016283137956634164 700
1585134975621 0.0009411305072717369 701
1585135008735 0.0007317662239074707 702
1585135041263 0.0030747782438993454 703
1585135074082 0.0025249249301850796 704
1585135107752 0.002299320185557008 705
1585135140428 0.0019449257524684072 706
1585135174402 0.006966323126107454 707
1585135207035 0.0012597747845575213 708
1585135239815 0.0011760095367208123 709
1585135272205 0.0037971287965774536 710
1585135304917 0.0022225072607398033 711
1585135337695 0.0009835882810875773 712
1585135370565 0.00239455490373075 713
1585135404245 0.0018341775285080075 714
1585135437314 0.0011357803596183658 715
1585135469761 0.0010615226346999407 716
1585135502089 0.0009537908481433988 717
1585135534817 0.0014782624784857035 718
1585135568251 0.0021893123630434275 719
1585135600913 0.002420258242636919 720
1585135634604 0.002279041102156043 721
1585135667707 0.0009682792006060481 722
1585135700352 0.0010236123343929648 723
1585135732888 0.0018445325549691916 724
1585135765731 0.0011346169048920274 725
1585135798321 0.0013159053632989526 726
1585135830665 0.0013087004190310836 727
1585135863559 0.0030056419782340527 728
1585135896065 0.0015771568287163973 729
1585135928578 0.001259083510376513 730
1585135961143 0.001070093479938805 731
1585135993859 0.002590382471680641 732
1585136026585 0.0014128349721431732 733
1585136059202 0.0012115944409742951 734
1585136091806 0.0004906632238999009 735
1585136124242 0.001120256376452744 736
1585136156945 0.0030386685393750668 737
1585136189935 0.002327448921278119 738
1585136222726 0.002188197337090969 739
1585136255567 0.0021490505896508694 740
1585136288360 0.0023225892800837755 741
1585136321007 0.0003281529643572867 742
1585136354347 0.002820041496306658 743
1585136387618 0.0030616323929280043 744
1585136420279 0.00262474431656301 745
1585136452523 0.0031089726835489273 746
1585136484849 0.001500306068919599 747
1585136517393 0.0009881010046228766 748
1585136549937 0.0014703073538839817 749
1585136582485 0.0016429598908871412 750
1585136615735 0.0023010289296507835 751
1585136648903 0.001267530838958919 752
1585136681626 0.0017177852569147944 753
1585136714733 0.0006341617554426193 754
1585136747881 0.0031254738569259644 755
1585136780445 0.0014757319586351514 756
1585136813358 0.0020989959593862295 757
1585136846110 0.0034377682022750378 758
1585136878443 0.0026510213501751423 759
1585136910900 0.0032131040934473276 760
1585136943585 0.0035625395830720663 761
1585136976320 0.0027748229913413525 762
1585137009661 0.0011924561113119125 763
1585137042340 0.0010737584671005607 764
1585137074697 0.0012762104161083698 765
1585137107407 0.0014933712081983685 766
1585137140092 0.002129100961610675 767
1585137172964 0.0023509631864726543 768
1585137205562 0.0018735011108219624 769
1585137238298 0.0020008317660540342 770
1585137270649 0.000922484730836004 771
1585137303343 0.002793861785903573 772
1585137336027 0.0019286135211586952 773
1585137369173 0.0026594693772494793 774
1585137401614 0.0024600247852504253 775
1585137434125 0.0024561062455177307 776
1585137466803 0.002709462307393551 777
1585137499770 0.0009619778138585389 778
1585137532423 0.002866048365831375 779
1585137564788 0.0036868578754365444 780
1585137597322 0.002063574269413948 781
1585137630065 0.0013187536969780922 782
1585137663283 0.001967919524759054 783
1585137696287 0.0029874469619244337 784
1585137728703 0.0011974303051829338 785
1585137761195 0.0010190148605033755 786
1585137793917 0.001042329939082265 787
1585137826565 0.0029950644820928574 788
1585137859176 0.0012990864925086498 789
1585137891877 0.0019078407203778625 790
1585137924783 0.002113902010023594 791
1585137957705 0.0015185066731646657 792
1585137990373 0.0025847437791526318 793
1585138022999 0.002309744944795966 794
1585138055406 0.0024582454934716225 795
1585138088390 0.001037913141772151 796
1585138121128 0.0016250936314463615 797
1585138153702 0.0011228943476453424 798
1585138186152 0.0005095519009046257 799
1585138218713 0.0006959356251172721 800
1585138251172 0.002219575457274914 801
1585138283515 0.007471337448805571 802
1585138316426 0.0008861554088070989 803
1585138348856 0.001880130497738719 804
1585138381315 0.0014514126814901829 805
1585138413932 0.0018195478478446603 806
1585138446710 0.004340901970863342 807
1585138479217 0.001558763557113707 808
1585138511966 0.0005532590439543128 809
1585138544897 0.002517847577109933 810
1585138577640 0.0013215749058872461 811
1585138610116 0.0013023584615439177 812
1585138642873 0.0009504719055257738 813
1585138675633 0.001864466117694974 814
1585138708145 0.0025704854633659124 815
1585138740756 0.0017670459346845746 816
1585138773948 0.0007756724371574819 817
1585138806639 0.003457218175753951 818
1585138839319 0.0010866944212466478 819
1585138872012 0.001559091149829328 820
1585138904807 0.0016935236053541303 821
1585138937447 0.0022627641446888447 822
1585138970144 0.0021625603549182415 823
1585139002956 0.0003607889811974019 824
1585139035811 0.0012707351706922054 825
1585139068312 0.0015811360208317637 826
1585139100883 0.0008122082217596471 827
1585139133575 0.001341588911600411 828
1585139166461 0.0009326681029051542 829
1585139198991 0.0011689275270327926 830
1585139231456 0.001211692113429308 831
1585139264286 0.0015085559571161866 832
1585139296772 0.0013051180867478251 833
1585139329471 0.0035030043218284845 834
1585139362108 0.0018619649345055223 835
1585139394792 0.0013675051741302013 836
1585139428569 0.0026400769129395485 837
1585139461136 0.001723483670502901 838
1585139494199 0.0012936503626406193 839
1585139526673 0.0005337420152500272 840
1585139559687 0.0033427756279706955 841
1585139592447 0.001006634091027081 842
1585139625306 0.0013307329500094056 843
1585139657701 0.0016038600588217378 844
1585139691396 0.0034035625867545605 845
1585139723997 0.001579493167810142 846
1585139756625 0.0022005492355674505 847
1585139789371 0.0017930424073711038 848
1585139821934 0.000998403294943273 849
1585139854696 0.0016680429689586163 850
1585139887419 0.0016091829165816307 851
1585139920259 0.001643018564209342 852
1585139952695 0.0007747500203549862 853
1585139985175 0.0013393867993727326 854
1585140017556 0.0016252888599410653 855
1585140049961 0.0013680433621630073 856
1585140082436 0.0016405670903623104 857
1585140116281 0.0011871190508827567 858
1585140148780 0.0015631545102223754 859
1585140181251 0.002112598856911063 860
1585140213773 0.002987137995660305 861
1585140246623 0.0015373154310509562 862
1585140279038 0.0009106629295274615 863
1585140311801 0.003844432532787323 864
1585140344630 0.0029323117341846228 865
1585140377402 0.0024875374510884285 866
1585140410179 0.001712885918095708 867
1585140442657 0.002516604959964752 868
1585140475622 0.0012227068655192852 869
1585140508152 0.004492901731282473 870
1585140540836 0.001663953298702836 871
1585140573238 0.0017865038244053721 872
1585140605917 0.0014548515900969505 873
1585140638930 0.0017490882892161608 874
1585140671967 0.0019966610707342625 875
1585140704532 0.001493624527938664 876
1585140736997 0.0013837737496942282 877
1585140769775 0.0014923327835276723 878
1585140802662 0.0012155361473560333 879
1585140835381 0.0010891513666138053 880
1585140870996 0.0012251271400600672 881
1585140903661 0.000626167980954051 882
1585140936762 0.0004627893213182688 883
1585140969552 0.0019131398294121027 884
1585141002564 0.0007399343885481358 885
1585141035210 0.0008648484945297241 886
1585141067624 0.0017293537966907024 887
1585141099864 0.0011782865040004253 888
1585141133280 0.0016440142644569278 889
1585141165773 0.0012028106721118093 890
1585141198378 0.0008473708294332027 891
1585141231175 0.0019170439336448908 892
1585141263961 0.001111734425649047 893
1585141296280 0.009670492261648178 894
1585141329083 0.0018388708122074604 895
1585141361760 0.0019643146079033613 896
1585141394296 0.0014315014705061913 897
1585141426424 0.0028468489181250334 898
1585141459243 0.001135133090429008 899
1585141491449 0.0019241232657805085 900
1585141523729 0.0006334937061183155 901
1585141556522 0.0007744525792077184 902
1585141589025 0.0019305452005937696 903
1585141621259 0.0017391897272318602 904
1585141653189 0.0018168011447414756 905
1585141685122 0.003058047965168953 906
1585141717219 0.0007340749143622816 907
1585141749265 0.003064525779336691 908
1585141781268 0.0008746911771595478 909
1585141812992 0.0009734367486089468 910
1585141845019 0.0015540184685960412 911
1585141876913 0.003247668035328388 912
1585141908955 0.0009160973131656647 913
1585141941302 0.0022908346727490425 914
1585141973168 0.0011390337022021413 915
1585142004945 0.0007607522420585155 916
1585142037107 0.0016691682394593954 917
1585142069231 0.003342421492561698 918
1585142100958 0.0024452069774270058 919
1585142132983 0.0005547387409023941 920
1585142165159 0.00042201275937259197 921
1585142197205 0.0016542106168344617 922
1585142229157 0.0008182681631296873 923
1585142261818 0.001679057371802628 924
1585142293760 0.0014198331627994776 925
1585142325994 0.00375279295258224 926
1585142358238 0.0023669980000704527 927
1585142390111 0.00048555174726061523 928
1585142422495 0.002712737303227186 929
1585142453996 0.0022527759429067373 930
1585142486403 0.0015436403919011354 931
1585142518426 0.0012774369679391384 932
1585142550304 0.0018887349870055914 933
1585142582255 0.0023783277720212936 934
1585142614335 0.0027306186966598034 935
1585142646472 0.0039682770147919655 936
1585142678410 0.0009426226606592536 937
1585142710598 0.002079455181956291 938
1585142742759 0.0018532297108322382 939
1585142774837 0.0015198871260508895 940
1585142808217 0.0011994058731943369 941
1585142840317 0.000990055501461029 942
1585142872375 0.0017642572056502104 943
1585142904838 0.000974387105088681 944
1585142937693 0.001842384459450841 945
1585142969896 0.0023220726288855076 946
1585143001995 0.0026248989161103964 947
1585143034216 0.0019258181564509869 948
1585143066135 0.0008326974930241704 949
1585143098050 0.0029019578360021114 950
1585143130659 0.0019382294267416 951
1585143162889 0.0010538268834352493 952
1585143194962 0.0005098778638057411 953
1585143227009 0.0014546632301062346 954
1585143258987 0.0009271773160435259 955
1585143291248 0.008920567110180855 956
1585143323023 0.001961905276402831 957
1585143354978 0.003389170626178384 958
1585143386882 0.0015187636017799377 959
1585143419059 0.0016864616191014647 960
1585143450969 0.00246256310492754 961
1585143484007 0.0010569400619715452 962
1585143515934 0.0005569993518292904 963
1585143548364 0.0006517117144539952 964
1585143580585 0.0021314220502972603 965
1585143612520 0.0029040987137705088 966
1585143644219 0.002143197925761342 967
1585143676949 0.0018022533040493727 968
1585143709096 0.0013161683455109596 969
1585143740966 0.0033818501979112625 970
1585143772891 0.001928962767124176 971
1585143804746 0.0011467768345028162 972
1585143836855 0.0017278147861361504 973
1585143868842 0.0018836642848327756 974
1585143900794 0.0018491757800802588 975
1585143932983 0.0017404236132279038 976
1585143965075 0.0009875637479126453 977
1585143997204 0.001170296804048121 978
1585144029671 0.001656243810430169 979
1585144061829 0.0015817036619409919 980
1585144093777 0.0015002312138676643 981
1585144125676 0.0032696540001779795 982
1585144157877 0.0007231771014630795 983
1585144189757 0.002273198217153549 984
1585144221888 0.0006578844040632248 985
1585144253785 0.0026753651909530163 986
1585144286016 0.0005286376108415425 987
1585144318123 0.001811245339922607 988
1585144350230 0.0018953050021082163 989
1585144382151 0.0012306299759075046 990
1585144414286 0.000846963666845113 991
1585144445990 0.0010885362280532718 992
1585144477775 0.0011233269469812512 993
1585144510120 0.0007306974148377776 994
1585144542322 0.001402389956638217 995
1585144574204 0.001497049699537456 996
1585144606164 0.0024308606516569853 997
1585144638348 0.0008888037409633398 998
1585144670667 0.000683062185999006 999
1585144703255 0.0008316314779222012 1000
1585144735091 0.0023884279653429985 1001
1585144766914 0.002419358352199197 1002
1585144799425 0.0016312110237777233 1003
1585144831581 0.0018916353583335876 1004
1585144863595 0.0021907868795096874 1005
1585144895421 0.002506210235878825 1006
1585144927190 0.002221401548013091 1007
1585144959344 0.0020610536448657513 1008
1585144991247 0.001579148112796247 1009
1585145023493 0.0017635946860536933 1010
1585145055512 0.001367967575788498 1011
1585145087604 0.0012543497141450644 1012
1585145119324 0.0006721066311001778 1013
1585145151492 0.0018717660568654537 1014
1585145183832 0.001590440166182816 1015
1585145216203 0.001987570896744728 1016
1585145248080 0.0012211455032229424 1017
1585145279955 0.0017008164431899786 1018
1585145312210 0.000735732086468488 1019
1585145344151 0.0014582988806068897 1020
1585145376211 0.002580469474196434 1021
1585145408394 0.0013871063711121678 1022
1585145440642 0.0014549903571605682 1023
1585145472948 0.0017552737845107913 1024
1585145505004 0.002974943956360221 1025
1585145537756 0.0019234917126595974 1026
1585145569606 0.001983050489798188 1027
1585145601656 0.002704035025089979 1028
1585145633757 0.0019569918513298035 1029
1585145665640 0.0011616870760917664 1030
1585145697569 0.0037876046262681484 1031
1585145729666 0.0009632009314373136 1032
1585145761535 0.0020328047685325146 1033
1585145793810 0.0014240890741348267 1034
1585145825759 0.001273644040338695 1035
1585145857822 0.001322397729381919 1036
1585145890029 0.0012354656355455518 1037
1585145921926 0.0009885139297693968 1038
1585145953948 0.0008810848230496049 1039
1585145985736 0.005480313673615456 1040
1585146018162 0.004300553351640701 1041
1585146050198 0.0035235602408647537 1042
1585146082251 0.0019464862998574972 1043
1585146114377 0.0026621618308126926 1044
1585146146428 0.00043644249672070146 1045
1585146178701 0.0012741114478558302 1046
1585146210465 0.00174970761872828 1047
1585146242322 0.0013134601758792996 1048
1585146274560 0.0018932827515527606 1049
1585146306427 0.0012462841114029288 1050
1585146338872 0.0020153820514678955 1051
1585146371047 0.0014494693605229259 1052
1585146402993 0.0008886644500307739 1053
1585146434949 0.0011496965307742357 1054
1585146467219 0.0017297712620347738 1055
1585146499062 0.0034671213943511248 1056
1585146532076 0.001212311559356749 1057
1585146564075 0.0023143242578953505 1058
1585146596406 0.002759779803454876 1059
1585146628533 0.0008919363608583808 1060
1585146660731 0.0017387541010975838 1061
1585146692839 0.0013777249259874225 1062
1585146725331 0.0017515893559902906 1063
1585146757775 0.000866918358951807 1064
1585146789939 0.0015534603735432029 1065
1585146822042 0.0004441975033842027 1066
1585146854328 0.0023888011928647757 1067
1585146885952 0.0011459216475486755 1068
1585146918200 0.002720948774367571 1069
1585146950078 0.0021831272169947624 1070
1585146981888 0.001316050998866558 1071
1585147013890 0.0009806584566831589 1072
1585147045779 0.0008672964759171009 1073
1585147077998 0.0025188755244016647 1074
1585147111028 0.0018013451481238008 1075
1585147143951 0.0016269750194624066 1076
1585147176856 0.001543101272545755 1077
1585147209164 0.0012928387150168419 1078
1585147242030 0.0017215703846886754 1079
1585147273892 0.0011691213585436344 1080
1585147306241 0.001348751364275813 1081
1585147338561 0.0030067898333072662 1082
1585147370446 0.001872973283752799 1083
1585147402533 0.001305367099121213 1084
1585147435812 0.001554124872200191 1085
1585147468388 0.001391386380419135 1086
1585147501720 0.002704248996451497 1087
1585147533799 0.0030011283233761787 1088
1585147565716 0.0006583099020645022 1089
1585147597687 0.0019744180608540773 1090
1585147629813 0.002011589938774705 1091
1585147661689 0.001233791816048324 1092
1585147693987 0.0014751518610864878 1093
1585147726373 0.0009665589313954115 1094
1585147758737 0.0019390725065022707 1095
1585147790697 0.001573682762682438 1096
1585147822768 0.0011975967790931463 1097
1585147854711 0.0005540253478102386 1098
1585147886631 0.0015162489144131541 1099
1585147918540 0.002199692651629448 1100
1585147950467 0.0005702486378140748 1101
1585147982354 0.0012445374159142375 1102
1585148014535 0.0043814401142299175 1103
1585148046630 0.001896232832223177 1104
1585148078519 0.0011812661541625857 1105
1585148110479 0.0011541059939190745 1106
1585148143386 0.002215928165242076 1107
1585148175517 0.0007232370553538203 1108
1585148207555 0.0017201455775648355 1109
1585148239943 0.0023968208115547895 1110
1585148272094 0.0013323472812771797 1111
1585148304158 0.0015136782312765718 1112
1585148336036 0.0008077090606093407 1113
1585148368787 0.0006650440045632422 1114
1585148400768 0.0028803690802305937 1115
1585148432500 0.0013086397666484118 1116
1585148464422 0.0024436814710497856 1117
1585148496076 0.0010936573380604386 1118
1585148528325 0.00320817600004375 1119
1585148560585 0.0010810098610818386 1120
1585148594195 0.002880710642784834 1121
1585148626605 0.0006855207611806691 1122
1585148658502 0.0029110272880643606 1123
1585148691000 0.0025355969555675983 1124
1585148723143 0.00217812811024487 1125
1585148754945 0.0010946249822154641 1126
1585148787146 0.0015177464811131358 1127
1585148819456 0.000748362741433084 1128
1585148852259 0.0008269165409728885 1129
1585148884328 0.0017749229446053505 1130
1585148915711 0.0006077043944969773 1131
1585148947656 0.0016117237973958254 1132
1585148979552 0.001917355926707387 1133
1585149011553 0.0014769582776352763 1134
1585149043669 0.0007541330996900797 1135
1585149075939 0.0010004547657445073 1136
1585149108097 0.0016283603617921472 1137
1585149140120 0.0020545681472867727 1138
1585149172303 0.002190064173191786 1139
1585149204375 0.001044887350872159 1140
1585149236500 0.0011457415530458093 1141
1585149268336 0.0006421186262741685 1142
1585149300452 0.0012508650543168187 1143
1585149332445 0.0016981004737317562 1144
1585149364287 0.0009261914528906345 1145
1585149396306 0.002016304526478052 1146
1585149428143 0.0010360268643125892 1147
1585149460247 0.0013520378852263093 1148
1585149492521 0.0024034413509070873 1149
1585149524496 0.001068062032572925 1150
1585149556533 0.0011525299632921815 1151
1585149588500 0.0020261018071323633 1152
1585149620443 0.0010528727434575558 1153
1585149652780 0.0009786691516637802 1154
1585149684874 0.0023398036137223244 1155
1585149717035 0.002501013223081827 1156
1585149749125 0.0016382411122322083 1157
1585149781199 0.0012851599603891373 1158
1585149812940 0.0027264312375336885 1159
1585149845523 0.0022203964181244373 1160
1585149877481 0.0010467496467754245 1161
1585149909444 0.0014703355263918638 1162
1585149941289 0.001627057557925582 1163
1585149973136 0.00102140917442739 1164
1585150004905 0.002212003106251359 1165
1585150036835 0.0012984798522666097 1166
1585150068922 0.0011653350666165352 1167
1585150101173 0.0004273903905414045 1168
1585150133221 0.0006925238412804902 1169
1585150165581 0.00118654512334615 1170
1585150197591 0.0008657147409394383 1171
1585150230354 0.0023914906196296215 1172
1585150262304 0.0010249009355902672 1173
1585150295680 0.000927332672290504 1174
1585150328034 0.0028790244832634926 1175
1585150360216 0.0019469630206003785 1176
1585150393520 0.0025876816362142563 1177
1585150425560 0.001437406986951828 1178
1585150457647 0.0017192267114296556 1179
1585150489602 0.0014456432545557618 1180
1585150521572 0.0011783750960603356 1181
1585150553683 0.001901798415929079 1182
1585150585700 0.0008890768513083458 1183
1585150617681 0.0012462486047297716 1184
1585150651334 0.0012011885410174727 1185
1585150683305 0.0020489597227424383 1186
1585150715506 0.0013154560001567006 1187
1585150747398 0.0011498169042170048 1188
1585150779513 0.00146004487760365 1189
1585150811554 0.0009566652588546276 1190
1585150843640 0.0018742919201031327 1191
1585150875703 0.001467640744522214 1192
1585150908022 0.0005872076144441962 1193
1585150940050 0.0016451880801469088 1194
1585150971652 0.0007916850154288113 1195
1585151003503 0.0024100360460579395 1196
1585151035585 0.0020995570812374353 1197
1585151067698 0.0014960258267819881 1198
1585151099937 0.0009461740264669061 1199
1585151132614 0.0014114760560914874 1200
1585151164751 0.0008256520377472043 1201
1585151196800 0.0010306690819561481 1202
1585151228623 0.0030864092987030745 1203
1585151260818 0.0018244602251797915 1204
1585151294299 0.0018110265955328941 1205
1585151326476 0.002674703486263752 1206
1585151358630 0.0014891632599756122 1207
1585151390703 0.001810762332752347 1208
1585151422967 0.0014369103591889143 1209
1585151454701 0.0014933168422430754 1210
1585151486932 0.00305753736756742 1211
1585151518993 0.0007480860804207623 1212
1585151551005 0.0007915975293144584 1213
1585151583217 0.0023727258667349815 1214
1585151615266 0.0009820832638069987 1215
1585151647191 0.0017646158812567592 1216
1585151679031 0.001363235991448164 1217
1585151711297 0.001410985947586596 1218
1585151743299 0.0010147944558411837 1219
1585151775241 0.0008289047400467098 1220
1585151807564 0.0015829697949811816 1221
1585151839720 0.0015460776630789042 1222
1585151871661 0.0009954791748896241 1223
1585151903853 0.0005879264208488166 1224
1585151935636 0.0017108481843024492 1225
1585151967558 0.001576780341565609 1226
1585151999527 0.0006004978204146028 1227
1585152031509 0.0029664570465683937 1228
1585152063463 0.0022563214879482985 1229
1585152096462 0.002419987926259637 1230
1585152128548 0.002576956059783697 1231
1585152160521 0.0013759133871644735 1232
1585152192609 0.000861211447045207 1233
1585152224229 0.002201332477852702 1234
1585152256279 0.0008361357031390071 1235
1585152288527 0.0018967846408486366 1236
1585152320201 0.0012573431013152003 1237
1585152352790 0.002094654832035303 1238
1585152385099 0.0007900256314314902 1239
1585152417127 0.0012367640156298876 1240
1585152449015 0.0014838993083685637 1241
1585152480462 0.0009775133803486824 1242
1585152512434 0.001246589352376759 1243
1585152544605 0.0018505929037928581 1244
1585152577477 0.0014548394829034805 1245
1585152609919 0.0014747293898835778 1246
1585152642590 0.0019635362550616264 1247
1585152674648 0.0011622462188825011 1248
1585152706630 0.0009115224820561707 1249
1585152738692 0.0006875459803268313 1250
1585152771475 0.0034519187174737453 1251
1585152803456 0.0036122091114521027 1252
1585152835317 0.0010053394362330437 1253
1585152867374 0.0016407594084739685 1254
1585152900922 0.0015891833463683724 1255
1585152933140 0.0022715588565915823 1256
1585152965530 0.0013628560118377209 1257
1585152997696 0.0006625617388635874 1258
1585153029700 0.001011932035908103 1259
1585153061352 0.0018369033932685852 1260
1585153093539 0.0025637526996433735 1261
1585153125471 0.0010583065450191498 1262
1585153157277 0.0011131686624139547 1263
1585153189785 0.0012362145353108644 1264
1585153221946 0.001414172351360321 1265
1585153254968 0.0007194401114247739 1266
1585153287084 0.0009200728964060545 1267
1585153318998 0.0009625193779356778 1268
1585153350824 0.0019273464567959309 1269
1585153382581 0.0015278300270438194 1270
1585153414552 0.0011058481177315116 1271
1585153446417 0.0015782017726451159 1272
1585153478582 0.0016452562995254993 1273
1585153510545 0.0010536197805777192 1274
1585153542608 0.001477507408708334 1275
1585153574676 0.0021593342535197735 1276
1585153606834 0.003160416381433606 1277
1585153638752 0.0008590749930590391 1278
1585153670399 0.0010699102422222495 1279
1585153702396 0.004776110872626305 1280
1585153734726 0.0017565257148817182 1281
1585153766792 0.0009559177560731769 1282
1585153799060 0.0019494218286126852 1283
1585153831097 0.0011874937918037176 1284
1585153863044 0.0016685065347701311 1285
1585153894935 0.0007288400083780289 1286
1585153927066 0.000986204482614994 1287
1585153959041 0.0012015477987006307 1288
1585153991001 0.0018301045056432486 1289
1585154023208 0.00168379838578403 1290
1585154055145 0.0008967689936980605 1291
1585154087303 0.0012990956893190742 1292
1585154119237 0.0009927854407578707 1293
1585154151295 0.0012867484474554658 1294
1585154183164 0.000753047235775739 1295
1585154215088 0.002192433923482895 1296
1585154247075 0.00100526527967304 1297
1585154279205 0.0011978314723819494 1298
1585154311027 0.0026975194923579693 1299
1585154343046 0.0016650068573653698 1300
1585154375911 0.0006324086571112275 1301
1585154408539 0.0005464578280225396 1302
1585154442053 0.00248731323517859 1303
1585154474955 0.0016044056974351406 1304
1585154508199 0.002226707525551319 1305
1585154542324 0.0019286525202915072 1306
1585154575567 0.002141050063073635 1307
1585154608869 0.0021966034546494484 1308
1585154641722 0.0023991651833057404 1309
1585154674963 0.004756029695272446 1310
1585154708226 0.002597933169454336 1311
1585154741403 0.0018997171428054571 1312
1585154774540 0.0009660100913606584 1313
1585154807655 0.0011768116382882 1314
1585154840932 0.0012792448978871107 1315
1585154874270 0.0013235603692010045 1316
1585154908084 0.0016700953710824251 1317
1585154941365 0.0017800637288019061 1318
1585154975415 0.0017284631030634046 1319
1585155008707 0.001106344978325069 1320
1585155041874 0.0010498445481061935 1321
1585155074920 0.001649309298954904 1322
1585155108105 0.0020780356135219336 1323
1585155141429 0.0033162084873765707 1324
1585155174549 0.0016601338284090161 1325
1585155207845 0.0013582672690972686 1326
1585155241315 0.0017245939234271646 1327
1585155274579 0.0019335405668243766 1328
1585155307943 0.0012800074182450771 1329
1585155342334 0.0024634406436234713 1330
1585155375343 0.0008916448568925261 1331
1585155408740 0.0018584530334919691 1332
1585155441935 0.0023960373364388943 1333
1585155475316 0.002387568587437272 1334
1585155508202 0.0016798382857814431 1335
1585155541485 0.0010160277597606182 1336
1585155574949 0.001241083606146276 1337
1585155608310 0.0013864587526768446 1338
1585155641484 0.002666114829480648 1339
1585155674793 0.0023905409034341574 1340
1585155708296 0.0013268886832520366 1341
1585155741546 0.0009285874548368156 1342
1585155774420 0.0015881448052823544 1343
1585155807513 0.0009773720521479845 1344
1585155840495 0.0005778862396255136 1345
1585155873644 0.0034072897396981716 1346
1585155906791 0.0012347267474979162 1347
1585155940212 0.002321004867553711 1348
1585155973566 0.0006228843703866005 1349
1585156006439 0.0024246079847216606 1350
1585156039885 0.0025053489953279495 1351
1585156073167 0.000753609579987824 1352
1585156106588 0.0010376559803262353 1353
1585156140257 0.0024702767841517925 1354
1585156173984 0.0012130214599892497 1355
1585156207404 0.0011077141389250755 1356
1585156241829 0.0010954301105812192 1357
1585156274987 0.001565968501381576 1358
1585156308430 0.0010459398617967963 1359
1585156341657 0.0016073837177827954 1360
1585156375038 0.0007763340254314244 1361
1585156408514 0.0009640731732361019 1362
1585156442028 0.002896820427849889 1363
1585156475351 0.0008612258243374527 1364
1585156508210 0.0012371540069580078 1365
1585156542323 0.001247265376150608 1366
1585156575464 0.0013104830868542194 1367
1585156608995 0.00056470837444067 1368
1585156642435 0.0009634844027459621 1369
1585156675807 0.002647839952260256 1370
1585156708780 0.0012800573604181409 1371
1585156742116 0.00108682073187083 1372
1585156775489 0.0019327430054545403 1373
1585156808704 0.00198378786444664 1374
1585156841652 0.0011723015923053026 1375
1585156874750 0.0015651423018425703 1376
1585156908374 0.0005829299334436655 1377
1585156941830 0.0011711965780705214 1378
1585156975097 0.0053330110386013985 1379
1585157008508 0.0016690605552867055 1380
1585157041936 0.0015661094803363085 1381
1585157076386 0.0013037316966801882 1382
1585157109440 0.001073563820682466 1383
1585157142624 0.0012196130119264126 1384
1585157175700 0.0014731769915670156 1385
1585157209305 0.0012103074695914984 1386
1585157242218 0.0019462095806375146 1387
1585157275718 0.001217694953083992 1388
1585157309078 0.0009679466602392495 1389
1585157343056 0.0017707556253299117 1390
1585157376427 0.0009230510913766921 1391
1585157409546 0.001147506874985993 1392
1585157442763 0.0016613724874332547 1393
1585157476949 0.0019193979678675532 1394
1585157510128 0.0008476630318909883 1395
1585157543927 0.000992456218227744 1396
1585157577112 0.0012028878554701805 1397
1585157611136 0.0008512601489201188 1398
1585157644428 0.0009062474709935486 1399
1585157677553 0.0009954791748896241 1400
1585157710826 0.0011199305299669504 1401
1585157744017 0.0010598605731502175 1402
1585157778165 0.001521148020401597 1403
1585157811903 0.0010508336126804352 1404
1585157845569 0.0016441986663267016 1405
1585157878866 0.0011775352759286761 1406
1585157912139 0.0006136068259365857 1407
1585157945239 0.0008609964279457927 1408
1585157978329 0.0004454887530300766 1409
1585158013153 0.0017247364157810807 1410
1585158046216 0.0008903144625946879 1411
1585158080403 0.0007099981303326786 1412
1585158113715 0.001372088328935206 1413
1585158147092 0.0012896008556708694 1414
1585158179956 0.0012301597744226456 1415
1585158213011 0.001490626484155655 1416
1585158246033 0.0014873762847855687 1417
1585158280151 0.0008544387528672814 1418
1585158313167 0.000896263518370688 1419
1585158346489 0.0023977416567504406 1420
1585158379829 0.0011308714747428894 1421
1585158413114 0.0011473740451037884 1422
1585158445592 0.0013788961805403233 1423
1585158477255 0.0018227562541142106 1424
1585158508962 0.0013395310379564762 1425
1585158540959 0.001570474007166922 1426
1585158573945 0.001210515503771603 1427
1585158605666 0.0007814125856384635 1428
1585158637443 0.001423905952833593 1429
1585158669971 0.0010349437361583114 1430
1585158702186 0.0014596623368561268 1431
1585158736033 0.0009652382577769458 1432
1585158769450 0.0010508957784622908 1433
1585158802929 0.0005781227955594659 1434
1585158837161 0.0013212112244218588 1435
1585158870082 0.0012317354558035731 1436
1585158902984 0.0005460421671159565 1437
1585158936581 0.00185732776299119 1438
1585158970073 0.0008876760257408023 1439
1585159003140 0.0014835811452940106 1440
1585159036526 0.0008362150983884931 1441
1585159069896 0.0007211006595753133 1442
1585159103213 0.0035396753810346127 1443
1585159136177 0.0009718850487843156 1444
1585159169387 0.0010141539387404919 1445
1585159202731 0.0014577512629330158 1446
1585159235877 0.0015755848726257682 1447
1585159269325 0.0007398110465146601 1448
1585159302437 0.000728635408449918 1449
1585159335961 0.0015431736828759313 1450
1585159368895 0.00043703371193259954 1451
1585159402176 0.001099849003367126 1452
1585159435248 0.001485523534938693 1453
1585159468896 0.0009029694483615458 1454
1585159501929 0.000854379846714437 1455
1585159535422 0.0001736597332637757 1456
1585159568497 0.0009648645063862205 1457
1585159601524 0.0009403846925124526 1458
1585159635125 0.0009950685780495405 1459
1585159668237 0.002425665035843849 1460
1585159701329 0.0014263151679188013 1461
1585159734616 0.0014335321029648185 1462
1585159768058 0.0018538095755502582 1463
1585159801632 0.0026393593288958073 1464
1585159834888 0.0010207892628386617 1465
1585159867933 0.0007754963007755578 1466
1585159901320 0.0008473885245621204 1467
1585159934594 0.0009913938120007515 1468
1585159967392 0.00340036628767848 1469
1585160000658 0.0017259439919143915 1470
1585160033629 0.00116560363676399 1471
1585160067066 0.0026085437275469303 1472
1585160100213 0.0006878019194118679 1473
1585160133562 0.0013271949719637632 1474
1585160167035 0.0021271700970828533 1475
1585160201153 0.0005764926318079233 1476
1585160234124 0.0009667698759585619 1477
1585160267372 0.0010821711039170623 1478
1585160300572 0.0011641732417047024 1479
1585160333562 0.0018796996446326375 1480
1585160366911 0.0010496677132323384 1481
1585160400277 0.0014806711114943027 1482
1585160433557 0.0023262002505362034 1483
1585160466777 0.0007402030169032514 1484
1585160499768 0.0014350806595757604 1485
1585160533257 0.0011287631932646036 1486
1585160566330 0.0007136630592867732 1487
1585160599209 0.0010401905747130513 1488
1585160632653 0.0012611453421413898 1489
1585160665731 0.0006983416387811303 1490
1585160698816 0.001158418832346797 1491
1585160731879 0.0007834911812096834 1492
1585160765339 0.0015499560395255685 1493
1585160798437 0.0006322856061160564 1494
1585160832027 0.003998556174337864 1495
1585160865562 0.0010365124326199293 1496
1585160898985 0.0007234309450723231 1497
1585160932328 0.0008526859455741942 1498
1585160965864 0.0007165095303207636 1499
1585160999427 0.0010794410482048988 1500
