1585111691160 0.03446386754512787 0
1585111724432 1.5916227102279663 1
1585111757885 0.1873367428779602 2
1585111791239 0.002707595471292734 3
1585111825140 0.5532981753349304 4
1585111858648 0.013718231581151485 5
1585111892437 0.016145402565598488 6
1585111925739 0.001026523532345891 7
1585111959502 0.062386564910411835 8
1585111992902 0.11588794738054276 9
1585112026405 0.11242103576660156 10
1585112060047 0.028347870334982872 11
1585112093417 0.0025838790461421013 12
1585112127358 0.0030821512918919325 13
1585112161599 0.0013021251652389765 14
1585112195008 0.005597759038209915 15
1585112228478 0.03229799494147301 16
1585112262604 0.03646758198738098 17
1585112296088 0.03600790351629257 18
1585112329483 0.027417119592428207 19
1585112362863 0.014790628105401993 20
1585112396602 0.002482240553945303 21
1585112429813 0.0035108220763504505 22
1585112463131 0.0025167912244796753 23
1585112496258 0.0025239461101591587 24
1585112530129 0.0018416589591652155 25
1585112563402 0.002811518032103777 26
1585112596950 0.0006518199224956334 27
1585112630810 0.0013961214572191238 28
1585112664004 0.0015379474498331547 29
1585112697794 0.0024175371509045362 30
1585112731299 0.002599678933620453 31
1585112766505 0.002499175490811467 32
1585112800260 0.002244634320959449 33
1585112833773 0.0023810553830116987 34
1585112867672 0.002154139569029212 35
1585112902254 0.0022346957121044397 36
1585112935787 0.0023157955147325993 37
1585112969015 0.003013119800016284 38
1585113002559 0.0019896298181265593 39
1585113035889 0.002290276112034917 40
1585113069564 0.0026801694184541702 41
1585113102844 0.004042547661811113 42
1585113136229 0.0037274518981575966 43
1585113169849 0.0046567777171730995 44
1585113203581 0.0031180463265627623 45
1585113237436 0.003915941808372736 46
1585113271421 0.0033238250762224197 47
1585113305592 0.004238375462591648 48
1585113339020 0.004214321728795767 49
1585113372487 0.003806407330557704 50
1585113405821 0.005195316858589649 51
1585113438948 0.00385643495246768 52
1585113472287 0.003794825868681073 53
1585113506031 0.005001042503863573 54
1585113539354 0.003346442012116313 55
1585113572524 0.0035898403730243444 56
1585113606166 0.004132534842938185 57
1585113639537 0.004706778097897768 58
1585113673009 0.006058910395950079 59
1585113706668 0.005419367924332619 60
1585113740051 0.005512858275324106 61
1585113773931 0.005072478670626879 62
1585113807158 0.005603846628218889 63
1585113841205 0.006029799114912748 64
1585113874995 0.005793123040348291 65
1585113908503 0.006435098592191935 66
1585113942253 0.005550280213356018 67
1585113975712 0.006051857024431229 68
1585114009840 0.005500355735421181 69
1585114043947 0.004822414368391037 70
1585114077159 0.00597571162506938 71
1585114110527 0.005170936230570078 72
1585114144003 0.005121820606291294 73
1585114177517 0.005386435892432928 74
1585114211144 0.005403926596045494 75
1585114244999 0.005736848805099726 76
1585114278452 0.005866949912160635 77
1585114312007 0.0055608623661100864 78
1585114345577 0.007159026339650154 79
1585114379212 0.006240962538868189 80
1585114413139 0.005756003316491842 81
1585114447243 0.004050300922244787 82
1585114481267 0.010030128993093967 83
1585114514517 0.006059178616851568 84
1585114547814 0.00663330452516675 85
1585114581667 0.005838063545525074 86
1585114614948 0.005671696271747351 87
1585114648718 0.006119451951235533 88
1585114682429 0.0057844980619847775 89
1585114715867 0.005835921037942171 90
1585114749296 0.006212321110069752 91
1585114783753 0.006440846249461174 92
1585114817150 0.00660970201715827 93
1585114850945 0.0071157431229949 94
1585114884416 0.007034032605588436 95
1585114917647 0.007041341159492731 96
1585114951103 0.008369458839297295 97
1585114984675 0.006354216951876879 98
1585115018875 0.006732686422765255 99
1585115052027 0.006839745212346315 100
1585115085288 0.006738831289112568 101
1585115118848 0.00749556627124548 102
1585115152872 0.00664120027795434 103
1585115186494 0.00640105502679944 104
1585115220208 0.007122276816517115 105
1585115256559 0.005672390107065439 106
1585115289982 0.005290640983730555 107
1585115323321 0.006524298340082169 108
1585115356791 0.006222665775567293 109
1585115390424 0.006384709849953651 110
1585115424201 0.007355729583650827 111
1585115457894 0.007090582046657801 112
1585115491460 0.0063473498448729515 113
1585115524838 0.006959802471101284 114
1585115558426 0.0070604789070785046 115
1585115592125 0.006268346216529608 116
1585115625761 0.006228167098015547 117
1585115659461 0.005846864078193903 118
1585115693000 0.006157096475362778 119
1585115726421 0.006373559590429068 120
1585115759672 0.006750436965376139 121
1585115792992 0.006101704202592373 122
1585115826155 0.007012719754129648 123
1585115859453 0.006634133402258158 124
1585115892879 0.005935869179666042 125
1585115926421 0.006694626063108444 126
1585115959879 0.005823718849569559 127
1585115994780 0.005823578219860792 128
1585116029600 0.00694125285372138 129
1585116063591 0.00584828294813633 130
1585116097640 0.005233888980001211 131
1585116131101 0.00659023504704237 132
1585116164819 0.005375820677727461 133
1585116197985 0.005570430774241686 134
1585116231873 0.006587333045899868 135
1585116265169 0.00624206243082881 136
1585116299135 0.005518103949725628 137
1585116332679 0.0051271431148052216 138
1585116366510 0.006620241794735193 139
1585116399694 0.006760114803910255 140
1585116432887 0.0064268941059708595 141
1585116466674 0.007213243283331394 142
1585116500045 0.005781301762908697 143
1585116533483 0.005699833855032921 144
1585116567477 0.00582284526899457 145
1585116600850 0.006691581569612026 146
1585116634595 0.006229944992810488 147
1585116669375 0.006345024798065424 148
1585116702727 0.006297493353486061 149
1585116735994 0.006108044646680355 150
1585116769580 0.0068107605911791325 151
1585116803174 0.006613063160330057 152
1585116836857 0.006393641699105501 153
1585116870443 0.006687133107334375 154
1585116903881 0.006591188255697489 155
1585116937544 0.0061263772659003735 156
1585116971186 0.006058701779693365 157
1585117004578 0.006832541897892952 158
1585117039091 0.006019852589815855 159
1585117072359 0.006662800908088684 160
1585117106023 0.007201867178082466 161
1585117139470 0.006710164248943329 162
1585117172776 0.006076831836253405 163
1585117206094 0.006227387115359306 164
1585117239666 0.006603307090699673 165
1585117272865 0.005828674882650375 166
1585117306418 0.005834178999066353 167
1585117339831 0.0056117321364581585 168
1585117373649 0.00626341113820672 169
1585117407038 0.005986293777823448 170
1585117441458 0.0062754168175160885 171
1585117477024 0.0062655736692249775 172
1585117510665 0.006837836001068354 173
1585117544137 0.0057790642604231834 174
1585117577710 0.006716819480061531 175
1585117611360 0.006470832042396069 176
1585117644735 0.005869422573596239 177
1585117677946 0.006743643432855606 178
1585117711706 0.005392477847635746 179
1585117744899 0.006300254259258509 180
1585117778457 0.005585581064224243 181
1585117811799 0.00659932428970933 182
1585117845388 0.0049573988653719425 183
1585117878813 0.005861532408744097 184
1585117912404 0.00571705074980855 185
1585117946690 0.006541188340634108 186
1585117979807 0.006362132728099823 187
1585118013335 0.005950231570750475 188
1585118047284 0.006299849133938551 189
1585118080801 0.005596763454377651 190
1585118114139 0.00589357502758503 191
1585118147220 0.005852725822478533 192
1585118180942 0.005497381556779146 193
1585118214345 0.00653080316260457 194
1585118247989 0.006314258556813002 195
1585118281451 0.0058760615065693855 196
1585118314981 0.004841132555156946 197
1585118348498 0.0056946491822600365 198
1585118382160 0.0058548408560454845 199
1585118415548 0.005777070298790932 200
1585118448820 0.006607546005398035 201
1585118482602 0.006330618169158697 202
1585118515913 0.006069588474929333 203
1585118550024 0.006554019171744585 204
1585118583392 0.006223739590495825 205
1585118618145 0.005852522328495979 206
1585118651706 0.006328453775495291 207
1585118685397 0.005946777760982513 208
1585118718764 0.006028241477906704 209
1585118752231 0.0059843226335942745 210
1585118785563 0.006091171409934759 211
1585118820044 0.004919266328215599 212
1585118853485 0.005935543682426214 213
1585118886704 0.004918712191283703 214
1585118920359 0.0064736963249742985 215
1585118953769 0.005988802295178175 216
1585118987264 0.005662112031131983 217
1585119021060 0.005328350234776735 218
1585119054516 0.006760822143405676 219
1585119088161 0.004761645570397377 220
1585119121556 0.005774772725999355 221
1585119155311 0.005889271851629019 222
1585119188948 0.00577845424413681 223
1585119223615 0.005574558395892382 224
1585119257339 0.005295307841151953 225
1585119291080 0.006062052678316832 226
1585119324251 0.0054298825562000275 227
1585119358183 0.005145194940268993 228
1585119391699 0.005483240820467472 229
1585119425046 0.005033979192376137 230
1585119458776 0.005940157454460859 231
1585119492153 0.004888636060059071 232
1585119525557 0.005410738289356232 233
1585119559918 0.005406815558671951 234
1585119594212 0.005789919290691614 235
1585119627829 0.0053963749669492245 236
1585119661487 0.005911952815949917 237
1585119694643 0.005505215842276812 238
1585119727941 0.006200680509209633 239
1585119761133 0.0048807100392878056 240
1585119795708 0.005654743406921625 241
1585119829061 0.004995885770767927 242
1585119862460 0.005884233396500349 243
1585119895685 0.005175587721168995 244
1585119929527 0.005566863808780909 245
1585119964012 0.005651777610182762 246
1585119997201 0.0058064088225364685 247
1585120031139 0.006398004014045 248
1585120064387 0.004830207210034132 249
1585120098028 0.00668325275182724 250
1585120131115 0.005854422692209482 251
1585120164478 0.005497103091329336 252
1585120199128 0.005019486881792545 253
1585120232458 0.005463746841996908 254
1585120266195 0.005719848908483982 255
1585120299358 0.005567007232457399 256
1585120332651 0.005752953700721264 257
1585120366157 0.004463075194507837 258
1585120399747 0.0059075308963656425 259
1585120433175 0.004963530693203211 260
1585120466588 0.005468304269015789 261
1585120500216 0.004542721901088953 262
1585120534270 0.005984873976558447 263
1585120567929 0.006524989847093821 264
1585120601586 0.005504074972122908 265
1585120634715 0.005461640190333128 266
1585120670035 0.005667917896062136 267
1585120703293 0.005894116126000881 268
1585120736801 0.005802466068416834 269
1585120770653 0.0056074936874210835 270
1585120803913 0.005837802309542894 271
1585120838022 0.004658630583435297 272
1585120871694 0.005572166293859482 273
1585120905333 0.005909009836614132 274
1585120939070 0.005443567410111427 275
1585120973405 0.005152132827788591 276
1585121006896 0.0060651847161352634 277
1585121040251 0.004730068147182465 278
1585121073895 0.005755036603659391 279
1585121107551 0.005114917177706957 280
1585121141284 0.0057031093165278435 281
1585121174984 0.005760249216109514 282
1585121208513 0.004904981702566147 283
1585121243471 0.005429245997220278 284
1585121277090 0.005645764525979757 285
1585121310660 0.00492505868896842 286
1585121344475 0.005497716832906008 287
1585121377957 0.005700436886399984 288
1585121411627 0.005581419914960861 289
1585121445112 0.005594582762569189 290
1585121478725 0.00512190954759717 291
1585121512195 0.005111768376082182 292
1585121545891 0.004962154198437929 293
1585121579532 0.0055539971217513084 294
1585121613295 0.005389506928622723 295
1585121647029 0.005392549559473991 296
1585121680356 0.005607401020824909 297
1585121713772 0.005055319983512163 298
1585121747657 0.005960641894489527 299
1585121780813 0.0057123866863548756 300
1585121814542 0.0055469307117164135 301
1585121847853 0.004848755896091461 302
1585121881511 0.005397741682827473 303
1585121915353 0.005503340624272823 304
1585121949502 0.005947144702076912 305
1585121982879 0.005397737957537174 306
1585122016085 0.004821703303605318 307
1585122049218 0.0051428587175905704 308
1585122082872 0.004658210091292858 309
1585122116795 0.0046394900418818 310
1585122150206 0.0050729806534945965 311
1585122184001 0.004949751775711775 312
1585122217442 0.005314570385962725 313
1585122250828 0.005698646418750286 314
1585122283872 0.005602535791695118 315
1585122317335 0.005914340261369944 316
1585122351018 0.005185892805457115 317
1585122384592 0.004749170504510403 318
1585122419228 0.004063813015818596 319
1585122453341 0.005625497084110975 320
1585122486798 0.0056462958455085754 321
1585122520546 0.005815356504172087 322
1585122553962 0.004765593446791172 323
1585122587044 0.005173030775040388 324
1585122621925 0.004103639628738165 325
1585122655306 0.005078789312392473 326
1585122689238 0.00511328736320138 327
1585122722872 0.005289880093187094 328
1585122756401 0.004528076853603125 329
1585122789931 0.005210959818214178 330
1585122824891 0.005076494533568621 331
1585122858058 0.0049742707051336765 332
1585122891384 0.0048689148388803005 333
1585122924833 0.005385024473071098 334
1585122958307 0.005207868292927742 335
1585122992196 0.0038123668637126684 336
1585123026126 0.0047405255027115345 337
1585123060069 0.00497728306800127 338
1585123093806 0.004449117928743362 339
1585123127464 0.004815394524484873 340
1585123160949 0.004281322006136179 341
1585123194614 0.0055481749586761 342
1585123229270 0.005250931717455387 343
1585123263045 0.005018888507038355 344
1585123296664 0.005076573230326176 345
1585123329961 0.004219178110361099 346
1585123364026 0.004946405533701181 347
1585123397529 0.004277911968529224 348
1585123430888 0.004581535700708628 349
1585123464348 0.004603894893079996 350
1585123498000 0.0051609305664896965 351
1585123531309 0.0053020743653178215 352
1585123564688 0.004868421703577042 353
1585123598282 0.005829497706145048 354
1585123631766 0.004498466849327087 355
1585123666067 0.0049185375683009624 356
1585123699970 0.0054283724166452885 357
1585123734064 0.00579787278547883 358
1585123767860 0.005113346967846155 359
1585123801414 0.0057974280789494514 360
1585123835045 0.005083531141281128 361
1585123868118 0.005859554745256901 362
1585123901271 0.005066622048616409 363
1585123934476 0.005148900672793388 364
1585123967734 0.004635285120457411 365
1585124002213 0.0043230364099144936 366
1585124036133 0.005253270734101534 367
1585124070388 0.005069976206868887 368
1585124104162 0.005199997220188379 369
1585124138909 0.004857712425291538 370
1585124172291 0.0055868541821837425 371
1585124205927 0.004608974792063236 372
1585124240261 0.005354744382202625 373
1585124273903 0.004878874868154526 374
1585124307477 0.005025941412895918 375
1585124341188 0.0054823472164571285 376
1585124375847 0.004302108194679022 377
1585124409356 0.004582761321216822 378
1585124442377 0.005785743240267038 379
1585124475645 0.0052794162184000015 380
1585124508281 0.004894985351711512 381
1585124540877 0.0051369816064834595 382
1585124573374 0.004803447052836418 383
1585124605817 0.005803528241813183 384
1585124638084 0.004089719150215387 385
1585124670456 0.005177835002541542 386
1585124703008 0.005434182472527027 387
1585124736724 0.004742442164570093 388
1585124769158 0.005130880977958441 389
1585124802755 0.0039923847652971745 390
1585124836157 0.004255573730915785 391
1585124868898 0.004989761393517256 392
1585124901307 0.004484117031097412 393
1585124933608 0.004920852370560169 394
1585124966101 0.005137588828802109 395
1585124998975 0.00419099535793066 396
1585125031445 0.004909524228423834 397
1585125064082 0.004371966235339642 398
1585125096698 0.004643373657017946 399
1585125129510 0.004790886305272579 400
1585125162333 0.004328486509621143 401
1585125194757 0.004502291325479746 402
1585125227127 0.0049180141650140285 403
1585125259490 0.005006297957152128 404
1585125292244 0.004767651204019785 405
1585125324876 0.004310488235205412 406
1585125357955 0.004230468533933163 407
1585125390537 0.0034808036871254444 408
1585125423061 0.004528182093054056 409
1585125455707 0.005103376228362322 410
1585125488316 0.0045028734020888805 411
1585125520707 0.004854598548263311 412
1585125553130 0.004031369928270578 413
1585125585667 0.0045060100965201855 414
1585125618346 0.003629505168646574 415
1585125650792 0.004778063856065273 416
1585125683155 0.004285852424800396 417
1585125716936 0.004733748268336058 418
1585125749516 0.0031520735938102007 419
1585125782077 0.0039259991608560085 420
1585125814516 0.00409507192671299 421
1585125847076 0.003914663568139076 422
1585125879777 0.003711484372615814 423
1585125912219 0.003848873544484377 424
1585125945878 0.0036273926962167025 425
1585125978488 0.0031947128009051085 426
1585126011056 0.0027990280650556087 427
1585126043847 0.004024001304060221 428
1585126076480 0.0034191894810646772 429
1585126108980 0.0034524111542850733 430
1585126141504 0.00319037982262671 431
1585126174300 0.003921820782124996 432
1585126206755 0.00401323614642024 433
1585126239366 0.002937442623078823 434
1585126271745 0.0019143878016620874 435
1585126304353 0.002414726885035634 436
1585126336636 0.0024696451146155596 437
1585126369062 0.002526934491470456 438
1585126401828 0.0015087329084053636 439
1585126434201 0.0018811345798894763 440
1585126466724 0.002209290862083435 441
1585126499214 0.0012363570276647806 442
1585126531904 0.0029964421410113573 443
1585126564486 0.0030549801886081696 444
1585126597040 0.0021467898041009903 445
1585126629564 0.002611071802675724 446
1585126662143 0.001709361094981432 447
1585126695351 0.0022579028736799955 448
1585126727569 0.0031278645619750023 449
1585126759921 0.0030593834817409515 450
1585126792493 0.0013757511042058468 451
1585126824913 0.0018829461187124252 452
1585126857447 0.0020257928408682346 453
1585126889962 0.002650700742378831 454
1585126922449 0.0018646528478711843 455
1585126955023 0.002614566357806325 456
1585126987570 0.002318859100341797 457
1585127019969 0.002539276145398617 458
1585127052414 0.0017967760795727372 459
1585127084804 0.0020206801127642393 460
1585127117405 0.0018089370569214225 461
1585127149956 0.0017797222826629877 462
1585127182384 0.0028923973441123962 463
1585127214727 0.0024540117010474205 464
1585127247427 0.003030686406418681 465
1585127280395 0.005092319566756487 466
1585127313453 0.0029782503843307495 467
1585127346386 0.00235229660756886 468
1585127379084 0.0037082028575241566 469
1585127411627 0.0025307375472038984 470
1585127444060 0.003261684672906995 471
1585127476380 0.0021055026445537806 472
1585127508906 0.0056886314414441586 473
1585127541508 0.0017906201537698507 474
1585127573864 0.003923601005226374 475
1585127606164 0.0021415865048766136 476
1585127638734 0.0017998055554926395 477
1585127671843 0.0017799120396375656 478
1585127704503 0.004605637863278389 479
1585127737067 0.0011455226922407746 480
1585127769897 0.0018505733460187912 481
1585127802370 0.002979838289320469 482
1585127834815 0.0020176104735583067 483
1585127867539 0.01068381778895855 484
1585127900144 0.0034323290456086397 485
1585127932583 0.0030467971228063107 486
1585127965277 0.0019431118853390217 487
1585127998021 0.002417556010186672 488
1585128030523 0.001941425958648324 489
1585128063010 0.002134085400030017 490
1585128095548 0.004167584236711264 491
1585128128199 0.0022102179937064648 492
1585128161032 0.0019557701889425516 493
1585128193620 0.0026617655530571938 494
1585128226178 0.002790688769891858 495
1585128260196 0.0019895306322723627 496
1585128293236 0.002281537279486656 497
1585128325597 0.0033542560413479805 498
1585128357949 0.002162214368581772 499
1585128390694 0.0023756888695061207 500
1585128423327 0.0023266172502189875 501
1585128455761 0.0059066894464194775 502
1585128488627 0.00469426903873682 503
1585128520942 0.0020401752553880215 504
1585128553548 0.0019019428873434663 505
1585128586172 0.001884835073724389 506
1585128619397 0.0032870625145733356 507
1585128651864 0.002864840906113386 508
1585128684446 0.001928203273564577 509
1585128718134 0.0014464166015386581 510
1585128750509 0.0011725390795618296 511
1585128783082 0.0014329651603475213 512
1585128815546 0.0027861734852194786 513
1585128848464 0.0015826743328943849 514
1585128880823 0.0018878724658861756 515
1585128913516 0.003292448353022337 516
1585128946093 0.0030427249148488045 517
1585128979973 0.0017260044114664197 518
1585129012820 0.0014150225324556231 519
1585129045528 0.003697496373206377 520
1585129077901 0.0010247656609863043 521
1585129110255 0.007334862370043993 522
1585129142809 0.0012432155199348927 523
1585129175395 0.003077249275520444 524
1585129208156 0.001837364281527698 525
1585129241204 0.0018093005055561662 526
1585129273416 0.0017331097042188048 527
1585129306014 0.0018639502814039588 528
1585129338502 0.0016975129256024957 529
1585129370929 0.0028126973193138838 530
1585129403239 0.002631948096677661 531
1585129435683 0.002913872944191098 532
1585129467845 0.001069037476554513 533
1585129500180 0.0021419308613985777 534
1585129532336 0.0014359269989654422 535
1585129565049 0.002372821094468236 536
1585129597414 0.004734565503895283 537
1585129630152 0.0016040074406191707 538
1585129662576 0.002270058263093233 539
1585129695336 0.0016145412810146809 540
1585129727882 0.003624267876148224 541
1585129760376 0.002501836745068431 542
1585129793552 0.002014824189245701 543
1585129826289 0.0036762745585292578 544
1585129858956 0.0026953883934766054 545
1585129891500 0.0020602026488631964 546
1585129924848 0.0018667663680389524 547
1585129957844 0.002100414829328656 548
1585129990414 0.0026244972832500935 549
1585130022888 0.002353161806240678 550
1585130055385 0.0024583556223660707 551
1585130087827 0.00297760684043169 552
1585130120619 0.0016524707898497581 553
1585130153124 0.0027258475311100483 554
1585130185910 0.00433646934106946 555
1585130218211 0.00407919567078352 556
1585130250858 0.0015749265439808369 557
1585130283369 0.0018574115820229053 558
1585130315754 0.0018990399548783898 559
1585130347998 0.002695932751521468 560
1585130380836 0.0024364993441849947 561
1585130413620 0.0011290621478110552 562
1585130446230 0.0012455489486455917 563
1585130478629 0.0031387018971145153 564
1585130511091 0.0011848992435261607 565
1585130543545 0.0015557481674477458 566
1585130576418 0.0029870395082980394 567
1585130608831 0.004448408260941505 568
1585130641472 0.0016683518188074231 569
1585130674036 0.004289957229048014 570
1585130706564 0.0031630233861505985 571
1585130740140 0.0038499045185744762 572
1585130772992 0.0017372353468090296 573
1585130806592 0.002149410080164671 574
1585130839824 0.0032845078967511654 575
1585130872236 0.00215345062315464 576
1585130904748 0.0018140721367672086 577
1585130937169 0.0016963761299848557 578
1585130969798 0.0023221801966428757 579
1585131002999 0.003460788866505027 580
1585131035380 0.0011953439097851515 581
1585131067735 0.004567774012684822 582
1585131100683 0.0030400098767131567 583
1585131133178 0.0027883450966328382 584
1585131165623 0.0031810556538403034 585
1585131198146 0.0035638504195958376 586
1585131230762 0.0019881122279912233 587
1585131263295 0.002972901565954089 588
1585131295974 0.001555182272568345 589
1585131328750 0.001854071393609047 590
1585131361322 0.0014664282789453864 591
1585131394028 0.004431138280779123 592
1585131426949 0.0014241881435737014 593
1585131459907 0.0030429570470005274 594
1585131492886 0.002600615145638585 595
1585131525468 0.0032829337287694216 596
1585131558096 0.0016826182836666703 597
1585131590593 0.0030921814031898975 598
1585131622951 0.001962309703230858 599
1585131655221 0.0041380953043699265 600
1585131688080 0.0022134967148303986 601
1585131720555 0.002073152456432581 602
1585131752978 0.0019256334053352475 603
1585131785458 0.004414556547999382 604
1585131817995 0.0020374644082039595 605
1585131850783 0.003919235430657864 606
1585131883380 0.0020946646109223366 607
1585131915862 0.0013239843538030982 608
1585131949312 0.0026201957371085882 609
1585131982360 0.0023649935610592365 610
1585132015097 0.0028852245304733515 611
1585132047795 0.0015035257674753666 612
1585132080690 0.004708884283900261 613
1585132113236 0.001708576804958284 614
1585132145561 0.001824505627155304 615
1585132178306 0.00223452877253294 616
1585132211308 0.002281519817188382 617
1585132244278 0.001807160908356309 618
1585132276730 0.003710242221131921 619
1585132309326 0.001988374860957265 620
1585132342059 0.001395509927533567 621
1585132374859 0.001871376414783299 622
1585132407467 0.002829174743965268 623
1585132441325 0.0014120475389063358 624
1585132473611 0.0023571494966745377 625
1585132506545 0.0011461909161880612 626
1585132538820 0.0013701433781534433 627
1585132571884 0.003724263282492757 628
1585132604560 0.00148306495975703 629
1585132637625 0.0011398732895031571 630
1585132670753 0.0018601918127387762 631
1585132703458 0.0034584456589072943 632
1585132736236 0.0024399789981544018 633
1585132768784 0.0012994871940463781 634
1585132802537 0.0016753438394516706 635
1585132835069 0.0028076074086129665 636
1585132867870 0.0019413098925724626 637
1585132900891 0.002120617777109146 638
1585132933201 0.002309772651642561 639
1585132966162 0.0014904631534591317 640
1585132998799 0.0019695661030709743 641
1585133031766 0.0012904874747619033 642
1585133064909 0.001535728108137846 643
1585133098058 0.001335309585556388 644
1585133130738 0.0011375913163647056 645
1585133163261 0.0018496970878913999 646
1585133195818 0.0020843108650296926 647
1585133228462 0.0013195625506341457 648
1585133260892 0.002054385142400861 649
1585133293336 0.0019853441044688225 650
1585133326023 0.003726419061422348 651
1585133359540 0.002114530187100172 652
1585133392248 0.0022291308268904686 653
1585133424947 0.001578085240907967 654
1585133457616 0.0031186724081635475 655
1585133490282 0.0020951845217496157 656
1585133523048 0.002026274800300598 657
1585133555666 0.0016407727962359786 658
1585133588263 0.0011874472256749868 659
1585133621066 0.002625709865242243 660
1585133653817 0.004116496536880732 661
1585133686397 0.0011252759722992778 662
1585133719348 0.0011419255752116442 663
1585133751840 0.002366850385442376 664
1585133784569 0.001779260695911944 665
1585133816962 0.0018366383155807853 666
1585133849742 0.0018663191003724933 667
1585133883193 0.0019112607697024941 668
1585133915759 0.0031857267022132874 669
1585133948560 0.002943026600405574 670
1585133981146 0.0016786344349384308 671
1585134013919 0.002867448376491666 672
1585134046559 0.0019329950446262956 673
1585134079366 0.002279802691191435 674
1585134111758 0.002684430917724967 675
1585134144300 0.0028331936337053776 676
1585134177154 0.0027704776730388403 677
1585134210882 0.0022026814986020327 678
1585134243686 0.0013468796387314796 679
1585134277262 0.002772863255813718 680
1585134309762 0.0023665782064199448 681
1585134342740 0.002712245797738433 682
1585134375523 0.0026371320709586143 683
1585134408002 0.0029256208799779415 684
1585134440602 0.0015729691367596388 685
1585134473288 0.0017974943621084094 686
1585134505907 0.0019143567187711596 687
1585134538779 0.0014823843957856297 688
1585134572560 0.0013984270626679063 689
1585134605200 0.002485866192728281 690
1585134637869 0.0011964330915361643 691
1585134670378 0.0008481362019665539 692
1585134702957 0.002243960043415427 693
1585134735667 0.0018224058439955115 694
1585134768246 0.002447331789880991 695
1585134800826 0.0008965352899394929 696
1585134833633 0.00199884339235723 697
1585134866190 0.002561564091593027 698
1585134898872 0.0012865742901340127 699
1585134931345 0.0024140714667737484 700
1585134963909 0.0013491439167410135 701
1585134997416 0.001834450289607048 702
1585135029766 0.001992611913010478 703
1585135062569 0.002205131109803915 704
1585135096236 0.0017700479365885258 705
1585135128629 0.003606465645134449 706
1585135161602 0.0037645951379090548 707
1585135195341 0.0012124062050133944 708
1585135228271 0.0026530118193477392 709
1585135260726 0.004703536629676819 710
1585135293543 0.005389156751334667 711
1585135326244 0.0024384078569710255 712
1585135358920 0.0015184704679995775 713
1585135392567 0.0021031606011092663 714
1585135425843 0.0019473092397674918 715
1585135458275 0.002083112485706806 716
1585135490700 0.0013260504929348826 717
1585135523279 0.0014957874082028866 718
1585135556033 0.0012973707634955645 719
1585135589503 0.0020866331178694963 720
1585135623110 0.001631102291867137 721
1585135656323 0.0024303265381604433 722
1585135688868 0.0019140454242005944 723
1585135721459 0.00163173396140337 724
1585135754127 0.002033368917182088 725
1585135786817 0.0014434007462114096 726
1585135819468 0.0025874681305140257 727
1585135852103 0.0015045321779325604 728
1585135884730 0.0015060348669067025 729
1585135917229 0.0019837284926325083 730
1585135949671 0.0026447875425219536 731
1585135982311 0.0030217664316296577 732
1585136015077 0.001377264503389597 733
1585136047672 0.0011568336049094796 734
1585136080412 0.001306286547333002 735
1585136112799 0.0016620915848761797 736
1585136145479 0.0025644758716225624 737
1585136178460 0.0015814859652891755 738
1585136211247 0.0022858709562569857 739
1585136243936 0.0018705666298046708 740
1585136276687 0.0012684862595051527 741
1585136309475 0.0025310334749519825 742
1585136342833 0.001390081481076777 743
1585136376120 0.002678773831576109 744
1585136408922 0.0033524215687066317 745
1585136441197 0.0025560345966368914 746
1585136473324 0.0014469081070274115 747
1585136506043 0.0019196354551240802 748
1585136538604 0.0012620245106518269 749
1585136571021 0.0022394894622266293 750
1585136603715 0.0019028574461117387 751
1585136636873 0.0030516302213072777 752
1585136669981 0.004138683434575796 753
1585136702847 0.0010325820185244083 754
1585136736391 0.002069636480882764 755
1585136768984 0.0016944516682997346 756
1585136801702 0.001333006308414042 757
1585136834630 0.0014887090073898435 758
1585136867179 0.003006618469953537 759
1585136899544 0.0027929965872317553 760
1585136932034 0.0018272186862304807 761
1585136964807 0.0014987454051151872 762
1585136997560 0.0031402702443301678 763
1585137030809 0.002211223356425762 764
1585137063335 0.0038645996246486902 765
1585137095840 0.0032659496646374464 766
1585137128642 0.0017043962143361568 767
1585137161486 0.0018771415343508124 768
1585137194112 0.002383853541687131 769
1585137226741 0.0013493314618244767 770
1585137259253 0.0015144874341785908 771
1585137291939 0.0019117494812235236 772
1585137324515 0.002440906362608075 773
1585137357195 0.003763678250834346 774
1585137390213 0.0026376533787697554 775
1585137422643 0.0028178668580949306 776
1585137455264 0.001667524571530521 777
1585137488196 0.0014653860125690699 778
1585137520908 0.0013424457283690572 779
1585137553438 0.0020739727187901735 780
1585137585850 0.0009912040550261736 781
1585137618521 0.0017281939508393407 782
1585137651627 0.0013716259272769094 783
1585137684382 0.0017833937890827656 784
1585137717228 0.0009973032865673304 785
1585137749751 0.003130231751129031 786
1585137782435 0.00228936062194407 787
1585137815155 0.0023129303008317947 788
1585137847668 0.0025508205872029066 789
1585137880306 0.0022198897786438465 790
1585137913145 0.002015594393014908 791
1585137946279 0.0016336484113708138 792
1585137978884 0.0010953969322144985 793
1585138011511 0.0009378049871884286 794
1585138043973 0.001161052961833775 795
1585138076400 0.002138422103598714 796
1585138109635 0.0019268991891294718 797
1585138142201 0.001788135850802064 798
1585138174731 0.0029048570431768894 799
1585138207278 0.0013355673290789127 800
1585138239686 0.0016982195666059852 801
1585138272190 0.0012265860568732023 802
1585138304850 0.0026213566306978464 803
1585138337663 0.002939295955002308 804
1585138369793 0.000951832567807287 805
1585138402482 0.0026587832253426313 806
1585138435240 0.0013814918929710984 807
1585138467754 0.0017327258829027414 808
1585138500325 0.00182065658736974 809
1585138533310 0.003045468358322978 810
1585138566100 0.0020086592994630337 811
1585138598630 0.001151172793470323 812
1585138631423 0.001636586501263082 813
1585138664267 0.002192128449678421 814
1585138696592 0.001234465162269771 815
1585138729222 0.001596409478224814 816
1585138762107 0.001664147013798356 817
1585138795211 0.0018144858768209815 818
1585138827678 0.0020213108509778976 819
1585138860474 0.002188717946410179 820
1585138893138 0.0019250152399763465 821
1585138926032 0.0025564779061824083 822
1585138958652 0.0013292647199705243 823
1585138991453 0.001779275480657816 824
1585139024141 0.0014949418837204576 825
1585139056819 0.0023207056801766157 826
1585139089440 0.003294737543910742 827
1585139122004 0.002466011792421341 828
1585139154916 0.0010621241526678205 829
1585139187357 0.0026956244837492704 830
1585139220119 0.0015746537828817964 831
1585139252768 0.0010890604462474585 832
1585139285469 0.0008439364028163254 833
1585139317985 0.0021116212010383606 834
1585139350637 0.0010970253497362137 835
1585139383186 0.00176234298851341 836
1585139417216 0.0022867911029607058 837
1585139449634 0.0027425000444054604 838
1585139482356 0.0038039572536945343 839
1585139515189 0.0013124856632202864 840
1585139548024 0.0007046598475426435 841
1585139580953 0.002451877109706402 842
1585139613644 0.0017671912210062146 843
1585139646291 0.001828436623327434 844
1585139680083 0.0014566085301339626 845
1585139712527 0.0021259072236716747 846
1585139745091 0.0014517137315124273 847
1585139777814 0.002562801819294691 848
1585139810451 0.002725522266700864 849
1585139843146 0.0019109108252450824 850
1585139875729 0.0017912198090925813 851
1585139908845 0.0018022774020209908 852
1585139941313 0.001510964590124786 853
1585139973915 0.0009210201678797603 854
1585140006304 0.0014346311800181866 855
1585140038671 0.0011685043573379517 856
1585140070978 0.0012098783627152443 857
1585140104839 0.0009498572326265275 858
1585140137253 0.001235153991729021 859
1585140169754 0.003390552243217826 860
1585140202251 0.00266091525554657 861
1585140235096 0.00173444882966578 862
1585140267781 0.001286721439100802 863
1585140300246 0.00116065819747746 864
1585140333110 0.002440805546939373 865
1585140365677 0.0032533537596464157 866
1585140398649 0.002248873934149742 867
1585140431236 0.001376837259158492 868
1585140464096 0.003944707568734884 869
1585140496807 0.001412588288076222 870
1585140529342 0.001460478757508099 871
1585140561776 0.0025981173384934664 872
1585140594380 0.003244325052946806 873
1585140627379 0.0017568093026056886 874
1585140660473 0.0015094062546268106 875
1585140693056 0.001570644322782755 876
1585140725561 0.0020088576711714268 877
1585140758196 0.002131484216079116 878
1585140791113 0.002447873819619417 879
1585140823928 0.0013511922443285584 880
1585140859334 0.0016547632403671741 881
1585140892150 0.0023371814750134945 882
1585140925105 0.0015652936417609453 883
1585140958013 0.002960807643830776 884
1585140990964 0.0005695897270925343 885
1585141023711 0.0017072370974346995 886
1585141056347 0.001528406166471541 887
1585141088566 0.002298712031915784 888
1585141121700 0.0017824728274717927 889
1585141154419 0.002138582058250904 890
1585141186868 0.002081693150103092 891
1585141219377 0.0011668707011267543 892
1585141252316 0.002458058064803481 893
1585141284829 0.0012772732879966497 894
1585141317453 0.005234065465629101 895
1585141350045 0.002156069502234459 896
1585141382737 0.0007886136299930513 897
1585141415111 0.0017022999236360192 898
1585141447637 0.0016324676107615232 899
1585141480201 0.0018017259426414967 900
1585141512502 0.0015559791354462504 901
1585141544864 0.0014404251705855131 902
1585141577201 0.002269755583256483 903
1585141609902 0.001114626764319837 904
1585141641857 0.0007579902303405106 905
1585141673707 0.001398745458573103 906
1585141705727 0.001486560795456171 907
1585141737973 0.0023649774957448244 908
1585141770015 0.0017657913267612457 909
1585141801690 0.001111579593271017 910
1585141833620 0.0016672010533511639 911
1585141865588 0.0013163188705220819 912
1585141897835 0.0029113064520061016 913
1585141929819 0.00139278220012784 914
1585141962016 0.001513825380243361 915
1585141993785 0.001425864640623331 916
1585142025769 0.0038732837419956923 917
1585142057915 0.0010735661489889026 918
1585142089807 0.002879826817661524 919
1585142121632 0.0014622524613514543 920
1585142153682 0.003484747838228941 921
1585142185817 0.0017129131592810154 922
1585142218018 0.0009847326437011361 923
1585142250068 0.003340213093906641 924
1585142282421 0.0011056863004341722 925
1585142314609 0.0010397197911515832 926
1585142346912 0.001151306671090424 927
1585142379065 0.0010153405601158738 928
1585142410809 0.0014267601072788239 929
1585142442965 0.0015668694395571947 930
1585142474953 0.0014048231532797217 931
1585142507053 0.0027185692451894283 932
1585142539181 0.0020194973330944777 933
1585142570911 0.002236372558400035 934
1585142602980 0.0021506999619305134 935
1585142635219 0.0013427183730527759 936
1585142667278 0.0015933156246319413 937
1585142699075 0.0016436227597296238 938
1585142731204 0.0028481450863182545 939
1585142763451 0.0012691315496340394 940
1585142796924 0.001732603064738214 941
1585142828979 0.001310856663621962 942
1585142860995 0.002226335695013404 943
1585142893239 0.00132520601619035 944
1585142926295 0.001633977866731584 945
1585142958665 0.0012420698767527938 946
1585142990821 0.0013222843408584595 947
1585143022828 0.0013431712286546826 948
1585143055071 0.0011984383454546332 949
1585143086584 0.0016193973133340478 950
1585143118878 0.0007353279506787658 951
1585143151552 0.0007855508592911065 952
1585143183657 0.0007703783921897411 953
1585143215700 0.0015688113635405898 954
1585143247815 0.001341613125987351 955
1585143279916 0.0016057800967246294 956
1585143311694 0.00111293769441545 957
1585143343703 0.0014121070271357894 958
1585143375518 0.0016685347072780132 959
1585143407672 0.0009995817672461271 960
1585143439641 0.002180896932259202 961
1585143472638 0.0007416861481033266 962
1585143504785 0.0005589571665041149 963
1585143536784 0.00258171116001904 964
1585143569491 0.0017698273295536637 965
1585143601428 0.001301150768995285 966
1585143633101 0.0011164271272718906 967
1585143665594 0.0030803598929196596 968
1585143697785 0.0020793634466826916 969
1585143729595 0.0024226605892181396 970
1585143761739 0.0021783788688480854 971
1585143793562 0.0010464428924024105 972
1585143825553 0.0017416008049622178 973
1585143857745 0.001285184291191399 974
1585143889578 0.00132346386089921 975
1585143921644 0.001446173177100718 976
1585143953818 0.0012476438423618674 977
1585143985836 0.0014565709279850125 978
1585144018092 0.0013002159539610147 979
1585144050416 0.001291517517529428 980
1585144082409 0.0010107398265972733 981
1585144114573 0.0015117714647203684 982
1585144146537 0.0006708830478601158 983
1585144178546 0.002428855514153838 984
1585144210673 0.0011373556917533278 985
1585144242512 0.0011911874171346426 986
1585144274497 0.0012255038600414991 987
1585144306752 0.0030486020259559155 988
1585144338913 0.0012098662555217743 989
1585144371094 0.005194148514419794 990
1585144402952 0.003105528187006712 991
1585144434880 0.0011466343421489 992
1585144466663 0.0011764218797907233 993
1585144498713 0.0010448150569573045 994
1585144530982 0.001748341484926641 995
1585144562832 0.0015325159765779972 996
1585144595042 0.0021646299865096807 997
1585144626789 0.0020534752402454615 998
1585144659307 0.0042543052695691586 999
1585144691768 0.001176894293166697 1000
1585144723869 0.0014391595032066107 1001
1585144755695 0.0014241401804611087 1002
1585144787747 0.002308894181624055 1003
1585144820220 0.0023059092927724123 1004
1585144852235 0.0016358845168724656 1005
1585144884048 0.0005883911508135498 1006
1585144915781 0.0030453407671302557 1007
1585144947890 0.003516616066917777 1008
1585144980109 0.0009642841760069132 1009
1585145012117 0.00121994165237993 1010
1585145044141 0.0012312823673710227 1011
1585145076406 0.0013716096291318536 1012
1585145107953 0.0016830875538289547 1013
1585145140136 0.002051803283393383 1014
1585145172465 0.0016519149066880345 1015
1585145204871 0.0019244210561737418 1016
1585145236680 0.0033191137481480837 1017
1585145268866 0.002609240124002099 1018
1585145300847 0.0011379062198102474 1019
1585145332827 0.0010668208124116063 1020
1585145364855 0.001113615813665092 1021
1585145397039 0.001323944772593677 1022
1585145429088 0.0014375478494912386 1023
1585145461581 0.0031552626751363277 1024
1585145493574 0.0033563331235200167 1025
1585145526407 0.0011065691942349076 1026
1585145558318 0.000999359181150794 1027
1585145590239 0.002371125388890505 1028
1585145622438 0.0011736102169379592 1029
1585145654282 0.0013669466134160757 1030
1585145686287 0.0031207120046019554 1031
1585145718311 0.0013817886356264353 1032
1585145750236 0.001262695761397481 1033
1585145782438 0.00101250980515033 1034
1585145814400 0.000906303757801652 1035
1585145846629 0.0014297699090093374 1036
1585145878702 0.0014312374405562878 1037
1585145910704 0.0011132757645100355 1038
1585145942522 0.001397686661221087 1039
1585145974491 0.0020226037595421076 1040
1585146006669 0.0016712865326553583 1041
1585146038980 0.001421413035131991 1042
1585146070974 0.0024388607125729322 1043
1585146103038 0.004002298694103956 1044
1585146134996 0.0015654047019779682 1045
1585146167381 0.0012348851887509227 1046
1585146199417 0.0009976641740649939 1047
1585146231273 0.001230720430612564 1048
1585146263108 0.0014671914977952838 1049
1585146295335 0.004260536283254623 1050
1585146327625 0.002707074861973524 1051
1585146359673 0.0011210214579477906 1052
1585146391823 0.0012471926165744662 1053
1585146423682 0.0014496434014290571 1054
1585146455745 0.0016907623503357172 1055
1585146487730 0.0018453291850164533 1056
1585146520657 0.0015542164910584688 1057
1585146552902 0.0018864290323108435 1058
1585146585076 0.0014847290003672242 1059
1585146617130 0.0014372100122272968 1060
1585146649419 0.006239637266844511 1061
1585146681709 0.0013099187053740025 1062
1585146713621 0.0009023204911500216 1063
1585146746158 0.00162237707991153 1064
1585146778651 0.002401146339252591 1065
1585146810679 0.0026702636387199163 1066
1585146842875 0.00230213301256299 1067
1585146874632 0.001321164658293128 1068
1585146907116 0.0012717655627056956 1069
1585146938926 0.003798473160713911 1070
1585146970785 0.0013182366965338588 1071
1585147002820 0.0023865574039518833 1072
1585147034520 0.0011771764839068055 1073
1585147066693 0.0015564350178465247 1074
1585147099604 0.0018610430415719748 1075
1585147132324 0.002304099965840578 1076
1585147164691 0.0014952310593798757 1077
1585147197804 0.001265358179807663 1078
1585147230420 0.0008506269077770412 1079
1585147262740 0.002212387276813388 1080
1585147294912 0.002273313933983445 1081
1585147327193 0.0016364649636670947 1082
1585147359348 0.0010483022779226303 1083
1585147391182 0.002111510606482625 1084
1585147423261 0.0018726118141785264 1085
1585147457061 0.0016966181574389338 1086
1585147489315 0.0011831277515739202 1087
1585147522447 0.001294959569349885 1088
1585147554556 0.0018033316591754556 1089
1585147586327 0.0016683286521583796 1090
1585147618459 0.0012967083603143692 1091
1585147650337 0.002700850833207369 1092
1585147682612 0.0015087290666997433 1093
1585147715064 0.0017210433725267649 1094
1585147747379 0.0013403532793745399 1095
1585147779415 0.002351553877815604 1096
1585147811484 0.0016537916380912066 1097
1585147843514 0.0007118876092135906 1098
1585147875486 0.0013990000588819385 1099
1585147907452 0.0009201549692079425 1100
1585147939360 0.0024753145407885313 1101
1585147971238 0.0010403664782643318 1102
1585148003181 0.0015305477427318692 1103
1585148035206 0.0018508598441258073 1104
1585148067317 0.001998820574954152 1105
1585148099184 0.0021977939177304506 1106
1585148131356 0.0011511847842484713 1107
1585148164194 0.001201824052259326 1108
1585148196132 0.0010555644985288382 1109
1585148228518 0.0009604676743037999 1110
1585148260723 0.002438855357468128 1111
1585148292809 0.0012782566482201219 1112
1585148324716 0.0018434139201417565 1113
1585148356938 0.0016953806625679135 1114
1585148389473 0.0013152657775208354 1115
1585148421502 0.0006332544726319611 1116
1585148453352 0.000999984797090292 1117
1585148485093 0.002215250860899687 1118
1585148517181 0.0014938663225620985 1119
1585148549253 0.0007668343023397028 1120
1585148581799 0.001763869309797883 1121
1585148615276 0.0017768529942259192 1122
1585148647131 0.0009946745121851563 1123
1585148679658 0.0013292819494381547 1124
1585148711807 0.0016559574287384748 1125
1585148743726 0.0014176048571243882 1126
1585148775954 0.0018253744347020984 1127
1585148808079 0.0016863300697878003 1128
1585148841056 0.0020375640597194433 1129
1585148872945 0.001842039288021624 1130
1585148904598 0.0016254920046776533 1131
1585148936350 0.001999780535697937 1132
1585148968220 0.002210821257904172 1133
1585149000211 0.001278359442949295 1134
1585149032245 0.005604149308055639 1135
1585149064686 0.000766801938880235 1136
1585149096766 0.0011006572749465704 1137
1585149128949 0.003914366476237774 1138
1585149160955 0.0011715095024555922 1139
1585149193012 0.001939453766681254 1140
1585149225154 0.0015634812880307436 1141
1585149256973 0.0012658046325668693 1142
1585149289154 0.0021946642082184553 1143
1585149321255 0.0020457373466342688 1144
1585149353230 0.001484825392253697 1145
1585149385184 0.000944106315728277 1146
1585149417077 0.0012099319137632847 1147
1585149448903 0.002685998333618045 1148
1585149481212 0.004915664438158274 1149
1585149513168 0.0018821903504431248 1150
1585149545260 0.0013698438415303826 1151
1585149577153 0.0013623563572764397 1152
1585149609125 0.001938643748871982 1153
1585149641673 0.0009963500779122114 1154
1585149673528 0.0011433163890615106 1155
1585149705718 0.001777934143319726 1156
1585149737981 0.001325205434113741 1157
1585149770165 0.0008421291713602841 1158
1585149801747 0.0013856557197868824 1159
1585149834326 0.0013694415101781487 1160
1585149866159 0.0015626177191734314 1161
1585149898372 0.0010243544820696115 1162
1585149930213 0.0021921482402831316 1163
1585149962068 0.0017491864273324609 1164
1585149993710 0.0013670865446329117 1165
1585150025475 0.0014607292832806706 1166
1585150057621 0.002036580117419362 1167
1585150089816 0.0009163750801235437 1168
1585150121992 0.0012328432640060782 1169
1585150154124 0.0014995249221101403 1170
1585150186401 0.0018160516628995538 1171
1585150219134 0.000834666017908603 1172
1585150250993 0.0024893032386898994 1173
1585150284306 0.001325171091593802 1174
1585150316661 0.0017570613417774439 1175
1585150348846 0.002618554513901472 1176
1585150382179 0.0019152110908180475 1177
1585150414188 0.001263818354345858 1178
1585150446308 0.002129931468516588 1179
1585150478251 0.002467106329277158 1180
1585150510207 0.0008724289364181459 1181
1585150542349 0.001421959139406681 1182
1585150574369 0.002094684401527047 1183
1585150606363 0.0012256273766979575 1184
1585150639994 0.0014137458056211472 1185
1585150672199 0.0023445480037480593 1186
1585150704120 0.0011404016986489296 1187
1585150736049 0.0013685607118532062 1188
1585150768236 0.0013652597554028034 1189
1585150800180 0.0010134942131116986 1190
1585150832175 0.0008888619486242533 1191
1585150864365 0.002143155550584197 1192
1585150896712 0.00150429701898247 1193
1585150929036 0.0007453345460817218 1194
1585150960507 0.0027962808962911367 1195
1585150992290 0.00119630282279104 1196
1585151024198 0.0009851254289969802 1197
1585151056332 0.0018978433217853308 1198
1585151088581 0.0012023370945826173 1199
1585151121280 0.001751426258124411 1200
1585151153384 0.0004644675354938954 1201
1585151185419 0.00530431279912591 1202
1585151217475 0.002629664959385991 1203
1585151249692 0.00029025066760368645 1204
1585151282922 0.0010778557043522596 1205
1585151315276 0.0006688740104436874 1206
1585151347300 0.0009969888487830758 1207
1585151379396 0.0008910848991945386 1208
1585151411683 0.0009017845732159913 1209
1585151443555 0.001960913883522153 1210
1585151475585 0.0011452286271378398 1211
1585151507697 0.0011547674657776952 1212
1585151539637 0.0008697049343027174 1213
1585151572084 0.0008433765615336597 1214
1585151604104 0.002517849672585726 1215
1585151635842 0.001015160116367042 1216
1585151667700 0.001865093712694943 1217
1585151699857 0.0008888057200238109 1218
1585151731957 0.0013219179818406701 1219
1585151764183 0.001457179430872202 1220
1585151796285 0.0015506442869082093 1221
1585151828418 0.001189091824926436 1222
1585151860313 0.0013748127967119217 1223
1585151892451 0.0008461745455861092 1224
1585151924302 0.001637901645153761 1225
1585151956246 0.0019152613822370768 1226
1585151988248 0.0011515989899635315 1227
1585152020169 0.00227691070176661 1228
1585152052139 0.0011241300962865353 1229
1585152085132 0.0022919282782822847 1230
1585152117183 0.0011689283419400454 1231
1585152149555 0.0008026096038520336 1232
1585152181334 0.0015798358945176005 1233
1585152212960 0.0018691476434469223 1234
1585152245062 0.00205550086684525 1235
1585152277415 0.001114658429287374 1236
1585152309006 0.0033224003855139017 1237
1585152341443 0.001281867385841906 1238
1585152373482 0.0010327594354748726 1239
1585152405734 0.001527029904536903 1240
1585152437816 0.0016701830318197608 1241
1585152469477 0.0008835739572532475 1242
1585152501252 0.0013760090805590153 1243
1585152533180 0.0009025261970236897 1244
1585152566080 0.0011478967498987913 1245
1585152598696 0.0016114190220832825 1246
1585152630795 0.0006384298903867602 1247
1585152663438 0.0004523365059867501 1248
1585152695446 0.0014253536937758327 1249
1585152727570 0.0009835065575316548 1250
1585152760338 0.0024346746504306793 1251
1585152792305 0.003952785860747099 1252
1585152824145 0.0012560916366055608 1253
1585152856136 0.0013982400996610522 1254
1585152889379 0.0013758649583905935 1255
1585152921824 0.001232858281582594 1256
1585152953953 0.0010762602323666215 1257
1585152986293 0.0020912527106702328 1258
1585153018370 0.0009815591620281339 1259
1585153050324 0.0016660817200317979 1260
1585153082421 0.0010477384785190225 1261
1585153114393 0.001537799253128469 1262
1585153146161 0.0006985550862737 1263
1585153178440 0.0011768786935135722 1264
1585153210618 0.0018042331794276834 1265
1585153243635 0.0011612786911427975 1266
1585153275767 0.0010021158959716558 1267
1585153307641 0.0019448945531621575 1268
1585153339484 0.000918268458917737 1269
1585153371261 0.0006918574799783528 1270
1585153403258 0.0023813750594854355 1271
1585153435167 0.001360750524327159 1272
1585153467274 0.0014564191224053502 1273
1585153499201 0.0009577418095432222 1274
1585153531269 0.001381331472657621 1275
1585153563339 0.0013303825398907065 1276
1585153595473 0.0005600652657449245 1277
1585153627575 0.0010215711081400514 1278
1585153659180 0.0013117846101522446 1279
1585153691197 0.0012378784595057368 1280
1585153723196 0.0009873568778857589 1281
1585153755433 0.0016920858761295676 1282
1585153787857 0.0011314788134768605 1283
1585153819984 0.0013333158567547798 1284
1585153851697 0.0009503652108833194 1285
1585153883861 0.0008403218816965818 1286
1585153915737 0.0011183684691786766 1287
1585153947712 0.0010820875177159905 1288
1585153979651 0.0008483809651806951 1289
1585154011837 0.0010524241952225566 1290
1585154043804 0.0015716537600383162 1291
1585154075949 0.0010607305448502302 1292
1585154107884 0.0015610847622156143 1293
1585154139931 0.0013601804384961724 1294
1585154172057 0.0008025724091567099 1295
1585154203884 0.000878911348991096 1296
1585154235888 0.0010371558601036668 1297
1585154267881 0.0013836026191711426 1298
1585154299705 0.0014102557906880975 1299
1585154331673 0.0018259078497067094 1300
1585154364021 0.0008364151581190526 1301
1585154396953 0.0008468275191262364 1302
1585154430239 0.0012769685126841068 1303
1585154463396 0.0013190523022785783 1304
1585154496546 0.0017270188545808196 1305
1585154530520 0.00078136648517102 1306
1585154563986 0.0018217480974271894 1307
1585154597025 0.0009489209624007344 1308
1585154630196 0.0005297551397234201 1309
1585154663406 0.0018125695642083883 1310
1585154696644 0.0006838174886070192 1311
1585154729705 0.0013029498513787985 1312
1585154762906 0.0018309226725250483 1313
1585154796044 0.0015118262963369489 1314
1585154829100 0.0016441508196294308 1315
1585154862670 0.0009388866601511836 1316
1585154895891 0.001153691322542727 1317
1585154929797 0.001609030761756003 1318
1585154963591 0.0003233276365790516 1319
1585154997070 0.0010413633426651359 1320
1585155030282 0.0019930191338062286 1321
1585155063372 0.001212695729918778 1322
1585155096383 0.0008521022391505539 1323
1585155129716 0.0014570897910743952 1324
1585155162876 0.001823029131628573 1325
1585155196133 0.0009799983818084002 1326
1585155229616 0.0018187703099101782 1327
1585155262827 0.0009618696640245616 1328
1585155296481 0.0005971256759949028 1329
1585155329591 0.0012010472128167748 1330
1585155363743 0.0011218964355066419 1331
1585155397019 0.0013121822848916054 1332
1585155430223 0.0018144374480471015 1333
1585155463657 0.0020666681230068207 1334
1585155496635 0.0012609247351065278 1335
1585155529826 0.001069791498593986 1336
1585155563088 0.0009704192052595317 1337
1585155596638 0.0010599072556942701 1338
1585155629900 0.001959865679964423 1339
1585155663087 0.001591563574038446 1340
1585155696663 0.0011539988918229938 1341
1585155729757 0.0019092947477474809 1342
1585155762840 0.0012734036426991224 1343
1585155795834 0.0015132800908759236 1344
1585155828790 0.0010744334431365132 1345
1585155862008 0.0010570032754912972 1346
1585155895015 0.002444114536046982 1347
1585155928570 0.0009337008814327419 1348
1585155961734 0.0009171905694529414 1349
1585155994868 0.001300116186030209 1350
1585156028065 0.0009741213289089501 1351
1585156061523 0.001936575979925692 1352
1585156094915 0.001619019079953432 1353
1585156128617 0.0007617938099429011 1354
1585156162352 0.000849997391924262 1355
1585156195668 0.0007856123265810311 1356
1585156230278 0.0012677082559093833 1357
1585156263278 0.0022678724490106106 1358
1585156296709 0.0018336828798055649 1359
1585156329922 0.000689665088430047 1360
1585156363449 0.0010278875706717372 1361
1585156396743 0.0011944059515371919 1362
1585156430279 0.0011763554066419601 1363
1585156463722 0.0008622878813184798 1364
1585156496586 0.0013539755018427968 1365
1585156529988 0.0015433363150805235 1366
1585156563828 0.000487927085487172 1367
1585156596771 0.0007969141006469727 1368
1585156630929 0.0011482216650620103 1369
1585156664089 0.0007760657463222742 1370
1585156697285 0.0015380058903247118 1371
1585156730387 0.0010168468579649925 1372
1585156763456 0.001751385279931128 1373
1585156796984 0.0011685637291520834 1374
1585156830049 0.0015896445838734508 1375
1585156863064 0.0011843570973724127 1376
1585156896537 0.0009167909738607705 1377
1585156930048 0.0032067971769720316 1378
1585156963285 0.0017863516695797443 1379
1585156996798 0.0014219445874914527 1380
1585157030163 0.0015066443011164665 1381
1585157063545 0.0012637864565476775 1382
1585157097859 0.0008871965110301971 1383
1585157130765 0.0009521333849988878 1384
1585157164118 0.0018513161921873689 1385
1585157197706 0.0014822486555203795 1386
1585157230545 0.0010352679528295994 1387
1585157264076 0.0012171071721240878 1388
1585157297338 0.0015751828905194998 1389
1585157331382 0.0017035159980878234 1390
1585157364728 0.0007882070494815707 1391
1585157397907 0.0012245681136846542 1392
1585157431117 0.0009265269036404788 1393
1585157465070 0.0007924239034764469 1394
1585157498480 0.0013296067481860518 1395
1585157532237 0.0008844108087942004 1396
1585157565466 0.0012213041773065925 1397
1585157598891 0.0010799854062497616 1398
1585157632594 0.0012221758952364326 1399
1585157665894 0.0010501183569431305 1400
1585157698958 0.0008777473121881485 1401
1585157732182 0.0009683483513072133 1402
1585157765456 0.0014916153158992529 1403
1585157800147 0.0007938340422697365 1404
1585157833789 0.0005745634553022683 1405
1585157866978 0.0010117694037035108 1406
1585157900366 0.0018738895887508988 1407
1585157933404 0.0013120532967150211 1408
1585157966697 0.0007549441652372479 1409
1585157999867 0.0011543836444616318 1410
1585158034465 0.00073095882544294 1411
1585158068676 0.0011630249209702015 1412
1585158101891 0.0017334383446723223 1413
1585158135501 0.0008539278642274439 1414
1585158168352 0.0008542603463865817 1415
1585158201384 0.0009706585551612079 1416
1585158234399 0.001206801738590002 1417
1585158267559 0.0008476447546854615 1418
1585158301585 0.0021138128358870745 1419
1585158334682 0.0019046847010031343 1420
1585158368168 0.002319041406735778 1421
1585158401258 0.001493000891059637 1422
1585158434198 0.0009376960224471986 1423
1585158466197 0.002369585679844022 1424
1585158497758 0.0008251996478065848 1425
1585158529593 0.0009777676314115524 1426
1585158562562 0.002157108159735799 1427
1585158594432 0.0011971030617132783 1428
1585158626247 0.0017478973604738712 1429
1585158658421 0.0008209308725781739 1430
1585158690717 0.0009604358347132802 1431
1585158724170 0.001103422837331891 1432
1585158757911 0.0009678870555944741 1433
1585158791176 0.0008824964170344174 1434
1585158824577 0.0013348101638257504 1435
1585158858511 0.001190589857287705 1436
1585158891409 0.0014844478573650122 1437
1585158924412 0.0015665011014789343 1438
1585158958356 0.0004096604825463146 1439
1585158991537 0.0009937669383361936 1440
1585159024831 0.0017972729401662946 1441
1585159058043 0.0013186532305553555 1442
1585159091453 0.0007911224965937436 1443
1585159124621 0.0010340848239138722 1444
1585159157630 0.001791362534277141 1445
1585159190969 0.001285711769014597 1446
1585159224187 0.0007703815354034305 1447
1585159257577 0.0009534090058878064 1448
1585159290713 0.001040349598042667 1449
1585159324142 0.000710260181222111 1450
1585159357339 0.0015137282898649573 1451
1585159390464 0.0009119038004428148 1452
1585159423680 0.0012896715197712183 1453
1585159456793 0.001187136280350387 1454
1585159490240 0.0008509274339303374 1455
1585159523427 0.002240549074485898 1456
1585159556851 0.0008996204705908895 1457
1585159589898 0.00297231855802238 1458
1585159623288 0.0008830488077364862 1459
1585159656597 0.0009470807854086161 1460
1585159689761 0.0008028833544813097 1461
1585159722907 0.0008245877688750625 1462
1585159756356 0.0006171549903228879 1463
1585159790046 0.000869986426550895 1464
1585159823077 0.0009164224611595273 1465
1585159856270 0.0006750208558514714 1466
1585159889682 0.0004286854527890682 1467
1585159922861 0.0013967768754810095 1468
1585159955811 0.0013181200483813882 1469
1585159988820 0.0013255096273496747 1470
1585160022038 0.0018674770835787058 1471
1585160055454 0.0007515733013860881 1472
1585160088460 0.0017965137958526611 1473
1585160121815 0.0022322763688862324 1474
1585160155300 0.0035443902015686035 1475
1585160189661 0.0021669678390026093 1476
1585160222522 0.00034791245707310736 1477
1585160255811 0.000668562192004174 1478
1585160288869 0.0014666379429399967 1479
1585160322021 0.0007651896448805928 1480
1585160355354 0.0008359710336662829 1481
1585160388509 0.001146155409514904 1482
1585160421801 0.0012480084551498294 1483
1585160455091 0.0011940838303416967 1484
1585160488351 0.0018213300500065088 1485
1585160521587 0.0013556290650740266 1486
1585160554742 0.001565143116749823 1487
1585160587636 0.0013008207315579057 1488
1585160620826 0.0013116442132741213 1489
1585160654115 0.0009545243228785694 1490
1585160687134 0.0010590475285425782 1491
1585160720326 0.001032862812280655 1492
1585160753700 0.0016076613683253527 1493
1585160786783 0.0006929319933988154 1494
1585160820272 0.000404038728447631 1495
1585160853871 0.00172563421074301 1496
1585160887262 0.0010700543643906713 1497
1585160920630 0.002110559493303299 1498
1585160954044 0.0008389101712964475 1499
1585160987685 0.001325469114817679 1500
