1585111702807 0.3327358365058899 0
1585111736219 0.6865565776824951 1
1585111769581 0.6799056529998779 2
1585111803426 0.5570046901702881 3
1585111836938 0.31566035747528076 4
1585111870494 0.587688684463501 5
1585111904204 0.8658490777015686 6
1585111937681 0.7076650857925415 7
1585111971317 0.6810141801834106 8
1585112004500 0.6765801906585693 9
1585112038066 0.6876651048660278 10
1585112071777 0.6979716420173645 11
1585112105137 0.7994810938835144 12
1585112140094 0.8647406101226807 13
1585112173278 0.8805660009384155 14
1585112207009 0.8723820447921753 15
1585112240089 0.8673820495605469 16
1585112274504 0.869457483291626 17
1585112308012 0.8716745376586914 18
1585112341308 0.8741745352745056 19
1585112374749 0.8797405362129211 20
1585112408252 0.8764150738716125 21
1585112441691 0.8782075643539429 22
1585112474858 0.8723820447921753 23
1585112508121 0.8675236105918884 24
1585112541788 0.8569575548171997 25
1585112575205 0.84752357006073 26
1585112608733 0.8322405815124512 27
1585112642560 0.8398820757865906 28
1585112676101 0.8534905314445496 29
1585112709494 0.860990583896637 30
1585112744728 0.8626651167869568 31
1585112778497 0.877665102481842 32
1585112812042 0.874457597732544 33
1585112845484 0.8782075643539429 34
1585112880434 0.8722406029701233 35
1585112914120 0.8808490633964539 36
1585112947424 0.8854244947433472 37
1585112980906 0.8809905648231506 38
1585113014316 0.8832074403762817 39
1585113047868 0.8819575309753418 40
1585113081269 0.8841745257377625 41
1585113114668 0.8783490061759949 42
1585113148036 0.8648820519447327 43
1585113181888 0.8807075023651123 44
1585113215463 0.8825235962867737 45
1585113249131 0.8782075643539429 46
1585113283862 0.8726651072502136 47
1585113317287 0.8802830576896667 48
1585113350863 0.8837735652923584 49
1585113384341 0.868207573890686 50
1585113417451 0.8882075548171997 51
1585113450553 0.8944575786590576 52
1585113484293 0.891132116317749 53
1585113517730 0.8879244923591614 54
1585113551070 0.8907074928283691 55
1585113584337 0.8934906125068665 56
1585113617858 0.8918159604072571 57
1585113651265 0.8875235915184021 58
1585113685191 0.8891745209693909 59
1585113718347 0.8961320519447327 60
1585113751980 0.8895990252494812 61
1585113785610 0.8958490490913391 62
1585113819625 0.8995990753173828 63
1585113853132 0.9030659794807434 64
1585113886716 0.8955659866333008 65
1585113920278 0.896957516670227 66
1585113953941 0.9068160057067871 67
1585113988227 0.9019575119018555 68
1585114021503 0.898065984249115 69
1585114055618 0.9068160057067871 70
1585114089124 0.9105660319328308 71
1585114122499 0.9008491039276123 72
1585114155761 0.9094574451446533 73
1585114189433 0.9011321067810059 74
1585114222940 0.9041745066642761 75
1585114256803 0.9025236368179321 76
1585114290428 0.9012736082077026 77
1585114323868 0.9041745066642761 78
1585114357396 0.9080660343170166 79
1585114390881 0.9082075357437134 80
1585114425507 0.9094574451446533 81
1585114458900 0.9104244709014893 82
1585114492894 0.9108490943908691 83
1585114526291 0.8989151120185852 84
1585114559787 0.9068159461021423 85
1585114593372 0.9065330028533936 86
1585114626938 0.9069575071334839 87
1585114660421 0.9045990705490112 88
1585114694199 0.9058490991592407 89
1585114727661 0.914174497127533 90
1585114761242 0.8983490467071533 91
1585114795553 0.9104244709014893 92
1585114828877 0.9154244661331177 93
1585114862797 0.9105660319328308 94
1585114896129 0.9080659747123718 95
1585114929423 0.9034905433654785 96
1585114962947 0.9166744947433472 97
1585114996326 0.9091745018959045 98
1585115030606 0.9025235772132874 99
1585115063748 0.9182075262069702 100
1585115097290 0.9105660319328308 101
1585115130633 0.9127829074859619 102
1585115164656 0.9086320400238037 103
1585115198319 0.9093160033226013 104
1585115232839 0.9201415181159973 105
1585115268381 0.9129244685173035 106
1585115301673 0.9069575071334839 107
1585115335242 0.920849084854126 108
1585115368766 0.9170990586280823 109
1585115402239 0.9144575595855713 110
1585115436232 0.9144575595855713 111
1585115469725 0.9180660247802734 112
1585115503090 0.9157074689865112 113
1585115537032 0.9190329313278198 114
1585115570305 0.9219574928283691 115
1585115603989 0.9140329957008362 116
1585115637793 0.9170990586280823 117
1585115671129 0.9154245257377625 118
1585115704813 0.9215330481529236 119
1585115738053 0.9193159937858582 120
1585115771274 0.9207075834274292 121
1585115804699 0.9144575595855713 122
1585115837806 0.916815996170044 123
1585115871022 0.9252830147743225 124
1585115904584 0.9147405624389648 125
1585115938271 0.9218159914016724 126
1585115971824 0.9255659580230713 127
1585116006834 0.916815996170044 128
1585116041391 0.9154245257377625 129
1585116076057 0.9193160533905029 130
1585116109527 0.9238914251327515 131
1585116143000 0.9195990562438965 132
1585116176548 0.9122405648231506 133
1585116209640 0.9073820114135742 134
1585116243583 0.9091745018959045 135
1585116276938 0.9227829575538635 136
1585116310920 0.9230659604072571 137
1585116344525 0.9180660247802734 138
1585116378143 0.9180659651756287 139
1585116411402 0.9155659675598145 140
1585116444640 0.9151650667190552 141
1585116478405 0.9194575548171997 142
1585116512000 0.9276415109634399 143
1585116545404 0.9216745495796204 144
1585116579244 0.9229244589805603 145
1585116612872 0.9252830147743225 146
1585116646366 0.9168160557746887 147
1585116680975 0.9290329813957214 148
1585116714494 0.916815996170044 149
1585116748017 0.9154244661331177 150
1585116781468 0.9190329909324646 151
1585116814867 0.9279245138168335 152
1585116848878 0.9230659604072571 153
1585116882270 0.914315938949585 154
1585116915592 0.9184905886650085 155
1585116949196 0.9209905862808228 156
1585116983039 0.9265329837799072 157
1585117017416 0.9204245209693909 158
1585117050831 0.9254245162010193 159
1585117084106 0.9268159866333008 160
1585117117944 0.9230660200119019 161
1585117151238 0.9157075881958008 162
1585117184453 0.9229244589805603 163
1585117217746 0.9338915348052979 164
1585117251186 0.937641441822052 165
1585117284801 0.9222405552864075 166
1585117318127 0.9290329813957214 167
1585117351996 0.9232075214385986 168
1585117385275 0.9134905338287354 169
1585117418688 0.9257074594497681 170
1585117453295 0.9220991134643555 171
1585117488827 0.9258490800857544 172
1585117522603 0.912665069103241 173
1585117555831 0.9230659008026123 174
1585117589693 0.9229244589805603 175
1585117623188 0.9258490800857544 176
1585117656374 0.9190330505371094 177
1585117689654 0.9301415085792542 178
1585117723380 0.9316744804382324 179
1585117756533 0.9204245209693909 180
1585117790300 0.9302830100059509 181
1585117823574 0.926674485206604 182
1585117857079 0.9280660152435303 183
1585117890612 0.9230660200119019 184
1585117924247 0.9183490872383118 185
1585117958326 0.9243159890174866 186
1585117991588 0.9263914823532104 187
1585118025107 0.9305658936500549 188
1585118059054 0.9265329837799072 189
1585118092588 0.9218159914016724 190
1585118125780 0.9279245138168335 191
1585118159160 0.9125235676765442 192
1585118192740 0.9255659580230713 193
1585118226065 0.926674485206604 194
1585118259880 0.9209905862808228 195
1585118293075 0.9365329742431641 196
1585118326662 0.9280659556388855 197
1585118360182 0.9341744780540466 198
1585118393818 0.9277830123901367 199
1585118427316 0.926674485206604 200
1585118460688 0.9232075214385986 201
1585118494313 0.9268159866333008 202
1585118527855 0.9315329790115356 203
1585118561734 0.9352830052375793 204
1585118595040 0.9352829456329346 205
1585118629802 0.9270990490913391 206
1585118663526 0.928207516670227 207
1585118697064 0.9291744828224182 208
1585118730664 0.9365329742431641 209
1585118763828 0.9227829575538635 210
1585118797405 0.9329244494438171 211
1585118831856 0.9343159794807434 212
1585118865248 0.9248820543289185 213
1585118898371 0.9232075214385986 214
1585118932141 0.9338915348052979 215
1585118965625 0.9291744828224182 216
1585118999040 0.9268159866333008 217
1585119032710 0.9258490800857544 218
1585119066274 0.9399999380111694 219
1585119099922 0.9426414966583252 220
1585119133376 0.942924439907074 221
1585119167024 0.9291744828224182 222
1585119200842 0.9247405529022217 223
1585119235624 0.9340329766273499 224
1585119269251 0.9232075214385986 225
1585119302725 0.9343160390853882 226
1585119336168 0.9229245185852051 227
1585119369881 0.9269574880599976 228
1585119403479 0.9294575452804565 229
1585119436865 0.9291744828224182 230
1585119470549 0.9327830076217651 231
1585119503837 0.9326415061950684 232
1585119537916 0.9352830052375793 233
1585119571627 0.9316744804382324 234
1585119605903 0.9343159794807434 235
1585119639614 0.9270990490913391 236
1585119673126 0.9329245090484619 237
1585119706304 0.9379245042800903 238
1585119739601 0.9297405481338501 239
1585119773062 0.9391745328903198 240
1585119807435 0.931957483291626 241
1585119840716 0.9413914680480957 242
1585119874262 0.933349072933197 243
1585119907529 0.9316744804382324 244
1585119941270 0.9305660128593445 245
1585119975689 0.934457540512085 246
1585120008903 0.9332075119018555 247
1585120042827 0.934457540512085 248
1585120076031 0.9343159794807434 249
1585120109557 0.9388914704322815 250
1585120142937 0.939174473285675 251
1585120176113 0.934457540512085 252
1585120210870 0.9441745281219482 253
1585120244545 0.9379245042800903 254
1585120277819 0.934457540512085 255
1585120311063 0.9404245018959045 256
1585120344458 0.9227829575538635 257
1585120377790 0.9343159198760986 258
1585120411430 0.9316744804382324 259
1585120444857 0.928207516670227 260
1585120478391 0.9354245066642761 261
1585120511989 0.937099039554596 262
1585120546079 0.9368159770965576 263
1585120579916 0.937099039554596 264
1585120613223 0.9380659461021423 265
1585120646749 0.9402830004692078 266
1585120681692 0.9352830052375793 267
1585120714975 0.933490514755249 268
1585120748485 0.9330660104751587 269
1585120782403 0.9405660033226013 270
1585120815770 0.9233490228652954 271
1585120849903 0.9355660080909729 272
1585120883531 0.9377830028533936 273
1585120917052 0.9161320924758911 274
1585120951109 0.9415330290794373 275
1585120985125 0.9368159770965576 276
1585121018651 0.9329244494438171 277
1585121052182 0.9244575500488281 278
1585121085629 0.9429244995117188 279
1585121119321 0.9318159818649292 280
1585121153200 0.941674530506134 281
1585121186707 0.9343160390853882 282
1585121220414 0.9379245042800903 283
1585121255302 0.940282940864563 284
1585121288774 0.9366744756698608 285
1585121322337 0.941815972328186 286
1585121356437 0.9277830123901367 287
1585121389885 0.9354245066642761 288
1585121423265 0.9468159675598145 289
1585121456831 0.9402830004692078 290
1585121490413 0.934457540512085 291
1585121523966 0.9377830028533936 292
1585121557723 0.934457540512085 293
1585121591372 0.9382075071334839 294
1585121625132 0.9404245018959045 295
1585121658694 0.9413914680480957 296
1585121691991 0.9355660080909729 297
1585121725437 0.940141499042511 298
1585121759364 0.9433490633964539 299
1585121792795 0.9354244470596313 300
1585121826276 0.9465330243110657 301
1585121859842 0.9512500166893005 302
1585121893368 0.9476414322853088 303
1585121927395 0.9415329694747925 304
1585121961427 0.9357074499130249 305
1585121994560 0.942924439907074 306
1585122027752 0.9393159747123718 307
1585122061201 0.941674530506134 308
1585122094921 0.941674530506134 309
1585122128560 0.9416744709014893 310
1585122162198 0.9451414942741394 311
1585122195761 0.9345990419387817 312
1585122229176 0.9430659413337708 313
1585122262392 0.9441745281219482 314
1585122295585 0.939174473285675 315
1585122329419 0.9395990371704102 316
1585122362632 0.9430660009384155 317
1585122397166 0.942924439907074 318
1585122430993 0.9365329742431641 319
1585122464990 0.9429244995117188 320
1585122498912 0.9369574785232544 321
1585122532192 0.9415329694747925 322
1585122565624 0.941815972328186 323
1585122600198 0.939174473285675 324
1585122633736 0.9443159699440002 325
1585122667365 0.9455659985542297 326
1585122701064 0.9449999928474426 327
1585122734761 0.9407075643539429 328
1585122768294 0.9337735176086426 329
1585122802196 0.9544575214385986 330
1585122836689 0.9368159770965576 331
1585122869908 0.9438914656639099 332
1585122903319 0.9404244422912598 333
1585122936813 0.9407075643539429 334
1585122970182 0.9405660033226013 335
1585123004204 0.9477829933166504 336
1585123038110 0.937099039554596 337
1585123071747 0.934457540512085 338
1585123105925 0.9466744661331177 339
1585123139224 0.9455659985542297 340
1585123172833 0.9413914680480957 341
1585123206530 0.9513914585113525 342
1585123241228 0.9441744685173035 343
1585123274916 0.9443159699440002 344
1585123308262 0.9372405409812927 345
1585123342085 0.9443159699440002 346
1585123375928 0.9469574689865112 347
1585123409378 0.9415330290794373 348
1585123442654 0.9441744685173035 349
1585123476201 0.9479244351387024 350
1585123509728 0.9512500166893005 351
1585123542988 0.9405660033226013 352
1585123576510 0.936957597732544 353
1585123610032 0.934457540512085 354
1585123644031 0.9551414847373962 355
1585123678490 0.948065996170044 356
1585123711783 0.9440330266952515 357
1585123745898 0.941815972328186 358
1585123779571 0.9477829933166504 359
1585123813212 0.948065996170044 360
1585123846720 0.9397405385971069 361
1585123879841 0.9463914632797241 362
1585123912956 0.9405660033226013 363
1585123946246 0.952641487121582 364
1585123979443 0.9488914608955383 365
1585124014216 0.9465329647064209 366
1585124048044 0.9476414918899536 367
1585124082194 0.9394575357437134 368
1585124116150 0.9488914608955383 369
1585124150868 0.9502829909324646 370
1585124184200 0.949999988079071 371
1585124217769 0.9504244923591614 372
1585124252122 0.9477829337120056 373
1585124285840 0.9405660033226013 374
1585124319330 0.950141429901123 375
1585124353311 0.9432075023651123 376
1585124387782 0.9466744661331177 377
1585124421132 0.9455659985542297 378
1585124454049 0.9457075595855713 379
1585124487129 0.9513914585113525 380
1585124519649 0.9405660033226013 381
1585124552319 0.9529244899749756 382
1585124584761 0.9491744637489319 383
1585124617082 0.9416744709014893 384
1585124649461 0.9441744685173035 385
1585124681818 0.9529244899749756 386
1585124714414 0.941815972328186 387
1585124748131 0.9490329623222351 388
1585124780691 0.941815972328186 389
1585124815058 0.9515329599380493 390
1585124847775 0.950141429901123 391
1585124880476 0.9394575357437134 392
1585124912730 0.9466745257377625 393
1585124945027 0.9455659985542297 394
1585124977565 0.9526414275169373 395
1585125010346 0.9477829337120056 396
1585125043091 0.9488915205001831 397
1585125075563 0.9359905123710632 398
1585125108164 0.9469574689865112 399
1585125141061 0.9530659914016724 400
1585125173817 0.9554244875907898 401
1585125206185 0.9502829909324646 402
1585125238600 0.941815972328186 403
1585125271072 0.955282986164093 404
1585125303750 0.9394575357437134 405
1585125336567 0.9579244256019592 406
1585125369431 0.948065996170044 407
1585125402012 0.9382075071334839 408
1585125434400 0.9515329599380493 409
1585125467323 0.9463914632797241 410
1585125499733 0.9491744041442871 411
1585125531946 0.9477829933166504 412
1585125564668 0.9504244923591614 413
1585125597299 0.952782928943634 414
1585125629652 0.9468159675598145 415
1585125662185 0.9491745233535767 416
1585125695761 0.9529244899749756 417
1585125728401 0.9430660009384155 418
1585125760945 0.9476414918899536 419
1585125793454 0.9357075691223145 420
1585125825839 0.9377829432487488 421
1585125858559 0.9488914608955383 422
1585125891293 0.9451414942741394 423
1585125923717 0.9416744709014893 424
1585125957367 0.9429244995117188 425
1585125989914 0.9468160271644592 426
1585126022539 0.930849015712738 427
1585126055370 0.9405660033226013 428
1585126087976 0.9323820471763611 429
1585126120464 0.9415329694747925 430
1585126152761 0.933349072933197 431
1585126185635 0.9318159818649292 432
1585126218200 0.9440329670906067 433
1585126250855 0.9305660128593445 434
1585126283243 0.9376415014266968 435
1585126315657 0.9329245090484619 436
1585126348200 0.9305659532546997 437
1585126380619 0.939174473285675 438
1585126413276 0.9369574785232544 439
1585126445742 0.9366744756698608 440
1585126478169 0.9329244494438171 441
1585126510646 0.9368159770965576 442
1585126543457 0.9291744828224182 443
1585126575985 0.9338914752006531 444
1585126608398 0.9313914179801941 445
1585126641015 0.9291744828224182 446
1585126673548 0.9284905791282654 447
1585126706695 0.9332075119018555 448
1585126739019 0.9283490777015686 449
1585126771354 0.9355660080909729 450
1585126803871 0.9309905767440796 451
1585126836407 0.9402830004692078 452
1585126868935 0.942782998085022 453
1585126901462 0.9259905815124512 454
1585126933898 0.9379244446754456 455
1585126966469 0.9412499666213989 456
1585126999020 0.9343160390853882 457
1585127031465 0.9463914632797241 458
1585127063821 0.9404245018959045 459
1585127096396 0.9325235486030579 460
1585127128860 0.9415329694747925 461
1585127161345 0.9343159794807434 462
1585127193603 0.9393160343170166 463
1585127226224 0.9463914632797241 464
1585127259160 0.9380660057067871 465
1585127292172 0.9343160390853882 466
1585127325155 0.9405660033226013 467
1585127358067 0.9388915300369263 468
1585127390489 0.9404244422912598 469
1585127423010 0.9330659508705139 470
1585127455489 0.9474999904632568 471
1585127487859 0.9390329718589783 472
1585127520434 0.9369574785232544 473
1585127552986 0.9341744184494019 474
1585127585186 0.9327829480171204 475
1585127617623 0.939174473285675 476
1585127650226 0.933349072933197 477
1585127683354 0.9405660033226013 478
1585127715919 0.9379245042800903 479
1585127748630 0.9404245018959045 480
1585127781376 0.9368160367012024 481
1585127813605 0.9269576072692871 482
1585127846093 0.9363914728164673 483
1585127878888 0.9376415014266968 484
1585127911491 0.9366744756698608 485
1585127944069 0.934457540512085 486
1585127976660 0.9332075119018555 487
1585128009393 0.9319576025009155 488
1585128042034 0.9404244422912598 489
1585128074524 0.9354245066642761 490
1585128106979 0.942924439907074 491
1585128139624 0.9379245042800903 492
1585128172527 0.9426414966583252 493
1585128205020 0.9352829456329346 494
1585128239300 0.9369574785232544 495
1585128271719 0.9393159747123718 496
1585128304585 0.9427829384803772 497
1585128336957 0.9393159747123718 498
1585128369661 0.9330660104751587 499
1585128402214 0.9401414394378662 500
1585128434659 0.9377829432487488 501
1585128467264 0.9334905743598938 502
1585128499914 0.9294575452804565 503
1585128532499 0.9355659484863281 504
1585128565043 0.9345990419387817 505
1585128598462 0.9352829456329346 506
1585128630931 0.9402830004692078 507
1585128663375 0.939174473285675 508
1585128697037 0.9382075071334839 509
1585128729495 0.9366745352745056 510
1585128761938 0.9294575452804565 511
1585128794601 0.9207075834274292 512
1585128827056 0.9404245018959045 513
1585128859831 0.9329245090484619 514
1585128892254 0.9376415014266968 515
1585128924966 0.9366744756698608 516
1585128957596 0.930707573890686 517
1585128991661 0.9304244518280029 518
1585129024479 0.940141499042511 519
1585129056867 0.930707573890686 520
1585129089384 0.9404245018959045 521
1585129121732 0.9357075691223145 522
1585129154307 0.9302830100059509 523
1585129186887 0.9379245042800903 524
1585129220335 0.9379244446754456 525
1585129252420 0.9405659437179565 526
1585129284849 0.9380659461021423 527
1585129317616 0.9441744685173035 528
1585129350010 0.9402830004692078 529
1585129382253 0.9390329718589783 530
1585129414667 0.939174473285675 531
1585129447032 0.9355660080909729 532
1585129479231 0.9327830076217651 533
1585129511473 0.9366745352745056 534
1585129543892 0.9352830052375793 535
1585129576483 0.9404245018959045 536
1585129608895 0.9276650547981262 537
1585129641517 0.9355659484863281 538
1585129674165 0.9309905767440796 539
1585129706778 0.9362499117851257 540
1585129739443 0.9363914728164673 541
1585129772099 0.9388914704322815 542
1585129805099 0.9361320734024048 543
1585129837812 0.9358490705490112 544
1585129870215 0.942782998085022 545
1585129903874 0.9355660080909729 546
1585129936323 0.9368159770965576 547
1585129969388 0.9452829360961914 548
1585130001954 0.9380660057067871 549
1585130034373 0.9382075071334839 550
1585130066801 0.9430660009384155 551
1585130099327 0.9477829933166504 552
1585130131994 0.9427829384803772 553
1585130164626 0.9347405433654785 554
1585130197150 0.9355659484863281 555
1585130229760 0.9366745352745056 556
1585130262266 0.9404244422912598 557
1585130294729 0.928207516670227 558
1585130327096 0.9352830052375793 559
1585130359589 0.937641441822052 560
1585130392296 0.9318159818649292 561
1585130424933 0.9376415014266968 562
1585130457615 0.9390329718589783 563
1585130490036 0.9329245090484619 564
1585130522479 0.9408490657806396 565
1585130554975 0.9343159794807434 566
1585130587707 0.933349072933197 567
1585130620249 0.9380660057067871 568
1585130652834 0.9318159818649292 569
1585130685393 0.931816041469574 570
1585130717969 0.9405660033226013 571
1585130751716 0.942782998085022 572
1585130784513 0.9380660057067871 573
1585130818654 0.9404244422912598 574
1585130851406 0.9383490085601807 575
1585130883736 0.9415329694747925 576
1585130916113 0.9440329670906067 577
1585130948725 0.9465329647064209 578
1585130982045 0.942782998085022 579
1585131014528 0.9390329718589783 580
1585131046754 0.9379244446754456 581
1585131079140 0.937099039554596 582
1585131112140 0.9394575357437134 583
1585131144491 0.9452829360961914 584
1585131177063 0.9340330362319946 585
1585131209636 0.939174473285675 586
1585131242249 0.9466744661331177 587
1585131274879 0.939033031463623 588
1585131307488 0.9466744661331177 589
1585131340198 0.933490514755249 590
1585131372845 0.9418160319328308 591
1585131405490 0.9449999332427979 592
1585131438721 0.9341745376586914 593
1585131471824 0.9348820447921753 594
1585131504270 0.9354244470596313 595
1585131536878 0.9380660057067871 596
1585131569750 0.9297406077384949 597
1585131602085 0.9357074499130249 598
1585131634287 0.931816041469574 599
1585131666666 0.9393160343170166 600
1585131699504 0.934457540512085 601
1585131732088 0.9440330266952515 602
1585131764485 0.9391745328903198 603
1585131796930 0.9404244422912598 604
1585131829372 0.9380660057067871 605
1585131862290 0.9388914704322815 606
1585131894689 0.9380660057067871 607
1585131927389 0.9357075691223145 608
1585131961154 0.9377829432487488 609
1585131993900 0.942782998085022 610
1585132026571 0.9341744184494019 611
1585132059419 0.9405659437179565 612
1585132092165 0.9318159818649292 613
1585132124672 0.9352829456329346 614
1585132157020 0.9449999928474426 615
1585132189774 0.9429244995117188 616
1585132222988 0.9251651167869568 617
1585132255626 0.9379245042800903 618
1585132288095 0.9319576025009155 619
1585132320696 0.9354244470596313 620
1585132353763 0.9405660033226013 621
1585132386274 0.9354244470596313 622
1585132418884 0.9330660104751587 623
1585132452582 0.9382075071334839 624
1585132485220 0.9368159770965576 625
1585132517800 0.9369574785232544 626
1585132550759 0.9391745328903198 627
1585132583425 0.9352829456329346 628
1585132616034 0.9330660104751587 629
1585132649228 0.9415329694747925 630
1585132682263 0.934457540512085 631
1585132714989 0.9345991015434265 632
1585132747589 0.9404245018959045 633
1585132781454 0.9380660057067871 634
1585132813973 0.9394575357437134 635
1585132846684 0.9379245042800903 636
1585132879586 0.940282940864563 637
1585132912204 0.9407075643539429 638
1585132944819 0.9374999403953552 639
1585132977624 0.9365330338478088 640
1585133010294 0.9277830123901367 641
1585133043448 0.9340329766273499 642
1585133076556 0.9424999952316284 643
1585133109569 0.928207516670227 644
1585133142247 0.9347405433654785 645
1585133174718 0.9366744756698608 646
1585133207386 0.9368159770965576 647
1585133239971 0.934457540512085 648
1585133272408 0.941815972328186 649
1585133304801 0.9380660057067871 650
1585133337524 0.9451414942741394 651
1585133371105 0.9390329718589783 652
1585133403730 0.9376415014266968 653
1585133436405 0.9451414942741394 654
1585133468966 0.9294575452804565 655
1585133501731 0.939174473285675 656
1585133534550 0.9401414394378662 657
1585133567159 0.9415329694747925 658
1585133599766 0.931957483291626 659
1585133632546 0.9358490109443665 660
1585133665215 0.9354244470596313 661
1585133697959 0.942782998085022 662
1585133730856 0.9379245042800903 663
1585133763319 0.9330660104751587 664
1585133796021 0.9415329098701477 665
1585133828459 0.9365329742431641 666
1585133861159 0.9394575357437134 667
1585133894584 0.9377829432487488 668
1585133927135 0.9443159699440002 669
1585133960071 0.9393159747123718 670
1585133992740 0.9405660033226013 671
1585134025353 0.9393159747123718 672
1585134058026 0.9355660080909729 673
1585134090932 0.939033031463623 674
1585134123274 0.9380660057067871 675
1585134156093 0.930707573890686 676
1585134189806 0.9327829480171204 677
1585134222516 0.9357075691223145 678
1585134256329 0.9379244446754456 679
1585134288725 0.9379245042800903 680
1585134321273 0.9437499642372131 681
1585134354107 0.9368159770965576 682
1585134386927 0.9379244446754456 683
1585134419507 0.9369574785232544 684
1585134452176 0.9404245018959045 685
1585134484822 0.9388914108276367 686
1585134517655 0.940141499042511 687
1585134550449 0.9388914704322815 688
1585134584006 0.9383490085601807 689
1585134616643 0.940141499042511 690
1585134649220 0.9357074499130249 691
1585134681806 0.9366744756698608 692
1585134714406 0.9320990443229675 693
1585134747099 0.9345990419387817 694
1585134779908 0.9379244446754456 695
1585134812298 0.9322405457496643 696
1585134845116 0.9352830052375793 697
1585134877432 0.9380660057067871 698
1585134910338 0.9332075119018555 699
1585134942819 0.9413914680480957 700
1585134975621 0.9354245066642761 701
1585135008735 0.9441744685173035 702
1585135041263 0.9316744804382324 703
1585135074082 0.9357075691223145 704
1585135107752 0.9390329718589783 705
1585135140428 0.9368159770965576 706
1585135174402 0.9336320757865906 707
1585135207035 0.9451414942741394 708
1585135239815 0.9440329670906067 709
1585135272205 0.9341744780540466 710
1585135304917 0.9477829933166504 711
1585135337695 0.9404245018959045 712
1585135370565 0.9443159699440002 713
1585135404245 0.9430660009384155 714
1585135437314 0.941815972328186 715
1585135469761 0.9380659461021423 716
1585135502089 0.9354245066642761 717
1585135534817 0.9393159747123718 718
1585135568251 0.9407075643539429 719
1585135600913 0.9465329647064209 720
1585135634604 0.9407075643539429 721
1585135667707 0.940282940864563 722
1585135700352 0.9408490061759949 723
1585135732888 0.9379245042800903 724
1585135765731 0.9341744780540466 725
1585135798321 0.939174473285675 726
1585135830665 0.9390329718589783 727
1585135863559 0.9332075119018555 728
1585135896065 0.9380660057067871 729
1585135928578 0.9416744709014893 730
1585135961143 0.9357074499130249 731
1585135993859 0.9308490753173828 732
1585136026585 0.9329245090484619 733
1585136059202 0.9366744756698608 734
1585136091806 0.9330659508705139 735
1585136124242 0.9390329718589783 736
1585136156945 0.940141499042511 737
1585136189935 0.9407075643539429 738
1585136222726 0.9404244422912598 739
1585136255567 0.9390329718589783 740
1585136288360 0.9376415014266968 741
1585136321007 0.934457540512085 742
1585136354347 0.9412499666213989 743
1585136387618 0.9438914656639099 744
1585136420279 0.9401414394378662 745
1585136452523 0.9413914680480957 746
1585136484849 0.9330659508705139 747
1585136517393 0.9368159770965576 748
1585136549937 0.939033031463623 749
1585136582485 0.940141499042511 750
1585136615735 0.9405659437179565 751
1585136648903 0.939174473285675 752
1585136681626 0.9413914680480957 753
1585136714733 0.9380660057067871 754
1585136747881 0.9369574785232544 755
1585136780445 0.9380659461021423 756
1585136813358 0.9366744756698608 757
1585136846110 0.9432075023651123 758
1585136878443 0.9295990467071533 759
1585136910900 0.944316029548645 760
1585136943585 0.928207516670227 761
1585136976320 0.9452829360961914 762
1585137009661 0.9429244995117188 763
1585137042340 0.9402830004692078 764
1585137074697 0.9438914656639099 765
1585137107407 0.9355660080909729 766
1585137140092 0.9366744756698608 767
1585137172964 0.9426414966583252 768
1585137205562 0.9383490085601807 769
1585137238298 0.9407075643539429 770
1585137270649 0.9322406053543091 771
1585137303343 0.9361320734024048 772
1585137336027 0.9383490681648254 773
1585137369173 0.930707573890686 774
1585137401614 0.9413914084434509 775
1585137434125 0.9329244494438171 776
1585137466803 0.9372405409812927 777
1585137499770 0.9404245018959045 778
1585137532423 0.9390329718589783 779
1585137564788 0.9286320805549622 780
1585137597322 0.9391745328903198 781
1585137630065 0.934457540512085 782
1585137663283 0.9449999928474426 783
1585137696287 0.9298821091651917 784
1585137728703 0.9379245042800903 785
1585137761195 0.9477829933166504 786
1585137793917 0.9366745352745056 787
1585137826565 0.9390329718589783 788
1585137859176 0.939174473285675 789
1585137891877 0.9415329694747925 790
1585137924783 0.930849015712738 791
1585137957705 0.9393159747123718 792
1585137990373 0.945424497127533 793
1585138022999 0.941674530506134 794
1585138055406 0.9393160343170166 795
1585138088390 0.9309905767440796 796
1585138121128 0.9343159794807434 797
1585138153702 0.9354245066642761 798
1585138186152 0.9463914632797241 799
1585138218713 0.9357074499130249 800
1585138251172 0.942782998085022 801
1585138283515 0.9380660057067871 802
1585138316426 0.9380660057067871 803
1585138348856 0.9451414346694946 804
1585138381315 0.934457540512085 805
1585138413932 0.9368160367012024 806
1585138446710 0.9474999308586121 807
1585138479217 0.9415330290794373 808
1585138511966 0.9404245018959045 809
1585138544897 0.9465329647064209 810
1585138577640 0.9390329718589783 811
1585138610116 0.941674530506134 812
1585138642873 0.9343159794807434 813
1585138675633 0.9379245042800903 814
1585138708145 0.9329245090484619 815
1585138740756 0.9393159747123718 816
1585138773948 0.9383490681648254 817
1585138806639 0.941674530506134 818
1585138839319 0.9365329742431641 819
1585138872012 0.9465329647064209 820
1585138904807 0.9355659484863281 821
1585138937447 0.939033031463623 822
1585138970144 0.9332075119018555 823
1585139002956 0.9329245090484619 824
1585139035811 0.9382075071334839 825
1585139068312 0.9424999952316284 826
1585139100883 0.9341744780540466 827
1585139133575 0.9366744756698608 828
1585139166461 0.9330660104751587 829
1585139198991 0.9330660104751587 830
1585139231456 0.9429244995117188 831
1585139264286 0.9401414394378662 832
1585139296772 0.9405659437179565 833
1585139329471 0.9357074499130249 834
1585139362108 0.9341744780540466 835
1585139394792 0.9341744780540466 836
1585139428569 0.937641441822052 837
1585139461136 0.936957597732544 838
1585139494199 0.9355660080909729 839
1585139526673 0.9343159794807434 840
1585139559687 0.9305659532546997 841
1585139592447 0.9404245018959045 842
1585139625306 0.9332075119018555 843
1585139657701 0.9379244446754456 844
1585139691396 0.9295990467071533 845
1585139723997 0.9368159770965576 846
1585139756625 0.9432075023651123 847
1585139789371 0.9305659532546997 848
1585139821934 0.9291744828224182 849
1585139854696 0.9407075643539429 850
1585139887419 0.942782998085022 851
1585139920259 0.9387500286102295 852
1585139952695 0.9376415014266968 853
1585139985175 0.941674530506134 854
1585140017556 0.9365329742431641 855
1585140049961 0.9404245018959045 856
1585140082436 0.9363914728164673 857
1585140116281 0.9405660033226013 858
1585140148780 0.9379245042800903 859
1585140181251 0.9430659413337708 860
1585140213773 0.9377830028533936 861
1585140246623 0.9402830004692078 862
1585140279038 0.940141499042511 863
1585140311801 0.9430659413337708 864
1585140344630 0.9343160390853882 865
1585140377402 0.9284905791282654 866
1585140410179 0.9343160390853882 867
1585140442657 0.9426414966583252 868
1585140475622 0.9377830028533936 869
1585140508152 0.934457540512085 870
1585140540836 0.9393159747123718 871
1585140573238 0.9416744709014893 872
1585140605917 0.9427829384803772 873
1585140638930 0.9379245042800903 874
1585140671967 0.9368159770965576 875
1585140704532 0.9477829337120056 876
1585140736997 0.9368160367012024 877
1585140769775 0.9468159675598145 878
1585140802662 0.9368159770965576 879
1585140835381 0.9419574737548828 880
1585140870996 0.9394575357437134 881
1585140903661 0.931816041469574 882
1585140936762 0.9390329718589783 883
1585140969552 0.9402830004692078 884
1585141002564 0.9404245018959045 885
1585141035210 0.936957597732544 886
1585141067624 0.936957597732544 887
1585141099864 0.9416744709014893 888
1585141133280 0.937641441822052 889
1585141165773 0.931816041469574 890
1585141198378 0.9368159770965576 891
1585141231175 0.9357074499130249 892
1585141263961 0.9368159770965576 893
1585141296280 0.9297405481338501 894
1585141329083 0.9340329766273499 895
1585141361760 0.9330659508705139 896
1585141394296 0.9404244422912598 897
1585141426424 0.9388914704322815 898
1585141459243 0.9379245042800903 899
1585141491449 0.942782998085022 900
1585141523729 0.9379245042800903 901
1585141556522 0.9415330290794373 902
1585141589025 0.9432075023651123 903
1585141621259 0.9413914680480957 904
1585141653189 0.9437499642372131 905
1585141685122 0.9438915252685547 906
1585141717219 0.9377830028533936 907
1585141749265 0.9355659484863281 908
1585141781268 0.937641441822052 909
1585141812992 0.9391745328903198 910
1585141845019 0.9430660009384155 911
1585141876913 0.9440329670906067 912
1585141908955 0.9354245066642761 913
1585141941302 0.9320990443229675 914
1585141973168 0.9332075119018555 915
1585142004945 0.9390329718589783 916
1585142037107 0.9357075691223145 917
1585142069231 0.9388914704322815 918
1585142100958 0.939174473285675 919
1585142132983 0.9393160343170166 920
1585142165159 0.9379244446754456 921
1585142197205 0.9352829456329346 922
1585142229157 0.936957597732544 923
1585142261818 0.9320991039276123 924
1585142293760 0.9390329718589783 925
1585142325994 0.9330660104751587 926
1585142358238 0.9341744780540466 927
1585142390111 0.9341744780540466 928
1585142422495 0.9326415061950684 929
1585142453996 0.9258490800857544 930
1585142486403 0.9343159794807434 931
1585142518426 0.9399999380111694 932
1585142550304 0.9318159818649292 933
1585142582255 0.9424999356269836 934
1585142614335 0.9332075119018555 935
1585142646472 0.9323820471763611 936
1585142678410 0.942782998085022 937
1585142710598 0.9390329718589783 938
1585142742759 0.9393159747123718 939
1585142774837 0.9379245042800903 940
1585142808217 0.9487499594688416 941
1585142840317 0.9416744709014893 942
1585142872375 0.9443159699440002 943
1585142904838 0.9379245042800903 944
1585142937693 0.9366744160652161 945
1585142969896 0.9476414322853088 946
1585143001995 0.9341744780540466 947
1585143034216 0.9404245018959045 948
1585143066135 0.9438914656639099 949
1585143098050 0.9354245066642761 950
1585143130659 0.9393160343170166 951
1585143162889 0.942924439907074 952
1585143194962 0.9354245066642761 953
1585143227009 0.9340329766273499 954
1585143258987 0.9366744756698608 955
1585143291248 0.9363914728164673 956
1585143323023 0.9441744685173035 957
1585143354978 0.9329244494438171 958
1585143386882 0.9387499690055847 959
1585143419059 0.9441745281219482 960
1585143450969 0.9341744780540466 961
1585143484007 0.9429244995117188 962
1585143515934 0.9352829456329346 963
1585143548364 0.9368160367012024 964
1585143580585 0.9402830004692078 965
1585143612520 0.9426414370536804 966
1585143644219 0.9377830028533936 967
1585143676949 0.942782998085022 968
1585143709096 0.9354245066642761 969
1585143740966 0.9379244446754456 970
1585143772891 0.9333490133285522 971
1585143804746 0.9368159770965576 972
1585143836855 0.941815972328186 973
1585143868842 0.9441745281219482 974
1585143900794 0.9341744780540466 975
1585143932983 0.940141499042511 976
1585143965075 0.9332075119018555 977
1585143997204 0.941674530506134 978
1585144029671 0.9426414370536804 979
1585144061829 0.9382075071334839 980
1585144093777 0.9380659461021423 981
1585144125676 0.9351415038108826 982
1585144157877 0.941674530506134 983
1585144189757 0.9429244995117188 984
1585144221888 0.9429244995117188 985
1585144253785 0.9393159747123718 986
1585144286016 0.941674530506134 987
1585144318123 0.9362499117851257 988
1585144350230 0.9358490705490112 989
1585144382151 0.9404245018959045 990
1585144414286 0.9329245090484619 991
1585144445990 0.9337499737739563 992
1585144477775 0.9380660057067871 993
1585144510120 0.9429244995117188 994
1585144542322 0.9332075119018555 995
1585144574204 0.9416744709014893 996
1585144606164 0.9369574785232544 997
1585144638348 0.9358490705490112 998
1585144670667 0.9343159794807434 999
1585144703255 0.9380660057067871 1000
1585144735091 0.9426414370536804 1001
1585144766914 0.941815972328186 1002
1585144799425 0.9366744756698608 1003
1585144831581 0.9404244422912598 1004
1585144863595 0.942782998085022 1005
1585144895421 0.950141429901123 1006
1585144927190 0.931957483291626 1007
1585144959344 0.9413914680480957 1008
1585144991247 0.9419574737548828 1009
1585145023493 0.9455659985542297 1010
1585145055512 0.9429244995117188 1011
1585145087604 0.9429244995117188 1012
1585145119324 0.9368159770965576 1013
1585145151492 0.9399999380111694 1014
1585145183832 0.9393159747123718 1015
1585145216203 0.9404244422912598 1016
1585145248080 0.9318159818649292 1017
1585145279955 0.9438914656639099 1018
1585145312210 0.9391745328903198 1019
1585145344151 0.941815972328186 1020
1585145376211 0.9322406053543091 1021
1585145408394 0.9441744685173035 1022
1585145440642 0.9352829456329346 1023
1585145472948 0.9380660057067871 1024
1585145505004 0.9261320233345032 1025
1585145537756 0.9388914704322815 1026
1585145569606 0.9429244995117188 1027
1585145601656 0.9402830004692078 1028
1585145633757 0.9415329098701477 1029
1585145665640 0.9441744685173035 1030
1585145697569 0.9355660080909729 1031
1585145729666 0.934457540512085 1032
1585145761535 0.9309905171394348 1033
1585145793810 0.9404244422912598 1034
1585145825759 0.9413915276527405 1035
1585145857822 0.9369574785232544 1036
1585145890029 0.9341744780540466 1037
1585145921926 0.9380660057067871 1038
1585145953948 0.9369574785232544 1039
1585145985736 0.9395990371704102 1040
1585146018162 0.9444575309753418 1041
1585146050198 0.9345990419387817 1042
1585146082251 0.9415329694747925 1043
1585146114377 0.928207516670227 1044
1585146146428 0.929315984249115 1045
1585146178701 0.939174473285675 1046
1585146210465 0.9393159747123718 1047
1585146242322 0.939174473285675 1048
1585146274560 0.9369574785232544 1049
1585146306427 0.9429244995117188 1050
1585146338872 0.9357074499130249 1051
1585146371047 0.9407074451446533 1052
1585146402993 0.9419574737548828 1053
1585146434949 0.945424497127533 1054
1585146467219 0.937099039554596 1055
1585146499062 0.9384905695915222 1056
1585146532076 0.9393159747123718 1057
1585146564075 0.9433490633964539 1058
1585146596406 0.9426414370536804 1059
1585146628533 0.9366744756698608 1060
1585146660731 0.9404244422912598 1061
1585146692839 0.9452829957008362 1062
1585146725331 0.9441744685173035 1063
1585146757775 0.9404245018959045 1064
1585146789939 0.940141499042511 1065
1585146822042 0.9429244995117188 1066
1585146854328 0.9449999332427979 1067
1585146885952 0.9354245066642761 1068
1585146918200 0.9391745328903198 1069
1585146950078 0.931957483291626 1070
1585146981888 0.9284905791282654 1071
1585147013890 0.9452829957008362 1072
1585147045779 0.9357075691223145 1073
1585147077998 0.9466744661331177 1074
1585147111028 0.9382075071334839 1075
1585147143951 0.9416744709014893 1076
1585147176856 0.9382075071334839 1077
1585147209164 0.936957597732544 1078
1585147242030 0.9465329647064209 1079
1585147273892 0.9488914608955383 1080
1585147306241 0.9394575357437134 1081
1585147338561 0.9440329670906067 1082
1585147370446 0.9404245018959045 1083
1585147402533 0.942782998085022 1084
1585147435812 0.942924439907074 1085
1585147468388 0.9358490109443665 1086
1585147501720 0.9413915276527405 1087
1585147533799 0.9312735199928284 1088
1585147565716 0.9379245042800903 1089
1585147597687 0.9380660057067871 1090
1585147629813 0.9366745352745056 1091
1585147661689 0.941674530506134 1092
1585147693987 0.9379244446754456 1093
1585147726373 0.9345991015434265 1094
1585147758737 0.9441744685173035 1095
1585147790697 0.9407075643539429 1096
1585147822768 0.9343159794807434 1097
1585147854711 0.9452829957008362 1098
1585147886631 0.9357074499130249 1099
1585147918540 0.942782998085022 1100
1585147950467 0.935990571975708 1101
1585147982354 0.930707573890686 1102
1585148014535 0.9401414394378662 1103
1585148046630 0.9373820424079895 1104
1585148078519 0.9413915276527405 1105
1585148110479 0.9320989847183228 1106
1585148143386 0.9502829313278198 1107
1585148175517 0.9365329742431641 1108
1585148207555 0.9413914680480957 1109
1585148239943 0.9361320734024048 1110
1585148272094 0.9368159770965576 1111
1585148304158 0.939033031463623 1112
1585148336036 0.9340329766273499 1113
1585148368787 0.9404245018959045 1114
1585148400768 0.9413914680480957 1115
1585148432500 0.9404245018959045 1116
1585148464422 0.9357074499130249 1117
1585148496076 0.9401414394378662 1118
1585148528325 0.935990571975708 1119
1585148560585 0.9380660057067871 1120
1585148594195 0.934457540512085 1121
1585148626605 0.9465329647064209 1122
1585148658502 0.940282940864563 1123
1585148691000 0.9463914632797241 1124
1585148723143 0.9383490681648254 1125
1585148754945 0.9415329694747925 1126
1585148787146 0.9377830028533936 1127
1585148819456 0.9407075643539429 1128
1585148852259 0.937641441822052 1129
1585148884328 0.9405659437179565 1130
1585148915711 0.9430660009384155 1131
1585148947656 0.934457540512085 1132
1585148979552 0.9430659413337708 1133
1585149011553 0.9354244470596313 1134
1585149043669 0.9405659437179565 1135
1585149075939 0.9404244422912598 1136
1585149108097 0.9354245066642761 1137
1585149140120 0.9390329718589783 1138
1585149172303 0.9358490705490112 1139
1585149204375 0.9402830004692078 1140
1585149236500 0.9358490705490112 1141
1585149268336 0.939174473285675 1142
1585149300452 0.9407074451446533 1143
1585149332445 0.9454244375228882 1144
1585149364287 0.9479244947433472 1145
1585149396306 0.9393159747123718 1146
1585149428143 0.9369574785232544 1147
1585149460247 0.9343159198760986 1148
1585149492521 0.9383490681648254 1149
1585149524496 0.9368159770965576 1150
1585149556533 0.939174473285675 1151
1585149588500 0.9365329742431641 1152
1585149620443 0.9430660009384155 1153
1585149652780 0.933349072933197 1154
1585149684874 0.9438914656639099 1155
1585149717035 0.9394575357437134 1156
1585149749125 0.9401414394378662 1157
1585149781199 0.9393159747123718 1158
1585149812940 0.9440330266952515 1159
1585149845523 0.9415329694747925 1160
1585149877481 0.9404245018959045 1161
1585149909444 0.9441744685173035 1162
1585149941289 0.9363914728164673 1163
1585149973136 0.9440329670906067 1164
1585150004905 0.9412499070167542 1165
1585150036835 0.942782998085022 1166
1585150068922 0.940282940864563 1167
1585150101173 0.9368159770965576 1168
1585150133221 0.9416744709014893 1169
1585150165581 0.939174473285675 1170
1585150197591 0.9466744065284729 1171
1585150230354 0.9295990467071533 1172
1585150262304 0.9330660104751587 1173
1585150295680 0.9379245042800903 1174
1585150328034 0.9287735223770142 1175
1585150360216 0.9415329694747925 1176
1585150393520 0.9304245114326477 1177
1585150425560 0.9318159818649292 1178
1585150457647 0.9395990371704102 1179
1585150489602 0.931957483291626 1180
1585150521572 0.941815972328186 1181
1585150553683 0.9354245066642761 1182
1585150585700 0.944316029548645 1183
1585150617681 0.9454244375228882 1184
1585150651334 0.9426414966583252 1185
1585150683305 0.9476414918899536 1186
1585150715506 0.9454244375228882 1187
1585150747398 0.9405660033226013 1188
1585150779513 0.9357075691223145 1189
1585150811554 0.9316744804382324 1190
1585150843640 0.9488914608955383 1191
1585150875703 0.9391745328903198 1192
1585150908022 0.9405660033226013 1193
1585150940050 0.9415330290794373 1194
1585150971652 0.942782998085022 1195
1585151003503 0.942782998085022 1196
1585151035585 0.9377830028533936 1197
1585151067698 0.939174473285675 1198
1585151099937 0.9355660080909729 1199
1585151132614 0.942782998085022 1200
1585151164751 0.9379244446754456 1201
1585151196800 0.9309905767440796 1202
1585151228623 0.942782998085022 1203
1585151260818 0.9462499618530273 1204
1585151294299 0.9438914060592651 1205
1585151326476 0.933490514755249 1206
1585151358630 0.9404244422912598 1207
1585151390703 0.9355659484863281 1208
1585151422967 0.9354245066642761 1209
1585151454701 0.942782998085022 1210
1585151486932 0.9416744709014893 1211
1585151518993 0.9416744709014893 1212
1585151551005 0.9452829957008362 1213
1585151583217 0.9357075691223145 1214
1585151615266 0.9416744709014893 1215
1585151647191 0.942782998085022 1216
1585151679031 0.9438914656639099 1217
1585151711297 0.9355659484863281 1218
1585151743299 0.9415329694747925 1219
1585151775241 0.9416744709014893 1220
1585151807564 0.942782998085022 1221
1585151839720 0.9380659461021423 1222
1585151871661 0.942782998085022 1223
1585151903853 0.9466744661331177 1224
1585151935636 0.9430660009384155 1225
1585151967558 0.9413914680480957 1226
1585151999527 0.9354245066642761 1227
1585152031509 0.945565938949585 1228
1585152063463 0.9429244995117188 1229
1585152096462 0.9512499570846558 1230
1585152128548 0.9357074499130249 1231
1585152160521 0.9408490657806396 1232
1585152192609 0.9358490109443665 1233
1585152224229 0.942782998085022 1234
1585152256279 0.9393159747123718 1235
1585152288527 0.9465329647064209 1236
1585152320201 0.9402830004692078 1237
1585152352790 0.9441745281219482 1238
1585152385099 0.9466744661331177 1239
1585152417127 0.9329244494438171 1240
1585152449015 0.9320990443229675 1241
1585152480462 0.9438915252685547 1242
1585152512434 0.9432075023651123 1243
1585152544605 0.941815972328186 1244
1585152577477 0.9382075071334839 1245
1585152609919 0.9380660057067871 1246
1585152642590 0.9402830004692078 1247
1585152674648 0.9343160390853882 1248
1585152706630 0.9354244470596313 1249
1585152738692 0.9416744709014893 1250
1585152771475 0.9391745328903198 1251
1585152803456 0.9332075119018555 1252
1585152835317 0.9441745281219482 1253
1585152867374 0.9390329718589783 1254
1585152900922 0.9404245018959045 1255
1585152933140 0.9404245018959045 1256
1585152965530 0.934457540512085 1257
1585152997696 0.9380660057067871 1258
1585153029700 0.9309905767440796 1259
1585153061352 0.9488914608955383 1260
1585153093539 0.9408490657806396 1261
1585153125471 0.9413914680480957 1262
1585153157277 0.9441745281219482 1263
1585153189785 0.935990571975708 1264
1585153221946 0.9430659413337708 1265
1585153254968 0.941815972328186 1266
1585153287084 0.9368159174919128 1267
1585153318998 0.9416744709014893 1268
1585153350824 0.9441744089126587 1269
1585153382581 0.9416744112968445 1270
1585153414552 0.9432075023651123 1271
1585153446417 0.9284905195236206 1272
1585153478582 0.9327830076217651 1273
1585153510545 0.9309905171394348 1274
1585153542608 0.942782998085022 1275
1585153574676 0.9380660057067871 1276
1585153606834 0.9463914632797241 1277
1585153638752 0.9416744709014893 1278
1585153670399 0.9405660033226013 1279
1585153702396 0.9383490681648254 1280
1585153734726 0.939174473285675 1281
1585153766792 0.942924439907074 1282
1585153799060 0.9394575357437134 1283
1585153831097 0.9404245018959045 1284
1585153863044 0.9416744709014893 1285
1585153894935 0.9415330290794373 1286
1585153927066 0.9352829456329346 1287
1585153959041 0.9380660057067871 1288
1585153991001 0.9359905123710632 1289
1585154023208 0.9440330266952515 1290
1585154055145 0.9405659437179565 1291
1585154087303 0.9440329670906067 1292
1585154119237 0.9355660080909729 1293
1585154151295 0.9440330266952515 1294
1585154183164 0.9490329623222351 1295
1585154215088 0.9468159675598145 1296
1585154247075 0.9465330243110657 1297
1585154279205 0.939033031463623 1298
1585154311027 0.945424497127533 1299
1585154343046 0.9358490705490112 1300
1585154375911 0.9426414370536804 1301
1585154408539 0.9429244995117188 1302
1585154442053 0.9407075643539429 1303
1585154474955 0.9463914632797241 1304
1585154508199 0.9413914680480957 1305
1585154542324 0.9451414942741394 1306
1585154575567 0.9332075119018555 1307
1585154608869 0.9418159127235413 1308
1585154641722 0.9334905743598938 1309
1585154674963 0.931957483291626 1310
1585154708226 0.9369574785232544 1311
1585154741403 0.942782998085022 1312
1585154774540 0.929315984249115 1313
1585154807655 0.9441744685173035 1314
1585154840932 0.9393159747123718 1315
1585154874270 0.9443159103393555 1316
1585154908084 0.945424497127533 1317
1585154941365 0.9407074451446533 1318
1585154975415 0.9368159770965576 1319
1585155008707 0.936957597732544 1320
1585155041874 0.9388914108276367 1321
1585155074920 0.9441744685173035 1322
1585155108105 0.9429244995117188 1323
1585155141429 0.9350235462188721 1324
1585155174549 0.9463914632797241 1325
1585155207845 0.9441744685173035 1326
1585155241315 0.9380660057067871 1327
1585155274579 0.9394575357437134 1328
1585155307943 0.9491744637489319 1329
1585155342334 0.9394575357437134 1330
1585155375343 0.941815972328186 1331
1585155408740 0.9512499570846558 1332
1585155441935 0.9394575357437134 1333
1585155475316 0.941815972328186 1334
1585155508202 0.9404245018959045 1335
1585155541485 0.9358490705490112 1336
1585155574949 0.9326415061950684 1337
1585155608310 0.9379245042800903 1338
1585155641484 0.9468160271644592 1339
1585155674793 0.9515329599380493 1340
1585155708296 0.9429244995117188 1341
1585155741546 0.939174473285675 1342
1585155774420 0.9541744589805603 1343
1585155807513 0.9415329694747925 1344
1585155840495 0.9429244995117188 1345
1585155873644 0.9462499618530273 1346
1585155906791 0.9393160343170166 1347
1585155940212 0.934457540512085 1348
1585155973566 0.9415329694747925 1349
1585156006439 0.9383490681648254 1350
1585156039885 0.9416744709014893 1351
1585156073167 0.9366744756698608 1352
1585156106588 0.9368160367012024 1353
1585156140257 0.9368159770965576 1354
1585156173984 0.945424497127533 1355
1585156207404 0.9345990419387817 1356
1585156241829 0.9440329670906067 1357
1585156274987 0.9332075119018555 1358
1585156308430 0.9393159747123718 1359
1585156341657 0.9415329694747925 1360
1585156375038 0.9393159747123718 1361
1585156408514 0.9333490133285522 1362
1585156442028 0.9394574165344238 1363
1585156475351 0.9415330290794373 1364
1585156508210 0.939174473285675 1365
1585156542323 0.941815972328186 1366
1585156575464 0.9452829360961914 1367
1585156608995 0.9405660033226013 1368
1585156642435 0.9382075071334839 1369
1585156675807 0.945424497127533 1370
1585156708780 0.9441745281219482 1371
1585156742116 0.9394575357437134 1372
1585156775489 0.9368159770965576 1373
1585156808704 0.9358490109443665 1374
1585156841652 0.9380660057067871 1375
1585156874750 0.9430660009384155 1376
1585156908374 0.9343159794807434 1377
1585156941830 0.9429244995117188 1378
1585156975097 0.926132082939148 1379
1585157008508 0.9457075595855713 1380
1585157041936 0.9377830028533936 1381
1585157076386 0.9368159770965576 1382
1585157109440 0.9404245018959045 1383
1585157142624 0.9393159747123718 1384
1585157175700 0.9426414966583252 1385
1585157209305 0.9320991039276123 1386
1585157242218 0.9438914656639099 1387
1585157275718 0.9465329647064209 1388
1585157309078 0.9443159699440002 1389
1585157343056 0.9416744709014893 1390
1585157376427 0.9399999976158142 1391
1585157409546 0.9415330290794373 1392
1585157442763 0.9357075691223145 1393
1585157476949 0.9402830004692078 1394
1585157510128 0.9368159174919128 1395
1585157543927 0.9415329694747925 1396
1585157577112 0.934457540512085 1397
1585157611136 0.9305659532546997 1398
1585157644428 0.9320990443229675 1399
1585157677553 0.9295991063117981 1400
1585157710826 0.9413914680480957 1401
1585157744017 0.9273820519447327 1402
1585157778165 0.9327829480171204 1403
1585157811903 0.9366744756698608 1404
1585157845569 0.9245990514755249 1405
1585157878866 0.9295991063117981 1406
1585157912139 0.9255659580230713 1407
1585157945239 0.9279244542121887 1408
1585157978329 0.9305660128593445 1409
1585158013153 0.9245990514755249 1410
1585158046216 0.9305660128593445 1411
1585158080403 0.9329245090484619 1412
1585158113715 0.9227829575538635 1413
1585158147092 0.9197405576705933 1414
1585158179956 0.9205659627914429 1415
1585158213011 0.9247405529022217 1416
1585158246033 0.9243160486221313 1417
1585158280151 0.9183490872383118 1418
1585158313167 0.9327830076217651 1419
1585158346489 0.9290329813957214 1420
1585158379829 0.9277830123901367 1421
1585158413114 0.9223820567131042 1422
1585158445592 0.940282940864563 1423
1585158477255 0.9343160390853882 1424
1585158508962 0.9219574928283691 1425
1585158540959 0.9280660152435303 1426
1585158573945 0.9363914728164673 1427
1585158605666 0.9248820543289185 1428
1585158637443 0.9291744828224182 1429
1585158669971 0.9277830123901367 1430
1585158702186 0.9330660104751587 1431
1585158736033 0.9243159890174866 1432
1585158769450 0.9302829504013062 1433
1585158802929 0.9230659604072571 1434
1585158837161 0.9340330362319946 1435
1585158870082 0.9343159794807434 1436
1585158902984 0.9148820638656616 1437
1585158936581 0.9258490204811096 1438
1585158970073 0.9284905791282654 1439
1585159003140 0.9415329694747925 1440
1585159036526 0.9379245042800903 1441
1585159069896 0.929315984249115 1442
1585159103213 0.9294575452804565 1443
1585159136177 0.9365329742431641 1444
1585159169387 0.926815927028656 1445
1585159202731 0.9295990467071533 1446
1585159235877 0.9377830028533936 1447
1585159269325 0.9352830052375793 1448
1585159302437 0.9318159222602844 1449
1585159335961 0.9244575500488281 1450
1585159368895 0.930849015712738 1451
1585159402176 0.9294575452804565 1452
1585159435248 0.9240329265594482 1453
1585159468896 0.9341744780540466 1454
1585159501929 0.9269574880599976 1455
1585159535422 0.9207074642181396 1456
1585159568497 0.9252829551696777 1457
1585159601524 0.9308490753173828 1458
1585159635125 0.9404245018959045 1459
1585159668237 0.9393159747123718 1460
1585159701329 0.9429244995117188 1461
1585159734616 0.9332075119018555 1462
1585159768058 0.9304244518280029 1463
1585159801632 0.931816041469574 1464
1585159834888 0.9329245090484619 1465
1585159867933 0.9268160462379456 1466
1585159901320 0.9261320233345032 1467
1585159934594 0.9366744756698608 1468
1585159967392 0.9383490085601807 1469
1585160000658 0.9340329766273499 1470
1585160033629 0.9379244446754456 1471
1585160067066 0.9370990991592407 1472
1585160100213 0.9426414370536804 1473
1585160133562 0.9268159866333008 1474
1585160167035 0.9334905743598938 1475
1585160201153 0.9308490753173828 1476
1585160234124 0.9388914704322815 1477
1585160267372 0.9379245042800903 1478
1585160300572 0.9462500214576721 1479
1585160333562 0.945424497127533 1480
1585160366911 0.9329245090484619 1481
1585160400277 0.9388914704322815 1482
1585160433557 0.9372405409812927 1483
1585160466777 0.9380660057067871 1484
1585160499768 0.9343159198760986 1485
1585160533257 0.9368159770965576 1486
1585160566330 0.9377829432487488 1487
1585160599209 0.9357074499130249 1488
1585160632653 0.9419574737548828 1489
1585160665731 0.9454244375228882 1490
1585160698816 0.939174473285675 1491
1585160731879 0.942782998085022 1492
1585160765339 0.9380660057067871 1493
1585160798437 0.9402830004692078 1494
1585160832027 0.9444575309753418 1495
1585160865562 0.9432075023651123 1496
1585160898985 0.9316744804382324 1497
1585160932328 0.9438914656639099 1498
1585160965864 0.909056544303894 1499
1585160999427 0.9352829456329346 1500
