1585111702807 0.8315979242324829 0
1585111736219 1.2865543365478516 1
1585111769581 0.7249746918678284 2
1585111803426 0.6820690631866455 3
1585111836938 1.1889996528625488 4
1585111870494 0.6688118577003479 5
1585111904204 0.3919006884098053 6
1585111937681 0.3844822347164154 7
1585111971317 0.4965159296989441 8
1585112004500 0.5613009929656982 9
1585112038066 0.5168255567550659 10
1585112071777 0.43548160791397095 11
1585112105137 0.3360707759857178 12
1585112140094 0.2876388132572174 13
1585112173278 0.28897470235824585 14
1585112207009 0.3182160556316376 15
1585112240089 0.35316604375839233 16
1585112274504 0.3656004071235657 17
1585112308012 0.35773590207099915 18
1585112341308 0.3410354554653168 19
1585112374749 0.3217960000038147 20
1585112408252 0.30436089634895325 21
1585112441691 0.28852578997612 22
1585112474858 0.28008702397346497 23
1585112508121 0.28212690353393555 24
1585112541788 0.29205530881881714 25
1585112575205 0.30303478240966797 26
1585112608733 0.31025126576423645 27
1585112642560 0.3164256811141968 28
1585112676101 0.3074721395969391 29
1585112709494 0.30265098810195923 30
1585112744728 0.2845069169998169 31
1585112778497 0.27560436725616455 32
1585112812042 0.26915913820266724 33
1585112845484 0.2711104154586792 34
1585112880434 0.28917571902275085 35
1585112914120 0.28062763810157776 36
1585112947424 0.27231866121292114 37
1585112980906 0.26753249764442444 38
1585113014316 0.26748573780059814 39
1585113047868 0.2627677321434021 40
1585113081269 0.25190430879592896 41
1585113114668 0.26039597392082214 42
1585113148036 0.2658447325229645 43
1585113181888 0.2531467378139496 44
1585113215463 0.2633950710296631 45
1585113249131 0.2614120543003082 46
1585113283862 0.2628409266471863 47
1585113317287 0.24841783940792084 48
1585113350863 0.26007145643234253 49
1585113384341 0.2592119574546814 50
1585113417451 0.24414868652820587 51
1585113450553 0.24438659846782684 52
1585113484293 0.2507922649383545 53
1585113517730 0.24285300076007843 54
1585113551070 0.24138221144676208 55
1585113584337 0.24421292543411255 56
1585113617858 0.2402968406677246 57
1585113651265 0.2541610598564148 58
1585113685191 0.24065935611724854 59
1585113718347 0.24703530967235565 60
1585113751980 0.24744108319282532 61
1585113785610 0.23639219999313354 62
1585113819625 0.2377513349056244 63
1585113853132 0.23840174078941345 64
1585113886716 0.22765657305717468 65
1585113920278 0.2453029751777649 66
1585113953941 0.24054452776908875 67
1585113988227 0.23190315067768097 68
1585114021503 0.22788192331790924 69
1585114055618 0.22602517902851105 70
1585114089124 0.22670471668243408 71
1585114122499 0.2339896261692047 72
1585114155761 0.22835993766784668 73
1585114189433 0.22832760214805603 74
1585114222940 0.21957053244113922 75
1585114256803 0.23153705894947052 76
1585114290428 0.232284814119339 77
1585114323868 0.2181549072265625 78
1585114357396 0.22198787331581116 79
1585114390881 0.2254042625427246 80
1585114425507 0.22436051070690155 81
1585114458900 0.21326152980327606 82
1585114492894 0.21789611876010895 83
1585114526291 0.228978231549263 84
1585114559787 0.21638455986976624 85
1585114593372 0.20697632431983948 86
1585114626938 0.21407322585582733 87
1585114660421 0.21881304681301117 88
1585114694199 0.21511408686637878 89
1585114727661 0.21048513054847717 90
1585114761242 0.2216893583536148 91
1585114795553 0.21158334612846375 92
1585114828877 0.2037171721458435 93
1585114862797 0.21970604360103607 94
1585114896129 0.20410552620887756 95
1585114929423 0.22535012662410736 96
1585114962947 0.20540300011634827 97
1585114996326 0.20800010859966278 98
1585115030606 0.2131030112504959 99
1585115063748 0.21232280135154724 100
1585115097290 0.2030450999736786 101
1585115130633 0.20694556832313538 102
1585115164656 0.2176920622587204 103
1585115198319 0.2053443193435669 104
1585115232839 0.2031632959842682 105
1585115268381 0.2032421976327896 106
1585115301673 0.2046450823545456 107
1585115335242 0.20633651316165924 108
1585115368766 0.20555415749549866 109
1585115402239 0.21127036213874817 110
1585115436232 0.20148678123950958 111
1585115469725 0.19908294081687927 112
1585115503090 0.2071308195590973 113
1585115537032 0.19436387717723846 114
1585115570305 0.1970941722393036 115
1585115603989 0.1936533898115158 116
1585115637793 0.19987499713897705 117
1585115671129 0.20639678835868835 118
1585115704813 0.19334861636161804 119
1585115738053 0.19435632228851318 120
1585115771274 0.20298932492733002 121
1585115804699 0.20187824964523315 122
1585115837806 0.19420768320560455 123
1585115871022 0.19388389587402344 124
1585115904584 0.20427677035331726 125
1585115938271 0.1949005275964737 126
1585115971824 0.19408361613750458 127
1585116006834 0.1964484602212906 128
1585116041391 0.19795288145542145 129
1585116076057 0.19477978348731995 130
1585116109527 0.1855659931898117 131
1585116143000 0.19451263546943665 132
1585116176548 0.20678161084651947 133
1585116209640 0.2081373929977417 134
1585116243583 0.19761884212493896 135
1585116276938 0.18782196938991547 136
1585116310920 0.1856907308101654 137
1585116344525 0.20424984395503998 138
1585116378143 0.19626487791538239 139
1585116411402 0.19140300154685974 140
1585116444640 0.20930863916873932 141
1585116478405 0.19290313124656677 142
1585116512000 0.18775798380374908 143
1585116545404 0.18386603891849518 144
1585116579244 0.19006140530109406 145
1585116612872 0.18421074748039246 146
1585116646366 0.20000502467155457 147
1585116680975 0.1836111843585968 148
1585116714494 0.18295428156852722 149
1585116748017 0.18623973429203033 150
1585116781468 0.1805906891822815 151
1585116814867 0.18198566138744354 152
1585116848878 0.1866433471441269 153
1585116882270 0.1874202936887741 154
1585116915592 0.1942264437675476 155
1585116949196 0.18547113239765167 156
1585116983039 0.1781717836856842 157
1585117017416 0.18364183604717255 158
1585117050831 0.1792575567960739 159
1585117084106 0.18479177355766296 160
1585117117944 0.18659868836402893 161
1585117151238 0.19183248281478882 162
1585117184453 0.1873500645160675 163
1585117217746 0.1772291511297226 164
1585117251186 0.1792757362127304 165
1585117284801 0.18405435979366302 166
1585117318127 0.17544013261795044 167
1585117351996 0.1886562705039978 168
1585117385275 0.2034362107515335 169
1585117418688 0.18437789380550385 170
1585117453295 0.18329155445098877 171
1585117488827 0.1830105036497116 172
1585117522603 0.2009141743183136 173
1585117555831 0.18007045984268188 174
1585117589693 0.17960532009601593 175
1585117623188 0.18546999990940094 176
1585117656374 0.18824154138565063 177
1585117689654 0.1773195117712021 178
1585117723380 0.17408275604248047 179
1585117756533 0.1804308444261551 180
1585117790300 0.17327837646007538 181
1585117823574 0.17218269407749176 182
1585117857079 0.18344168365001678 183
1585117890612 0.1808033585548401 184
1585117924247 0.18105639517307281 185
1585117958326 0.17872615158557892 186
1585117991588 0.17633488774299622 187
1585118025107 0.1716386377811432 188
1585118059054 0.17495518922805786 189
1585118092588 0.1857399344444275 190
1585118125780 0.17765715718269348 191
1585118159160 0.19464683532714844 192
1585118192740 0.16822072863578796 193
1585118226065 0.1787681132555008 194
1585118259880 0.17988823354244232 195
1585118293075 0.17190954089164734 196
1585118326662 0.18085172772407532 197
1585118360182 0.1723015159368515 198
1585118393818 0.17402008175849915 199
1585118427316 0.1702314168214798 200
1585118460688 0.17674186825752258 201
1585118494313 0.18193863332271576 202
1585118527855 0.1623314768075943 203
1585118561734 0.16321367025375366 204
1585118595040 0.16473767161369324 205
1585118629802 0.1719711720943451 206
1585118663526 0.17061959207057953 207
1585118697064 0.1730356514453888 208
1585118730664 0.16509491205215454 209
1585118763828 0.18009896576404572 210
1585118797405 0.15978656709194183 211
1585118831856 0.16850797832012177 212
1585118865248 0.17939965426921844 213
1585118898371 0.17749974131584167 214
1585118932141 0.1663905531167984 215
1585118965625 0.16397354006767273 216
1585118999040 0.16438433527946472 217
1585119032710 0.17267878353595734 218
1585119066274 0.16082870960235596 219
1585119099922 0.1692596822977066 220
1585119133376 0.1640862673521042 221
1585119167024 0.168776273727417 222
1585119200842 0.1730819195508957 223
1585119235624 0.16647334396839142 224
1585119269251 0.17491285502910614 225
1585119302725 0.16940216720104218 226
1585119336168 0.16940128803253174 227
1585119369881 0.17363180220127106 228
1585119403479 0.17040801048278809 229
1585119436865 0.16245125234127045 230
1585119470549 0.16064314544200897 231
1585119503837 0.16851451992988586 232
1585119537916 0.157809779047966 233
1585119571627 0.16318459808826447 234
1585119605903 0.16151879727840424 235
1585119639614 0.16818620264530182 236
1585119673126 0.16440798342227936 237
1585119706304 0.15810208022594452 238
1585119739601 0.1705055683851242 239
1585119773062 0.16029323637485504 240
1585119807435 0.17567168176174164 241
1585119840716 0.16737055778503418 242
1585119874262 0.1588592231273651 243
1585119907529 0.15497510135173798 244
1585119941270 0.16807854175567627 245
1585119975689 0.15774846076965332 246
1585120008903 0.16008222103118896 247
1585120042827 0.15632715821266174 248
1585120076031 0.15906059741973877 249
1585120109557 0.16020134091377258 250
1585120142937 0.15833543241024017 251
1585120176113 0.15756136178970337 252
1585120210870 0.16113878786563873 253
1585120244545 0.15434855222702026 254
1585120277819 0.15661922097206116 255
1585120311063 0.1514824777841568 256
1585120344458 0.17294001579284668 257
1585120377790 0.16467997431755066 258
1585120411430 0.16477248072624207 259
1585120444857 0.16169887781143188 260
1585120478391 0.15851545333862305 261
1585120511989 0.15336333215236664 262
1585120546079 0.14892318844795227 263
1585120579916 0.16161182522773743 264
1585120613223 0.1578449308872223 265
1585120646749 0.15347015857696533 266
1585120681692 0.1610533744096756 267
1585120714975 0.16541536152362823 268
1585120748485 0.15448139607906342 269
1585120782403 0.15668004751205444 270
1585120815770 0.17301492393016815 271
1585120849903 0.15302999317646027 272
1585120883531 0.15698401629924774 273
1585120917052 0.18061940371990204 274
1585120951109 0.15411393344402313 275
1585120985125 0.15908974409103394 276
1585121018651 0.15474390983581543 277
1585121052182 0.17390525341033936 278
1585121085629 0.15710201859474182 279
1585121119321 0.15855152904987335 280
1585121153200 0.15116077661514282 281
1585121186707 0.15377822518348694 282
1585121220414 0.14860652387142181 283
1585121255302 0.15370945632457733 284
1585121288774 0.15160422027111053 285
1585121322337 0.14912357926368713 286
1585121356437 0.16039203107357025 287
1585121389885 0.14732250571250916 288
1585121423265 0.14846110343933105 289
1585121456831 0.14387787878513336 290
1585121490413 0.15486687421798706 291
1585121523966 0.1512639969587326 292
1585121557723 0.15511971712112427 293
1585121591372 0.15431910753250122 294
1585121625132 0.15301872789859772 295
1585121658694 0.1447766125202179 296
1585121691991 0.15420915186405182 297
1585121725437 0.14382365345954895 298
1585121759364 0.1489412486553192 299
1585121792795 0.15964016318321228 300
1585121826276 0.14329692721366882 301
1585121859842 0.13681554794311523 302
1585121893368 0.14537851512432098 303
1585121927395 0.14783300459384918 304
1585121961427 0.15243986248970032 305
1585121994560 0.14435912668704987 306
1585122027752 0.14576660096645355 307
1585122061201 0.14281350374221802 308
1585122094921 0.14944367110729218 309
1585122128560 0.14652295410633087 310
1585122162198 0.13759706914424896 311
1585122195761 0.15486159920692444 312
1585122229176 0.14641113579273224 313
1585122262392 0.13943637907505035 314
1585122295585 0.14536207914352417 315
1585122329419 0.14777886867523193 316
1585122362632 0.1452939808368683 317
1585122397166 0.14559797942638397 318
1585122430993 0.15344589948654175 319
1585122464990 0.14865286648273468 320
1585122498912 0.1496991217136383 321
1585122532192 0.14943921566009521 322
1585122565624 0.1398700773715973 323
1585122600198 0.1498761773109436 324
1585122633736 0.13857541978359222 325
1585122667365 0.14967232942581177 326
1585122701064 0.13710393011569977 327
1585122734761 0.14405973255634308 328
1585122768294 0.15958385169506073 329
1585122802196 0.1427694410085678 330
1585122836689 0.16116440296173096 331
1585122869908 0.14031845331192017 332
1585122903319 0.1407928168773651 333
1585122936813 0.14520138502120972 334
1585122970182 0.13997003436088562 335
1585123004204 0.13761095702648163 336
1585123038110 0.1526649445295334 337
1585123071747 0.1383509337902069 338
1585123105925 0.1376146376132965 339
1585123139224 0.13509631156921387 340
1585123172833 0.14626255631446838 341
1585123206530 0.14056459069252014 342
1585123241228 0.14288683235645294 343
1585123274916 0.14352449774742126 344
1585123308262 0.14736366271972656 345
1585123342085 0.13739797472953796 346
1585123375928 0.14972369372844696 347
1585123409378 0.1410817801952362 348
1585123442654 0.1347358673810959 349
1585123476201 0.13297802209854126 350
1585123509728 0.13099317252635956 351
1585123542988 0.15076212584972382 352
1585123576510 0.14892178773880005 353
1585123610032 0.1450936198234558 354
1585123644031 0.12853193283081055 355
1585123678490 0.13774001598358154 356
1585123711783 0.13850638270378113 357
1585123745898 0.14019164443016052 358
1585123779571 0.1307050734758377 359
1585123813212 0.1330164223909378 360
1585123846720 0.1511993706226349 361
1585123879841 0.12871582806110382 362
1585123912956 0.14521871507167816 363
1585123946246 0.13098108768463135 364
1585123979443 0.133998304605484 365
1585124014216 0.1366940438747406 366
1585124048044 0.13662777841091156 367
1585124082194 0.1354876458644867 368
1585124116150 0.13572250306606293 369
1585124150868 0.13575927913188934 370
1585124184200 0.1272316724061966 371
1585124217769 0.13676545023918152 372
1585124252122 0.13214556872844696 373
1585124285840 0.1326993703842163 374
1585124319330 0.13224709033966064 375
1585124353311 0.13961079716682434 376
1585124387782 0.13554498553276062 377
1585124421132 0.14358682930469513 378
1585124454049 0.14217232167720795 379
1585124487129 0.1319255232810974 380
1585124519649 0.14675450325012207 381
1585124552319 0.13081490993499756 382
1585124584761 0.13070231676101685 383
1585124617082 0.1338411271572113 384
1585124649461 0.13926103711128235 385
1585124681818 0.13456931710243225 386
1585124714414 0.13666315376758575 387
1585124748131 0.1272633820772171 388
1585124780691 0.14228928089141846 389
1585124815058 0.12199001759290695 390
1585124847775 0.13654902577400208 391
1585124880476 0.13634973764419556 392
1585124912730 0.12447546422481537 393
1585124945027 0.13647957146167755 394
1585124977565 0.12725146114826202 395
1585125010346 0.12432578206062317 396
1585125043091 0.13104550540447235 397
1585125075563 0.1404147893190384 398
1585125108164 0.1325012743473053 399
1585125141061 0.1393151432275772 400
1585125173817 0.13199268281459808 401
1585125206185 0.13257236778736115 402
1585125238600 0.13453903794288635 403
1585125271072 0.12681472301483154 404
1585125303750 0.1331346035003662 405
1585125336567 0.12733159959316254 406
1585125369431 0.12922988831996918 407
1585125402012 0.15272603929042816 408
1585125434400 0.1320836842060089 409
1585125467323 0.13046087324619293 410
1585125499733 0.13386529684066772 411
1585125531946 0.1342034786939621 412
1585125564668 0.13695502281188965 413
1585125597299 0.12459290027618408 414
1585125629652 0.14155371487140656 415
1585125662185 0.1335029900074005 416
1585125695761 0.1313108503818512 417
1585125728401 0.13910754024982452 418
1585125760945 0.12664391100406647 419
1585125793454 0.14596323668956757 420
1585125825839 0.14114141464233398 421
1585125858559 0.13484926521778107 422
1585125891293 0.1256319284439087 423
1585125923717 0.13328106701374054 424
1585125957367 0.13471119105815887 425
1585125989914 0.13416889309883118 426
1585126022539 0.15282943844795227 427
1585126055370 0.13431575894355774 428
1585126087976 0.1569981724023819 429
1585126120464 0.13890263438224792 430
1585126152761 0.15320056676864624 431
1585126185635 0.15217901766300201 432
1585126218200 0.1534309983253479 433
1585126250855 0.1544392853975296 434
1585126283243 0.14336884021759033 435
1585126315657 0.15311698615550995 436
1585126348200 0.1588859111070633 437
1585126380619 0.14596906304359436 438
1585126413276 0.1537504643201828 439
1585126445742 0.1489786058664322 440
1585126478169 0.16335047781467438 441
1585126510646 0.158467635512352 442
1585126543457 0.15796862542629242 443
1585126575985 0.1543184071779251 444
1585126608398 0.15111184120178223 445
1585126641015 0.17030112445354462 446
1585126673548 0.16639278829097748 447
1585126706695 0.15997076034545898 448
1585126739019 0.1590699553489685 449
1585126771354 0.15609809756278992 450
1585126803871 0.1514207273721695 451
1585126836407 0.14438574016094208 452
1585126868935 0.13951073586940765 453
1585126901462 0.16141578555107117 454
1585126933898 0.1372389793395996 455
1585126966469 0.13705305755138397 456
1585126999020 0.15052630007266998 457
1585127031465 0.13511940836906433 458
1585127063821 0.14298087358474731 459
1585127096396 0.17825531959533691 460
1585127128860 0.13331548869609833 461
1585127161345 0.14498963952064514 462
1585127193603 0.14757061004638672 463
1585127226224 0.1302616149187088 464
1585127259160 0.1469680517911911 465
1585127292172 0.1492718756198883 466
1585127325155 0.1364264190196991 467
1585127358067 0.1414249688386917 468
1585127390489 0.1430189609527588 469
1585127423010 0.14560215175151825 470
1585127455489 0.13722454011440277 471
1585127487859 0.1395540088415146 472
1585127520434 0.1467221975326538 473
1585127552986 0.14665448665618896 474
1585127585186 0.13659049570560455 475
1585127617623 0.1437598317861557 476
1585127650226 0.14414747059345245 477
1585127683354 0.14726018905639648 478
1585127715919 0.14802761375904083 479
1585127748630 0.15303435921669006 480
1585127781376 0.1565176546573639 481
1585127813605 0.166024848818779 482
1585127846093 0.15324604511260986 483
1585127878888 0.15007977187633514 484
1585127911491 0.14782515168190002 485
1585127944069 0.1434032917022705 486
1585127976660 0.15332090854644775 487
1585128009393 0.152668297290802 488
1585128042034 0.14512072503566742 489
1585128074524 0.14155614376068115 490
1585128106979 0.1376228928565979 491
1585128139624 0.13981425762176514 492
1585128172527 0.14014354348182678 493
1585128205020 0.13881617784500122 494
1585128239300 0.14574283361434937 495
1585128271719 0.13957160711288452 496
1585128304585 0.1398838758468628 497
1585128336957 0.14632520079612732 498
1585128369661 0.15837201476097107 499
1585128402214 0.13525459170341492 500
1585128434659 0.15047894418239594 501
1585128467264 0.14466333389282227 502
1585128499914 0.15437737107276917 503
1585128532499 0.14628535509109497 504
1585128565043 0.14798271656036377 505
1585128598462 0.14543715119361877 506
1585128630931 0.14472171664237976 507
1585128663375 0.1488305926322937 508
1585128697037 0.14809873700141907 509
1585128729495 0.15259911119937897 510
1585128761938 0.1546454131603241 511
1585128794601 0.1521991491317749 512
1585128827056 0.14462055265903473 513
1585128859831 0.14787821471691132 514
1585128892254 0.14957882463932037 515
1585128924966 0.15139424800872803 516
1585128957596 0.15477341413497925 517
1585128991661 0.15163928270339966 518
1585129024479 0.1435651332139969 519
1585129056867 0.16753441095352173 520
1585129089384 0.1500903069972992 521
1585129121732 0.15500852465629578 522
1585129154307 0.1535252183675766 523
1585129186887 0.15523524582386017 524
1585129220335 0.14861416816711426 525
1585129252420 0.14579586684703827 526
1585129284849 0.1414034068584442 527
1585129317616 0.14623264968395233 528
1585129350010 0.13997195661067963 529
1585129382253 0.14423003792762756 530
1585129414667 0.15077778697013855 531
1585129447032 0.14808887243270874 532
1585129479231 0.15096816420555115 533
1585129511473 0.1579054892063141 534
1585129543892 0.14446476101875305 535
1585129576483 0.14895488321781158 536
1585129608895 0.17152556777000427 537
1585129641517 0.15191656351089478 538
1585129674165 0.1553642898797989 539
1585129706778 0.1398816555738449 540
1585129739443 0.14122121036052704 541
1585129772099 0.13645359873771667 542
1585129805099 0.15336257219314575 543
1585129837812 0.15389488637447357 544
1585129870215 0.1388711780309677 545
1585129903874 0.1395598202943802 546
1585129936323 0.1510472297668457 547
1585129969388 0.13925215601921082 548
1585130001954 0.147774800658226 549
1585130034373 0.1420401930809021 550
1585130066801 0.14104677736759186 551
1585130099327 0.13623343408107758 552
1585130131994 0.14385071396827698 553
1585130164626 0.1430373638868332 554
1585130197150 0.13928569853305817 555
1585130229760 0.14167016744613647 556
1585130262266 0.14251643419265747 557
1585130294729 0.14958401024341583 558
1585130327096 0.13965806365013123 559
1585130359589 0.1468980461359024 560
1585130392296 0.15053203701972961 561
1585130424933 0.14237087965011597 562
1585130457615 0.14546740055084229 563
1585130490036 0.14965423941612244 564
1585130522479 0.16256265342235565 565
1585130554975 0.14625461399555206 566
1585130587707 0.16925901174545288 567
1585130620249 0.15750885009765625 568
1585130652834 0.15909332036972046 569
1585130685393 0.15575608611106873 570
1585130717969 0.14506685733795166 571
1585130751716 0.1406944841146469 572
1585130784513 0.14070075750350952 573
1585130818654 0.13325540721416473 574
1585130851406 0.13949772715568542 575
1585130883736 0.1463342159986496 576
1585130916113 0.1375674605369568 577
1585130948725 0.1318673938512802 578
1585130982045 0.14247065782546997 579
1585131014528 0.1418626308441162 580
1585131046754 0.14103049039840698 581
1585131079140 0.1502474695444107 582
1585131112140 0.14389686286449432 583
1585131144491 0.14476269483566284 584
1585131177063 0.13590602576732635 585
1585131209636 0.13964228332042694 586
1585131242249 0.13950249552726746 587
1585131274879 0.13960859179496765 588
1585131307488 0.13927578926086426 589
1585131340198 0.14569514989852905 590
1585131372845 0.14697399735450745 591
1585131405490 0.1418963372707367 592
1585131438721 0.14624233543872833 593
1585131471824 0.15781766176223755 594
1585131504270 0.1434830278158188 595
1585131536878 0.14599238336086273 596
1585131569750 0.1595546305179596 597
1585131602085 0.14500528573989868 598
1585131634287 0.14570757746696472 599
1585131666666 0.1401604413986206 600
1585131699504 0.14497582614421844 601
1585131732088 0.13680662214756012 602
1585131764485 0.13561926782131195 603
1585131796930 0.14373750984668732 604
1585131829372 0.14188121259212494 605
1585131862290 0.13808098435401917 606
1585131894689 0.14133186638355255 607
1585131927389 0.15027323365211487 608
1585131961154 0.14817875623703003 609
1585131993900 0.14445860683918 610
1585132026571 0.14352352917194366 611
1585132059419 0.144729882478714 612
1585132092165 0.15386876463890076 613
1585132124672 0.14669916033744812 614
1585132157020 0.13311925530433655 615
1585132189774 0.14273492991924286 616
1585132222988 0.16104483604431152 617
1585132255626 0.14820630848407745 618
1585132288095 0.15143759548664093 619
1585132320696 0.14697475731372833 620
1585132353763 0.14562392234802246 621
1585132386274 0.14368675649166107 622
1585132418884 0.14798057079315186 623
1585132452582 0.14309090375900269 624
1585132485220 0.14188258349895477 625
1585132517800 0.15595032274723053 626
1585132550759 0.15930359065532684 627
1585132583425 0.15833471715450287 628
1585132616034 0.15347547829151154 629
1585132649228 0.1401972770690918 630
1585132682263 0.14531239867210388 631
1585132714989 0.1463060975074768 632
1585132747589 0.13767525553703308 633
1585132781454 0.14202742278575897 634
1585132813973 0.14353547990322113 635
1585132846684 0.13928498327732086 636
1585132879586 0.14562679827213287 637
1585132912204 0.1451665163040161 638
1585132944819 0.14564262330532074 639
1585132977624 0.14569590985774994 640
1585133010294 0.14978626370429993 641
1585133043448 0.14634735882282257 642
1585133076556 0.1399238556623459 643
1585133109569 0.16279315948486328 644
1585133142247 0.1527569442987442 645
1585133174718 0.14785534143447876 646
1585133207386 0.15034900605678558 647
1585133239971 0.15401916205883026 648
1585133272408 0.13818085193634033 649
1585133304801 0.14711758494377136 650
1585133337524 0.14495885372161865 651
1585133371105 0.14038504660129547 652
1585133403730 0.14027659595012665 653
1585133436405 0.14291229844093323 654
1585133468966 0.15649430453777313 655
1585133501731 0.14424961805343628 656
1585133534550 0.1411055326461792 657
1585133567159 0.1427951455116272 658
1585133599766 0.15544059872627258 659
1585133632546 0.16339707374572754 660
1585133665215 0.14975838363170624 661
1585133697959 0.14155159890651703 662
1585133730856 0.14664338529109955 663
1585133763319 0.14985795319080353 664
1585133796021 0.13894972205162048 665
1585133828459 0.13798919320106506 666
1585133861159 0.15173481404781342 667
1585133894584 0.1413828283548355 668
1585133927135 0.14070139825344086 669
1585133960071 0.13755416870117188 670
1585133992740 0.1382281482219696 671
1585134025353 0.14541390538215637 672
1585134058026 0.14114102721214294 673
1585134090932 0.1407209187746048 674
1585134123274 0.14331547915935516 675
1585134156093 0.14259231090545654 676
1585134189806 0.14746461808681488 677
1585134222516 0.14342612028121948 678
1585134256329 0.14252634346485138 679
1585134288725 0.1574002057313919 680
1585134321273 0.1504005491733551 681
1585134354107 0.14031094312667847 682
1585134386927 0.139312282204628 683
1585134419507 0.1408747434616089 684
1585134452176 0.14235931634902954 685
1585134484822 0.14447253942489624 686
1585134517655 0.13866287469863892 687
1585134550449 0.14131422340869904 688
1585134584006 0.14492830634117126 689
1585134616643 0.1418803334236145 690
1585134649220 0.15409277379512787 691
1585134681806 0.14381180703639984 692
1585134714406 0.15332263708114624 693
1585134747099 0.14861486852169037 694
1585134779908 0.15161579847335815 695
1585134812298 0.15199370682239532 696
1585134845116 0.14840997755527496 697
1585134877432 0.14212791621685028 698
1585134910338 0.1483786553144455 699
1585134942819 0.1404242068529129 700
1585134975621 0.1496446430683136 701
1585135008735 0.14315912127494812 702
1585135041263 0.14858165383338928 703
1585135074082 0.1490369737148285 704
1585135107752 0.14603069424629211 705
1585135140428 0.15775057673454285 706
1585135174402 0.16317996382713318 707
1585135207035 0.13219986855983734 708
1585135239815 0.13506963849067688 709
1585135272205 0.14408725500106812 710
1585135304917 0.14028744399547577 711
1585135337695 0.13799415528774261 712
1585135370565 0.13675519824028015 713
1585135404245 0.13451290130615234 714
1585135437314 0.1385003924369812 715
1585135469761 0.14359797537326813 716
1585135502089 0.13673582673072815 717
1585135534817 0.13572140038013458 718
1585135568251 0.15138117969036102 719
1585135600913 0.133817657828331 720
1585135634604 0.1396382749080658 721
1585135667707 0.12881653010845184 722
1585135700352 0.1377461850643158 723
1585135732888 0.13702499866485596 724
1585135765731 0.15485110878944397 725
1585135798321 0.13995902240276337 726
1585135830665 0.14443287253379822 727
1585135863559 0.15414755046367645 728
1585135896065 0.1461261659860611 729
1585135928578 0.1427445262670517 730
1585135961143 0.1463976800441742 731
1585135993859 0.14433914422988892 732
1585136026585 0.15371446311473846 733
1585136059202 0.14415284991264343 734
1585136091806 0.13689757883548737 735
1585136124242 0.14770326018333435 736
1585136156945 0.14298699796199799 737
1585136189935 0.15227515995502472 738
1585136222726 0.15065732598304749 739
1585136255567 0.14245766401290894 740
1585136288360 0.14863905310630798 741
1585136321007 0.14333394169807434 742
1585136354347 0.1402539163827896 743
1585136387618 0.13850311934947968 744
1585136420279 0.13495735824108124 745
1585136452523 0.14038532972335815 746
1585136484849 0.14404168725013733 747
1585136517393 0.1395493596792221 748
1585136549937 0.13872098922729492 749
1585136582485 0.13989204168319702 750
1585136615735 0.13792359828948975 751
1585136648903 0.14143219590187073 752
1585136681626 0.1387677937746048 753
1585136714733 0.14294880628585815 754
1585136747881 0.14858746528625488 755
1585136780445 0.1410588175058365 756
1585136813358 0.14087846875190735 757
1585136846110 0.14344939589500427 758
1585136878443 0.15183311700820923 759
1585136910900 0.1414252519607544 760
1585136943585 0.15774592757225037 761
1585136976320 0.13682635128498077 762
1585137009661 0.13758036494255066 763
1585137042340 0.1413956880569458 764
1585137074697 0.13632701337337494 765
1585137107407 0.14508287608623505 766
1585137140092 0.1398053914308548 767
1585137172964 0.1411105990409851 768
1585137205562 0.13823188841342926 769
1585137238298 0.1402953714132309 770
1585137270649 0.14283889532089233 771
1585137303343 0.1422729194164276 772
1585137336027 0.14934079349040985 773
1585137369173 0.1504814773797989 774
1585137401614 0.1365332156419754 775
1585137434125 0.1519540399312973 776
1585137466803 0.14569592475891113 777
1585137499770 0.1380988210439682 778
1585137532423 0.14502039551734924 779
1585137564788 0.15337079763412476 780
1585137597322 0.13973334431648254 781
1585137630065 0.14870567619800568 782
1585137663283 0.13378028571605682 783
1585137696287 0.15499868988990784 784
1585137728703 0.14095298945903778 785
1585137761195 0.1300145387649536 786
1585137793917 0.13865667581558228 787
1585137826565 0.1465957909822464 788
1585137859176 0.13535618782043457 789
1585137891877 0.1336716115474701 790
1585137924783 0.14753113687038422 791
1585137957705 0.14635904133319855 792
1585137990373 0.143073171377182 793
1585138022999 0.13655132055282593 794
1585138055406 0.1425718367099762 795
1585138088390 0.14855006337165833 796
1585138121128 0.14833950996398926 797
1585138153702 0.14398294687271118 798
1585138186152 0.1376337707042694 799
1585138218713 0.14199435710906982 800
1585138251172 0.1411970853805542 801
1585138283515 0.1612010896205902 802
1585138316426 0.14435239136219025 803
1585138348856 0.1406608670949936 804
1585138381315 0.1403350681066513 805
1585138413932 0.14697574079036713 806
1585138446710 0.14380863308906555 807
1585138479217 0.13857276737689972 808
1585138511966 0.13693657517433167 809
1585138544897 0.13882602751255035 810
1585138577640 0.14058154821395874 811
1585138610116 0.14152832329273224 812
1585138642873 0.13984686136245728 813
1585138675633 0.1398729830980301 814
1585138708145 0.147434800863266 815
1585138740756 0.1464187651872635 816
1585138773948 0.143207848072052 817
1585138806639 0.14604997634887695 818
1585138839319 0.14372055232524872 819
1585138872012 0.1365998536348343 820
1585138904807 0.14143726229667664 821
1585138937447 0.1384475976228714 822
1585138970144 0.14906471967697144 823
1585139002956 0.14567340910434723 824
1585139035811 0.14399446547031403 825
1585139068312 0.1375104784965515 826
1585139100883 0.14556367695331573 827
1585139133575 0.1464262753725052 828
1585139166461 0.15041662752628326 829
1585139198991 0.14338481426239014 830
1585139231456 0.1421997845172882 831
1585139264286 0.1382349580526352 832
1585139296772 0.1427183747291565 833
1585139329471 0.1517716646194458 834
1585139362108 0.14101384580135345 835
1585139394792 0.1375456303358078 836
1585139428569 0.1364751160144806 837
1585139461136 0.14425131678581238 838
1585139494199 0.14506947994232178 839
1585139526673 0.14257876574993134 840
1585139559687 0.1515151411294937 841
1585139592447 0.1438664197921753 842
1585139625306 0.14229966700077057 843
1585139657701 0.1469009816646576 844
1585139691396 0.1537138968706131 845
1585139723997 0.14113932847976685 846
1585139756625 0.1362648755311966 847
1585139789371 0.13595516979694366 848
1585139821934 0.1457500457763672 849
1585139854696 0.13570687174797058 850
1585139887419 0.1358821988105774 851
1585139920259 0.1419522762298584 852
1585139952695 0.13449165225028992 853
1585139985175 0.14452147483825684 854
1585140017556 0.1433747261762619 855
1585140049961 0.1394679993391037 856
1585140082436 0.13959990441799164 857
1585140116281 0.14218421280384064 858
1585140148780 0.14110632240772247 859
1585140181251 0.14065413177013397 860
1585140213773 0.1529209315776825 861
1585140246623 0.13341347873210907 862
1585140279038 0.13732121884822845 863
1585140311801 0.1503269225358963 864
1585140344630 0.15288767218589783 865
1585140377402 0.15342697501182556 866
1585140410179 0.14710575342178345 867
1585140442657 0.14879938960075378 868
1585140475622 0.14393696188926697 869
1585140508152 0.1451314240694046 870
1585140540836 0.13441342115402222 871
1585140573238 0.1421588808298111 872
1585140605917 0.13601042330265045 873
1585140638930 0.13267944753170013 874
1585140671967 0.14347389340400696 875
1585140704532 0.12989062070846558 876
1585140736997 0.1420927494764328 877
1585140769775 0.13112130761146545 878
1585140802662 0.13539592921733856 879
1585140835381 0.14670902490615845 880
1585140870996 0.14667730033397675 881
1585140903661 0.14070533215999603 882
1585140936762 0.13307245075702667 883
1585140969552 0.13072149455547333 884
1585141002564 0.13959066569805145 885
1585141035210 0.14012748003005981 886
1585141067624 0.14833851158618927 887
1585141099864 0.1435682326555252 888
1585141133280 0.14146564900875092 889
1585141165773 0.15067143738269806 890
1585141198378 0.14756973087787628 891
1585141231175 0.14760403335094452 892
1585141263961 0.14010493457317352 893
1585141296280 0.15852782130241394 894
1585141329083 0.14455515146255493 895
1585141361760 0.14802205562591553 896
1585141394296 0.13692273199558258 897
1585141426424 0.1408877819776535 898
1585141459243 0.14334720373153687 899
1585141491449 0.13286885619163513 900
1585141523729 0.13663388788700104 901
1585141556522 0.1344882994890213 902
1585141589025 0.14594611525535583 903
1585141621259 0.13729138672351837 904
1585141653189 0.13213127851486206 905
1585141685122 0.14098642766475677 906
1585141717219 0.13529445230960846 907
1585141749265 0.15390054881572723 908
1585141781268 0.13769789040088654 909
1585141812992 0.13341024518013 910
1585141845019 0.1340014934539795 911
1585141876913 0.13891728222370148 912
1585141908955 0.14206083118915558 913
1585141941302 0.15906208753585815 914
1585141973168 0.13343381881713867 915
1585142004945 0.13404053449630737 916
1585142037107 0.14571189880371094 917
1585142069231 0.14046525955200195 918
1585142100958 0.13680842518806458 919
1585142132983 0.13904191553592682 920
1585142165159 0.13932043313980103 921
1585142197205 0.1494140923023224 922
1585142229157 0.1439419686794281 923
1585142261818 0.14520256221294403 924
1585142293760 0.13588105142116547 925
1585142325994 0.14807772636413574 926
1585142358238 0.14632348716259003 927
1585142390111 0.1440182626247406 928
1585142422495 0.14818936586380005 929
1585142453996 0.14931343495845795 930
1585142486403 0.14222311973571777 931
1585142518426 0.14011669158935547 932
1585142550304 0.13989536464214325 933
1585142582255 0.13766074180603027 934
1585142614335 0.1429162323474884 935
1585142646472 0.14397871494293213 936
1585142678410 0.13510943949222565 937
1585142710598 0.1312730759382248 938
1585142742759 0.13756033778190613 939
1585142774837 0.14380207657814026 940
1585142808217 0.12706604599952698 941
1585142840317 0.13721907138824463 942
1585142872375 0.13714876770973206 943
1585142904838 0.13354216516017914 944
1585142937693 0.14928023517131805 945
1585142969896 0.13233602046966553 946
1585143001995 0.13815899193286896 947
1585143034216 0.14235901832580566 948
1585143066135 0.13355955481529236 949
1585143098050 0.14710910618305206 950
1585143130659 0.14235718548297882 951
1585143162889 0.14122091233730316 952
1585143194962 0.13224898278713226 953
1585143227009 0.13931167125701904 954
1585143258987 0.14037145674228668 955
1585143291248 0.1535336822271347 956
1585143323023 0.14030848443508148 957
1585143354978 0.1573421210050583 958
1585143386882 0.1321604698896408 959
1585143419059 0.14291051030158997 960
1585143450969 0.13761577010154724 961
1585143484007 0.14295952022075653 962
1585143515934 0.1400819718837738 963
1585143548364 0.14227449893951416 964
1585143580585 0.14637093245983124 965
1585143612520 0.14681220054626465 966
1585143644219 0.13968683779239655 967
1585143676949 0.14076951146125793 968
1585143709096 0.14125679433345795 969
1585143740966 0.1497943252325058 970
1585143772891 0.13913162052631378 971
1585143804746 0.139724001288414 972
1585143836855 0.1331816464662552 973
1585143868842 0.13535234332084656 974
1585143900794 0.14316025376319885 975
1585143932983 0.1341482400894165 976
1585143965075 0.14295758306980133 977
1585143997204 0.13938336074352264 978
1585144029671 0.13088883459568024 979
1585144061829 0.1400671750307083 980
1585144093777 0.14105623960494995 981
1585144125676 0.14613144099712372 982
1585144157877 0.138386532664299 983
1585144189757 0.12953907251358032 984
1585144221888 0.1370837241411209 985
1585144253785 0.14080314338207245 986
1585144286016 0.13870546221733093 987
1585144318123 0.13964149355888367 988
1585144350230 0.1515795737504959 989
1585144382151 0.13550497591495514 990
1585144414286 0.14947718381881714 991
1585144445990 0.1386701464653015 992
1585144477775 0.13999618589878082 993
1585144510120 0.13161316514015198 994
1585144542322 0.14448274672031403 995
1585144574204 0.1387723982334137 996
1585144606164 0.14747440814971924 997
1585144638348 0.1394406408071518 998
1585144670667 0.13994483649730682 999
1585144703255 0.13559000194072723 1000
1585144735091 0.13907943665981293 1001
1585144766914 0.1449163854122162 1002
1585144799425 0.14199143648147583 1003
1585144831581 0.13202740252017975 1004
1585144863595 0.1365167498588562 1005
1585144895421 0.13469131290912628 1006
1585144927190 0.1443864107131958 1007
1585144959344 0.13475863635540009 1008
1585144991247 0.13448946177959442 1009
1585145023493 0.1408831775188446 1010
1585145055512 0.13407766819000244 1011
1585145087604 0.13194328546524048 1012
1585145119324 0.1498030424118042 1013
1585145151492 0.13339011371135712 1014
1585145183832 0.14170601963996887 1015
1585145216203 0.14743392169475555 1016
1585145248080 0.143767312169075 1017
1585145279955 0.12920458614826202 1018
1585145312210 0.13661478459835052 1019
1585145344151 0.14115890860557556 1020
1585145376211 0.14761118590831757 1021
1585145408394 0.13415496051311493 1022
1585145440642 0.1393158882856369 1023
1585145472948 0.142108753323555 1024
1585145505004 0.15508592128753662 1025
1585145537756 0.13416902720928192 1026
1585145569606 0.13978709280490875 1027
1585145601656 0.13600751757621765 1028
1585145633757 0.1364765614271164 1029
1585145665640 0.13049840927124023 1030
1585145697569 0.15297164022922516 1031
1585145729666 0.13597258925437927 1032
1585145761535 0.15072567760944366 1033
1585145793810 0.14223088324069977 1034
1585145825759 0.13059525191783905 1035
1585145857822 0.14021986722946167 1036
1585145890029 0.1364264041185379 1037
1585145921926 0.13864414393901825 1038
1585145953948 0.13725939393043518 1039
1585145985736 0.15304939448833466 1040
1585146018162 0.14160455763339996 1041
1585146050198 0.14694133400917053 1042
1585146082251 0.1375076025724411 1043
1585146114377 0.1438000500202179 1044
1585146146428 0.1503019779920578 1045
1585146178701 0.13975536823272705 1046
1585146210465 0.14740030467510223 1047
1585146242322 0.13402549922466278 1048
1585146274560 0.1451154351234436 1049
1585146306427 0.13363467156887054 1050
1585146338872 0.1343258023262024 1051
1585146371047 0.13917309045791626 1052
1585146402993 0.13393904268741608 1053
1585146434949 0.14412973821163177 1054
1585146467219 0.14617273211479187 1055
1585146499062 0.1513674557209015 1056
1585146532076 0.13674592971801758 1057
1585146564075 0.13387739658355713 1058
1585146596406 0.1376361846923828 1059
1585146628533 0.13258573412895203 1060
1585146660731 0.14367727935314178 1061
1585146692839 0.13154490292072296 1062
1585146725331 0.13710877299308777 1063
1585146757775 0.1401740163564682 1064
1585146789939 0.12971514463424683 1065
1585146822042 0.13895399868488312 1066
1585146854328 0.1319694221019745 1067
1585146885952 0.1478150635957718 1068
1585146918200 0.15381748974323273 1069
1585146950078 0.15498995780944824 1070
1585146981888 0.1501145213842392 1071
1585147013890 0.137301966547966 1072
1585147045779 0.1452319622039795 1073
1585147077998 0.134102463722229 1074
1585147111028 0.15159079432487488 1075
1585147143951 0.12625551223754883 1076
1585147176856 0.1449882984161377 1077
1585147209164 0.13908255100250244 1078
1585147242030 0.13636837899684906 1079
1585147273892 0.1285659372806549 1080
1585147306241 0.13631363213062286 1081
1585147338561 0.13650009036064148 1082
1585147370446 0.1380765587091446 1083
1585147402533 0.13336944580078125 1084
1585147435812 0.13039863109588623 1085
1585147468388 0.14043869078159332 1086
1585147501720 0.14334940910339355 1087
1585147533799 0.15153086185455322 1088
1585147565716 0.1374393254518509 1089
1585147597687 0.1428881287574768 1090
1585147629813 0.13911311328411102 1091
1585147661689 0.13032379746437073 1092
1585147693987 0.1331923007965088 1093
1585147726373 0.1403287947177887 1094
1585147758737 0.1386324018239975 1095
1585147790697 0.1372164785861969 1096
1585147822768 0.14393532276153564 1097
1585147854711 0.13090264797210693 1098
1585147886631 0.14221814274787903 1099
1585147918540 0.13844306766986847 1100
1585147950467 0.14385950565338135 1101
1585147982354 0.14718294143676758 1102
1585148014535 0.1486404687166214 1103
1585148046630 0.14334063231945038 1104
1585148078519 0.13125552237033844 1105
1585148110479 0.15089023113250732 1106
1585148143386 0.13120046257972717 1107
1585148175517 0.13528670370578766 1108
1585148207555 0.14297273755073547 1109
1585148239943 0.1448148936033249 1110
1585148272094 0.14355696737766266 1111
1585148304158 0.14172706007957458 1112
1585148336036 0.13789504766464233 1113
1585148368787 0.13670998811721802 1114
1585148400768 0.13888636231422424 1115
1585148432500 0.136002317070961 1116
1585148464422 0.1439327597618103 1117
1585148496076 0.13809894025325775 1118
1585148528325 0.14542636275291443 1119
1585148560585 0.13998065888881683 1120
1585148594195 0.14195165038108826 1121
1585148626605 0.13345474004745483 1122
1585148658502 0.1376911699771881 1123
1585148691000 0.13145387172698975 1124
1585148723143 0.14032147824764252 1125
1585148754945 0.13027560710906982 1126
1585148787146 0.13358637690544128 1127
1585148819456 0.14403371512889862 1128
1585148852259 0.13492299616336823 1129
1585148884328 0.14012429118156433 1130
1585148915711 0.14013954997062683 1131
1585148947656 0.14530938863754272 1132
1585148979552 0.13938318192958832 1133
1585149011553 0.14088930189609528 1134
1585149043669 0.14131656289100647 1135
1585149075939 0.13567829132080078 1136
1585149108097 0.13582465052604675 1137
1585149140120 0.14122484624385834 1138
1585149172303 0.14431940019130707 1139
1585149204375 0.13868674635887146 1140
1585149236500 0.13765862584114075 1141
1585149268336 0.13753095269203186 1142
1585149300452 0.14016620814800262 1143
1585149332445 0.1350083351135254 1144
1585149364287 0.1278376579284668 1145
1585149396306 0.14159341156482697 1146
1585149428143 0.14088848233222961 1147
1585149460247 0.14704494178295135 1148
1585149492521 0.1429435759782791 1149
1585149524496 0.1381695419549942 1150
1585149556533 0.13630865514278412 1151
1585149588500 0.13765260577201843 1152
1585149620443 0.13368096947669983 1153
1585149652780 0.13793346285820007 1154
1585149684874 0.14510583877563477 1155
1585149717035 0.1387738585472107 1156
1585149749125 0.13715168833732605 1157
1585149781199 0.13579818606376648 1158
1585149812940 0.13465675711631775 1159
1585149845523 0.13697552680969238 1160
1585149877481 0.13359469175338745 1161
1585149909444 0.13858626782894135 1162
1585149941289 0.1317661553621292 1163
1585149973136 0.13693268597126007 1164
1585150004905 0.1418612152338028 1165
1585150036835 0.13892163336277008 1166
1585150068922 0.13839009404182434 1167
1585150101173 0.14092527329921722 1168
1585150133221 0.13879331946372986 1169
1585150165581 0.13768084347248077 1170
1585150197591 0.1307387799024582 1171
1585150230354 0.1563059240579605 1172
1585150262304 0.13806629180908203 1173
1585150295680 0.1392890214920044 1174
1585150328034 0.15398983657360077 1175
1585150360216 0.1402193307876587 1176
1585150393520 0.15313468873500824 1177
1585150425560 0.15106013417243958 1178
1585150457647 0.1450163871049881 1179
1585150489602 0.1420065015554428 1180
1585150521572 0.14117802679538727 1181
1585150553683 0.13907893002033234 1182
1585150585700 0.1435973346233368 1183
1585150617681 0.13280512392520905 1184
1585150651334 0.13022787868976593 1185
1585150683305 0.14261223375797272 1186
1585150715506 0.13388317823410034 1187
1585150747398 0.13922908902168274 1188
1585150779513 0.14004874229431152 1189
1585150811554 0.1395632028579712 1190
1585150843640 0.12585149705410004 1191
1585150875703 0.14144936203956604 1192
1585150908022 0.1455276757478714 1193
1585150940050 0.13609753549098969 1194
1585150971652 0.1393962800502777 1195
1585151003503 0.13412578403949738 1196
1585151035585 0.14510254561901093 1197
1585151067698 0.13837479054927826 1198
1585151099937 0.14129464328289032 1199
1585151132614 0.1419842541217804 1200
1585151164751 0.13844053447246552 1201
1585151196800 0.14234453439712524 1202
1585151228623 0.14033196866512299 1203
1585151260818 0.13722160458564758 1204
1585151294299 0.1337871551513672 1205
1585151326476 0.1565205156803131 1206
1585151358630 0.13976992666721344 1207
1585151390703 0.1406761258840561 1208
1585151422967 0.14466409385204315 1209
1585151454701 0.13390286266803741 1210
1585151486932 0.14269161224365234 1211
1585151518993 0.1449771523475647 1212
1585151551005 0.1323792189359665 1213
1585151583217 0.14630885422229767 1214
1585151615266 0.14663973450660706 1215
1585151647191 0.1384926736354828 1216
1585151679031 0.14309121668338776 1217
1585151711297 0.1495811939239502 1218
1585151743299 0.12950466573238373 1219
1585151775241 0.13609308004379272 1220
1585151807564 0.12934501469135284 1221
1585151839720 0.1387338489294052 1222
1585151871661 0.1372734010219574 1223
1585151903853 0.1388731300830841 1224
1585151935636 0.13736027479171753 1225
1585151967558 0.13547639548778534 1226
1585151999527 0.1366785168647766 1227
1585152031509 0.1440761834383011 1228
1585152063463 0.14121925830841064 1229
1585152096462 0.12978078424930573 1230
1585152128548 0.13859979808330536 1231
1585152160521 0.13459375500679016 1232
1585152192609 0.1454014629125595 1233
1585152224229 0.13882045447826385 1234
1585152256279 0.14168281853199005 1235
1585152288527 0.1301245093345642 1236
1585152320201 0.13317158818244934 1237
1585152352790 0.14012862741947174 1238
1585152385099 0.13562673330307007 1239
1585152417127 0.14910277724266052 1240
1585152449015 0.14475604891777039 1241
1585152480462 0.1324131041765213 1242
1585152512434 0.13622625172138214 1243
1585152544605 0.14056485891342163 1244
1585152577477 0.14213314652442932 1245
1585152609919 0.14311888813972473 1246
1585152642590 0.1402706801891327 1247
1585152674648 0.15543913841247559 1248
1585152706630 0.13500989973545074 1249
1585152738692 0.13028325140476227 1250
1585152771475 0.14150339365005493 1251
1585152803456 0.16016773879528046 1252
1585152835317 0.13209567964076996 1253
1585152867374 0.13424047827720642 1254
1585152900922 0.1445658653974533 1255
1585152933140 0.14111457765102386 1256
1585152965530 0.14486941695213318 1257
1585152997696 0.1384667307138443 1258
1585153029700 0.15243232250213623 1259
1585153061352 0.12932129204273224 1260
1585153093539 0.14194394648075104 1261
1585153125471 0.13580694794654846 1262
1585153157277 0.1356235295534134 1263
1585153189785 0.1526586413383484 1264
1585153221946 0.14296339452266693 1265
1585153254968 0.14175227284431458 1266
1585153287084 0.14526647329330444 1267
1585153318998 0.13502377271652222 1268
1585153350824 0.13867971301078796 1269
1585153382581 0.13513419032096863 1270
1585153414552 0.13806430995464325 1271
1585153446417 0.14328591525554657 1272
1585153478582 0.1463189274072647 1273
1585153510545 0.1562260538339615 1274
1585153542608 0.13862529397010803 1275
1585153574676 0.13726457953453064 1276
1585153606834 0.13456034660339355 1277
1585153638752 0.14695076644420624 1278
1585153670399 0.13963280618190765 1279
1585153702396 0.15291443467140198 1280
1585153734726 0.14378796517848969 1281
1585153766792 0.14043651521205902 1282
1585153799060 0.14313578605651855 1283
1585153831097 0.13750988245010376 1284
1585153863044 0.13931423425674438 1285
1585153894935 0.1377067118883133 1286
1585153927066 0.14345146715641022 1287
1585153959041 0.14247950911521912 1288
1585153991001 0.14067116379737854 1289
1585154023208 0.13721124827861786 1290
1585154055145 0.15030212700366974 1291
1585154087303 0.1364060342311859 1292
1585154119237 0.14125846326351166 1293
1585154151295 0.13273052871227264 1294
1585154183164 0.13435624539852142 1295
1585154215088 0.1385645866394043 1296
1585154247075 0.13904231786727905 1297
1585154279205 0.13609622418880463 1298
1585154311027 0.1466243714094162 1299
1585154343046 0.14103050529956818 1300
1585154375911 0.14170882105827332 1301
1585154408539 0.13947845995426178 1302
1585154442053 0.1422925591468811 1303
1585154474955 0.1351083219051361 1304
1585154508199 0.14107424020767212 1305
1585154542324 0.13421770930290222 1306
1585154575567 0.15652728080749512 1307
1585154608869 0.14601261913776398 1308
1585154641722 0.147436261177063 1309
1585154674963 0.14869971573352814 1310
1585154708226 0.14276660978794098 1311
1585154741403 0.13880594074726105 1312
1585154774540 0.1515737771987915 1313
1585154807655 0.14091448485851288 1314
1585154840932 0.14136558771133423 1315
1585154874270 0.1362096071243286 1316
1585154908084 0.13773241639137268 1317
1585154941365 0.1523078978061676 1318
1585154975415 0.1440686136484146 1319
1585155008707 0.14317628741264343 1320
1585155041874 0.1445624679327011 1321
1585155074920 0.13714903593063354 1322
1585155108105 0.14981332421302795 1323
1585155141429 0.1464335322380066 1324
1585155174549 0.1389143019914627 1325
1585155207845 0.1373027265071869 1326
1585155241315 0.1493982970714569 1327
1585155274579 0.13538530468940735 1328
1585155307943 0.14035256206989288 1329
1585155342334 0.14565280079841614 1330
1585155375343 0.13955456018447876 1331
1585155408740 0.13329096138477325 1332
1585155441935 0.1410827487707138 1333
1585155475316 0.14987848699092865 1334
1585155508202 0.14147454500198364 1335
1585155541485 0.15135784447193146 1336
1585155574949 0.15393859148025513 1337
1585155608310 0.140875905752182 1338
1585155641484 0.13781608641147614 1339
1585155674793 0.13535839319229126 1340
1585155708296 0.14067979156970978 1341
1585155741546 0.14188942313194275 1342
1585155774420 0.13531504571437836 1343
1585155807513 0.1404569149017334 1344
1585155840495 0.14632943272590637 1345
1585155873644 0.143226757645607 1346
1585155906791 0.14379191398620605 1347
1585155940212 0.15144716203212738 1348
1585155973566 0.14118625223636627 1349
1585156006439 0.154716357588768 1350
1585156039885 0.14909960329532623 1351
1585156073167 0.14454218745231628 1352
1585156106588 0.1393292248249054 1353
1585156140257 0.14875100553035736 1354
1585156173984 0.13527081906795502 1355
1585156207404 0.1495339423418045 1356
1585156241829 0.13692820072174072 1357
1585156274987 0.1526329219341278 1358
1585156308430 0.1445968896150589 1359
1585156341657 0.14038337767124176 1360
1585156375038 0.13807740807533264 1361
1585156408514 0.1418595314025879 1362
1585156442028 0.15419676899909973 1363
1585156475351 0.136333167552948 1364
1585156508210 0.14031705260276794 1365
1585156542323 0.1468375325202942 1366
1585156575464 0.13584363460540771 1367
1585156608995 0.1396474838256836 1368
1585156642435 0.13433656096458435 1369
1585156675807 0.15108226239681244 1370
1585156708780 0.14264465868473053 1371
1585156742116 0.13923898339271545 1372
1585156775489 0.1436677724123001 1373
1585156808704 0.147016242146492 1374
1585156841652 0.14393797516822815 1375
1585156874750 0.15033937990665436 1376
1585156908374 0.1519450694322586 1377
1585156941830 0.13794592022895813 1378
1585156975097 0.1729179471731186 1379
1585157008508 0.13797688484191895 1380
1585157041936 0.13429668545722961 1381
1585157076386 0.14714884757995605 1382
1585157109440 0.1466151922941208 1383
1585157142624 0.14382097125053406 1384
1585157175700 0.13919200003147125 1385
1585157209305 0.14835214614868164 1386
1585157242218 0.14200113713741302 1387
1585157275718 0.1399850845336914 1388
1585157309078 0.1398320496082306 1389
1585157343056 0.14094768464565277 1390
1585157376427 0.1473415642976761 1391
1585157409546 0.14865097403526306 1392
1585157442763 0.14495444297790527 1393
1585157476949 0.1465449184179306 1394
1585157510128 0.15058383345603943 1395
1585157543927 0.14747042953968048 1396
1585157577112 0.14941225945949554 1397
1585157611136 0.15865591168403625 1398
1585157644428 0.15232230722904205 1399
1585157677553 0.15577244758605957 1400
1585157710826 0.1474655121564865 1401
1585157744017 0.16314364969730377 1402
1585157778165 0.16006167232990265 1403
1585157811903 0.15829497575759888 1404
1585157845569 0.1577504426240921 1405
1585157878866 0.15556588768959045 1406
1585157912139 0.16125616431236267 1407
1585157945239 0.1616598665714264 1408
1585157978329 0.16099604964256287 1409
1585158013153 0.16209527850151062 1410
1585158046216 0.1554543375968933 1411
1585158080403 0.16503283381462097 1412
1585158113715 0.16846367716789246 1413
1585158147092 0.16704730689525604 1414
1585158179956 0.16745060682296753 1415
1585158213011 0.17225578427314758 1416
1585158246033 0.16564860939979553 1417
1585158280151 0.17178963124752045 1418
1585158313167 0.1585165113210678 1419
1585158346489 0.1577410101890564 1420
1585158379829 0.16920621693134308 1421
1585158413114 0.17107653617858887 1422
1585158445592 0.15557628870010376 1423
1585158477255 0.15804976224899292 1424
1585158508962 0.1668817698955536 1425
1585158540959 0.1606069803237915 1426
1585158573945 0.15521074831485748 1427
1585158605666 0.17179636657238007 1428
1585158637443 0.1633559912443161 1429
1585158669971 0.16099581122398376 1430
1585158702186 0.16297034919261932 1431
1585158736033 0.16121043264865875 1432
1585158769450 0.16253966093063354 1433
1585158802929 0.16005700826644897 1434
1585158837161 0.15555140376091003 1435
1585158870082 0.16045674681663513 1436
1585158902984 0.17329099774360657 1437
1585158936581 0.16732576489448547 1438
1585158970073 0.15581272542476654 1439
1585159003140 0.15038615465164185 1440
1585159036526 0.15488696098327637 1441
1585159069896 0.16018083691596985 1442
1585159103213 0.16112051904201508 1443
1585159136177 0.1535615772008896 1444
1585159169387 0.15808957815170288 1445
1585159202731 0.15695568919181824 1446
1585159235877 0.16189207136631012 1447
1585159269325 0.15510588884353638 1448
1585159302437 0.15378284454345703 1449
1585159335961 0.16178320348262787 1450
1585159368895 0.16794738173484802 1451
1585159402176 0.16853328049182892 1452
1585159435248 0.16360211372375488 1453
1585159468896 0.1545095145702362 1454
1585159501929 0.16455253958702087 1455
1585159535422 0.16797931492328644 1456
1585159568497 0.1616988182067871 1457
1585159601524 0.1631847321987152 1458
1585159635125 0.14893735945224762 1459
1585159668237 0.16149961948394775 1460
1585159701329 0.14951489865779877 1461
1585159734616 0.1569216549396515 1462
1585159768058 0.15511947870254517 1463
1585159801632 0.15449823439121246 1464
1585159834888 0.14990970492362976 1465
1585159867933 0.15720097720623016 1466
1585159901320 0.1529037058353424 1467
1585159934594 0.14484542608261108 1468
1585159967392 0.15402811765670776 1469
1585160000658 0.14215399324893951 1470
1585160033629 0.14635853469371796 1471
1585160067066 0.14895236492156982 1472
1585160100213 0.13578206300735474 1473
1585160133562 0.15744683146476746 1474
1585160167035 0.15255294740200043 1475
1585160201153 0.14570315182209015 1476
1585160234124 0.14698073267936707 1477
1585160267372 0.13958103954792023 1478
1585160300572 0.13597121834754944 1479
1585160333562 0.14711429178714752 1480
1585160366911 0.14625568687915802 1481
1585160400277 0.14321450889110565 1482
1585160433557 0.15488813817501068 1483
1585160466777 0.13988955318927765 1484
1585160499768 0.14632906019687653 1485
1585160533257 0.1440277248620987 1486
1585160566330 0.14199310541152954 1487
1585160599209 0.14529909193515778 1488
1585160632653 0.14268992841243744 1489
1585160665731 0.13731923699378967 1490
1585160698816 0.14563366770744324 1491
1585160731879 0.1406490057706833 1492
1585160765339 0.14326339960098267 1493
1585160798437 0.14479438960552216 1494
1585160832027 0.15116070210933685 1495
1585160865562 0.1476609706878662 1496
1585160898985 0.1560765504837036 1497
1585160932328 0.14426632225513458 1498
1585160965864 0.17258068919181824 1499
1585160999427 0.14949259161949158 1500
