1585111691160 0.28348657488822937 0
1585111724432 0.6788505911827087 1
1585111757885 0.6796551942825317 2
1585111791239 0.5123371481895447 3
1585111825140 0.32356321811676025 4
1585111858648 0.6264367699623108 5
1585111892437 0.8050957918167114 6
1585111925739 0.7012643218040466 7
1585111959502 0.676436722278595 8
1585111992902 0.6812644004821777 9
1585112026405 0.6756321787834167 10
1585112060047 0.6860153079032898 11
1585112093417 0.7445976734161377 12
1585112127358 0.8435632586479187 13
1585112161599 0.827318012714386 14
1585112195008 0.8122604489326477 15
1585112228478 0.8004597425460815 16
1585112262604 0.8000383377075195 17
1585112296088 0.79478919506073 18
1585112329483 0.8086206912994385 19
1585112362863 0.8183141946792603 20
1585112396602 0.8311493992805481 21
1585112429813 0.8624521493911743 22
1585112463131 0.8646743893623352 23
1585112496258 0.8554789423942566 24
1585112530129 0.8319540023803711 25
1585112563402 0.8248658776283264 26
1585112596950 0.8133716583251953 27
1585112630810 0.8211494088172913 28
1585112664004 0.843869686126709 29
1585112697794 0.8620306849479675 30
1585112731299 0.8610343933105469 31
1585112766505 0.8662069439888 32
1585112800260 0.8630650639533997 33
1585112833773 0.8668965101242065 34
1585112867672 0.8557854890823364 35
1585112902254 0.8491188287734985 36
1585112935787 0.8465900421142578 37
1585112969015 0.8595402836799622 38
1585113002559 0.8707278966903687 39
1585113035889 0.8685057759284973 40
1585113069564 0.8786207437515259 41
1585113102844 0.8901150226593018 42
1585113136229 0.8781992197036743 43
1585113169849 0.8983141779899597 44
1585113203581 0.8789271712303162 45
1585113237436 0.8905364274978638 46
1585113271421 0.8791187405586243 47
1585113305592 0.9004213809967041 48
1585113339020 0.8906129002571106 49
1585113372487 0.8881992101669312 50
1585113405821 0.9010345935821533 51
1585113438948 0.8760919570922852 52
1585113472287 0.8977011442184448 53
1585113506031 0.8899233341217041 54
1585113539354 0.884061336517334 55
1585113572524 0.8881992101669312 56
1585113606166 0.8940613269805908 57
1585113639537 0.9034483432769775 58
1585113673009 0.8999233245849609 59
1585113706668 0.910612940788269 60
1585113740051 0.9142528176307678 61
1585113773931 0.9072796702384949 62
1585113807158 0.8988121747970581 63
1585113841205 0.9212259650230408 64
1585113874995 0.9110344648361206 65
1585113908503 0.9145593643188477 66
1585113942253 0.9118390679359436 67
1585113975712 0.9099233746528625 68
1585114009840 0.9134482145309448 69
1585114043947 0.9062834978103638 70
1585114077159 0.9129502177238464 71
1585114110527 0.9059770703315735 72
1585114144003 0.9068964719772339 73
1585114177517 0.9159769415855408 74
1585114211144 0.9063984751701355 75
1585114244999 0.9204214215278625 76
1585114278452 0.9215325117111206 77
1585114312007 0.9172796607017517 78
1585114345577 0.9124521613121033 79
1585114379212 0.9201149344444275 80
1585114413139 0.9175094962120056 81
1585114447243 0.9093103408813477 82
1585114481267 0.8916857838630676 83
1585114514517 0.9262835383415222 84
1585114547814 0.9145593643188477 85
1585114581667 0.9272797107696533 86
1585114614948 0.9226436614990234 87
1585114648718 0.9223372340202332 88
1585114682429 0.9243677854537964 89
1585114715867 0.9193102717399597 90
1585114749296 0.9253639578819275 91
1585114783753 0.9229502081871033 92
1585114817150 0.9301148653030396 93
1585114850945 0.9269731640815735 94
1585114884416 0.9277011156082153 95
1585114917647 0.9304214119911194 96
1585114951103 0.938390851020813 97
1585114984675 0.9207279682159424 98
1585115018875 0.9264751076698303 99
1585115052027 0.9325287342071533 100
1585115085288 0.9283908009529114 101
1585115118848 0.9309195280075073 102
1585115152872 0.9345592856407166 103
1585115186494 0.9223371148109436 104
1585115220208 0.9277011156082153 105
1585115256559 0.9275861382484436 106
1585115289982 0.9229502081871033 107
1585115323321 0.9323371052742004 108
1585115356791 0.9301148653030396 109
1585115390424 0.9356704354286194 110
1585115424201 0.9340613484382629 111
1585115457894 0.9332566857337952 112
1585115491460 0.9237548112869263 113
1585115524838 0.942337155342102 114
1585115558426 0.9320306777954102 115
1585115592125 0.9264749884605408 116
1585115625761 0.9356704354286194 117
1585115659461 0.9207279682159424 118
1585115693000 0.9329501390457153 119
1585115726421 0.937892735004425 120
1585115759672 0.938390851020813 121
1585115792992 0.9218390583992004 122
1585115826155 0.9353640079498291 123
1585115859453 0.9359769821166992 124
1585115892879 0.92708820104599 125
1585115926421 0.9425287246704102 126
1585115959879 0.9356704354286194 127
1585115994780 0.9318389892578125 128
1585116029600 0.9437547326087952 129
1585116063591 0.9264751076698303 130
1585116097640 0.9186206459999084 131
1585116131101 0.9335631132125854 132
1585116164819 0.920344889163971 133
1585116197985 0.9281991124153137 134
1585116231873 0.9383907318115234 135
1585116265169 0.9315325617790222 136
1585116299135 0.9281992316246033 137
1585116332679 0.933946430683136 138
1585116366510 0.937892735004425 139
1585116399694 0.9353640079498291 140
1585116432887 0.9401148557662964 141
1585116466674 0.943639874458313 142
1585116500045 0.9309194684028625 143
1585116533483 0.9390037655830383 144
1585116567477 0.9404214024543762 145
1585116600850 0.9395018815994263 146
1585116634595 0.9383907318115234 147
1585116669375 0.934367835521698 148
1585116702727 0.925095796585083 149
1585116735994 0.9385057091712952 150
1585116769580 0.94283527135849 151
1585116803174 0.940306544303894 152
1585116836857 0.9429501295089722 153
1585116870443 0.943141758441925 154
1585116903881 0.9401148557662964 155
1585116937544 0.9334482550621033 156
1585116971186 0.9367815852165222 157
1585117004578 0.9495018720626831 158
1585117039091 0.9353638887405396 159
1585117072359 0.9450574517250061 160
1585117106023 0.9420306086540222 161
1585117139470 0.9509194493293762 162
1585117172776 0.9453638792037964 163
1585117206094 0.9386972784996033 164
1585117239666 0.9483908414840698 165
1585117272865 0.944061279296875 166
1585117306418 0.9478926062583923 167
1585117339831 0.9456704258918762 168
1585117373649 0.946781575679779 169
1585117407038 0.9453639984130859 170
1585117441458 0.9498083591461182 171
1585117477024 0.9428351521492004 172
1585117510665 0.948505699634552 173
1585117544137 0.9464750289916992 174
1585117577710 0.9439463019371033 175
1585117611360 0.9517240524291992 176
1585117644735 0.9398084282875061 177
1585117677946 0.9435631632804871 178
1585117711706 0.9340612888336182 179
1585117744899 0.9450574517250061 180
1585117778457 0.9517240524291992 181
1585117811799 0.9523371458053589 182
1585117845388 0.9364750981330872 183
1585117878813 0.952030599117279 184
1585117912404 0.9420306086540222 185
1585117946690 0.952835202217102 186
1585117979807 0.9459770321846008 187
1585118013335 0.9490037560462952 188
1585118047284 0.9478926062583923 189
1585118080801 0.9393103122711182 190
1585118114139 0.9442528486251831 191
1585118147220 0.9506130218505859 192
1585118180942 0.9514176249504089 193
1585118214345 0.9544444680213928 194
1585118247989 0.9536398649215698 195
1585118281451 0.9461686015129089 196
1585118314981 0.9342528581619263 197
1585118348498 0.9399999976158142 198
1585118382160 0.949310302734375 199
1585118415548 0.9478926062583923 200
1585118448820 0.9542528986930847 201
1585118482602 0.9472796320915222 202
1585118515913 0.9512260556221008 203
1585118550024 0.9644444584846497 204
1585118583392 0.9417241215705872 205
1585118618145 0.9595019221305847 206
1585118651706 0.9498083591461182 207
1585118685397 0.9490037560462952 208
1585118718764 0.952835202217102 209
1585118752231 0.9534481763839722 210
1585118785563 0.9539463520050049 211
1585118820044 0.9514176249504089 212
1585118853485 0.9522221684455872 213
1585118886704 0.9386972784996033 214
1585118920359 0.9486973285675049 215
1585118953769 0.952643632888794 216
1585118987264 0.9509194493293762 217
1585119021060 0.948390781879425 218
1585119054516 0.9614176154136658 219
1585119088161 0.9429501295089722 220
1585119121556 0.9556704759597778 221
1585119155311 0.9564750790596008 222
1585119188948 0.9586971998214722 223
1585119223615 0.950114905834198 224
1585119257339 0.9470880627632141 225
1585119291080 0.9603064656257629 226
1585119324251 0.946590006351471 227
1585119358183 0.9434483051300049 228
1585119391699 0.9498083591461182 229
1585119425046 0.947586178779602 230
1585119458776 0.9506130218505859 231
1585119492153 0.942337155342102 232
1585119525557 0.9478926062583923 233
1585119559918 0.947586178779602 234
1585119594212 0.964252769947052 235
1585119627829 0.9534481763839722 236
1585119661487 0.9559769034385681 237
1585119694643 0.9581992030143738 238
1585119727941 0.9580843448638916 239
1585119761133 0.944865882396698 240
1585119795708 0.9569731950759888 241
1585119829061 0.9561685919761658 242
1585119862460 0.9572797417640686 243
1585119895685 0.9491953253746033 244
1585119929527 0.955363929271698 245
1585119964012 0.9647509455680847 246
1585119997201 0.9575861692428589 247
1585120031139 0.9628351926803589 248
1585120064387 0.9498083591461182 249
1585120098028 0.9614176154136658 250
1585120131115 0.9556704759597778 251
1585120164478 0.9490037560462952 252
1585120199128 0.9559769034385681 253
1585120232458 0.964252769947052 254
1585120266195 0.9595019221305847 255
1585120299358 0.9517241716384888 256
1585120332651 0.9631417393684387 257
1585120366157 0.9410344362258911 258
1585120399747 0.953639805316925 259
1585120433175 0.9534481763839722 260
1585120466588 0.9547510147094727 261
1585120500216 0.9486973285675049 262
1585120534270 0.9569731950759888 263
1585120567929 0.9655556082725525 264
1585120601586 0.9601148962974548 265
1585120634715 0.9620306491851807 266
1585120670035 0.9620306491851807 267
1585120703293 0.959003746509552 268
1585120736801 0.9550574421882629 269
1585120770653 0.9586971998214722 270
1585120803913 0.9633333683013916 271
1585120838022 0.945785403251648 272
1585120871694 0.9661685228347778 273
1585120905333 0.9644443988800049 274
1585120939070 0.957279622554779 275
1585120973405 0.9569731950759888 276
1585121006896 0.9585057497024536 277
1585121040251 0.9556704759597778 278
1585121073895 0.9628351926803589 279
1585121107551 0.9591953754425049 280
1585121141284 0.9617241024971008 281
1585121174984 0.957088053226471 282
1585121208513 0.9586973190307617 283
1585121243471 0.960612952709198 284
1585121277090 0.9593103528022766 285
1585121310660 0.955363929271698 286
1585121344475 0.959808349609375 287
1585121377957 0.9507279992103577 288
1585121411627 0.9625287652015686 289
1585121445112 0.9658620953559875 290
1585121478725 0.9559769034385681 291
1585121512195 0.9525287747383118 292
1585121545891 0.9577777981758118 293
1585121579532 0.964252769947052 294
1585121613295 0.9658620953559875 295
1585121647029 0.9517241716384888 296
1585121680356 0.9720306396484375 297
1585121713772 0.9586973190307617 298
1585121747657 0.9556703567504883 299
1585121780813 0.9680842161178589 300
1585121814542 0.962337076663971 301
1585121847853 0.9512260556221008 302
1585121881511 0.9572797417640686 303
1585121915353 0.9583907723426819 304
1585121949502 0.962528645992279 305
1585121982879 0.9636397957801819 306
1585122016085 0.9680842161178589 307
1585122049218 0.9547508955001831 308
1585122082872 0.9581992030143738 309
1585122116795 0.9581992030143738 310
1585122150206 0.9595019221305847 311
1585122184001 0.9604214429855347 312
1585122217442 0.959808349609375 313
1585122250828 0.9669731855392456 314
1585122283872 0.964252769947052 315
1585122317335 0.9714176654815674 316
1585122351018 0.967586100101471 317
1585122384592 0.9620306491851807 318
1585122419228 0.955363929271698 319
1585122453341 0.9658620953559875 320
1585122486798 0.963141679763794 321
1585122520546 0.9628351926803589 322
1585122553962 0.9580843448638916 323
1585122587044 0.9669731855392456 324
1585122621925 0.9628351926803589 325
1585122655306 0.9672796726226807 326
1585122689238 0.959003746509552 327
1585122722872 0.9669731259346008 328
1585122756401 0.9620306491851807 329
1585122789931 0.969501793384552 330
1585122824891 0.9672796726226807 331
1585122858058 0.9633333683013916 332
1585122891384 0.9658620953559875 333
1585122924833 0.9672796726226807 334
1585122958307 0.969501793384552 335
1585122992196 0.9481991529464722 336
1585123026126 0.964252769947052 337
1585123060069 0.9577010273933411 338
1585123093806 0.9612260460853577 339
1585123127464 0.9547508955001831 340
1585123160949 0.9531417489051819 341
1585123194614 0.9655554890632629 342
1585123229270 0.9614176154136658 343
1585123263045 0.9601148962974548 344
1585123296664 0.9636397957801819 345
1585123329961 0.9423754811286926 346
1585123364026 0.963141679763794 347
1585123397529 0.9636397957801819 348
1585123430888 0.957279622554779 349
1585123464348 0.9634482264518738 350
1585123498000 0.9722222089767456 351
1585123531309 0.969501793384552 352
1585123564688 0.9672796726226807 353
1585123598282 0.9661685228347778 354
1585123631766 0.962528645992279 355
1585123666067 0.9706129431724548 356
1585123699970 0.9714175462722778 357
1585123734064 0.972030520439148 358
1585123767860 0.9747509360313416 359
1585123801414 0.969501793384552 360
1585123835045 0.9650574922561646 361
1585123868118 0.9699999690055847 362
1585123901271 0.9717240929603577 363
1585123934476 0.9672796726226807 364
1585123967734 0.959808349609375 365
1585124002213 0.9623371958732605 366
1585124036133 0.9736397862434387 367
1585124070388 0.9631417393684387 368
1585124104162 0.9699999690055847 369
1585124138909 0.9595019221305847 370
1585124172291 0.9736397862434387 371
1585124205927 0.9559769034385681 372
1585124240261 0.9755555391311646 373
1585124273903 0.9725286960601807 374
1585124307477 0.970306396484375 375
1585124341188 0.9711111187934875 376
1585124375847 0.9609194993972778 377
1585124409356 0.962337076663971 378
1585124442377 0.9691953659057617 379
1585124475645 0.9669731855392456 380
1585124508281 0.967586100101471 381
1585124540877 0.9728352427482605 382
1585124573374 0.9672796726226807 383
1585124605817 0.9736397862434387 384
1585124638084 0.9650574922561646 385
1585124670456 0.9728352427482605 386
1585124703008 0.9661685228347778 387
1585124736724 0.9758619666099548 388
1585124769158 0.9725286960601807 389
1585124802755 0.9612259268760681 390
1585124836157 0.9691953659057617 391
1585124868898 0.9699999690055847 392
1585124901307 0.9666665196418762 393
1585124933608 0.9725286960601807 394
1585124966101 0.9717240929603577 395
1585124998975 0.9747509360313416 396
1585125031445 0.9731417894363403 397
1585125064082 0.9606130719184875 398
1585125096698 0.9647509455680847 399
1585125129510 0.9733333587646484 400
1585125162333 0.9625287652015686 401
1585125194757 0.9610344767570496 402
1585125227127 0.9672796726226807 403
1585125259490 0.9725286960601807 404
1585125292244 0.970306396484375 405
1585125324876 0.9620306491851807 406
1585125357955 0.9644444584846497 407
1585125390537 0.9583907723426819 408
1585125423061 0.9678926467895508 409
1585125455707 0.9714175462722778 410
1585125488316 0.9658620953559875 411
1585125520707 0.9769731163978577 412
1585125553130 0.9593103528022766 413
1585125585667 0.9742528200149536 414
1585125618346 0.9637547731399536 415
1585125650792 0.9653639197349548 416
1585125683155 0.9664750695228577 417
1585125716936 0.9709194898605347 418
1585125749516 0.9561685919761658 419
1585125782077 0.9698083996772766 420
1585125814516 0.9711111187934875 421
1585125847076 0.9711111187934875 422
1585125879777 0.9672796726226807 423
1585125912219 0.9575861692428589 424
1585125945878 0.9556704759597778 425
1585125978488 0.9581992030143738 426
1585126011056 0.9512260556221008 427
1585126043847 0.9534481763839722 428
1585126076480 0.9614174962043762 429
1585126108980 0.9593103528022766 430
1585126141504 0.9507278800010681 431
1585126174300 0.9506130218505859 432
1585126206755 0.9512260556221008 433
1585126239366 0.9564750790596008 434
1585126271745 0.9499999284744263 435
1585126304353 0.9512260556221008 436
1585126336636 0.9409194588661194 437
1585126369062 0.9398084282875061 438
1585126401828 0.9486973285675049 439
1585126434201 0.9450574517250061 440
1585126466724 0.9367815852165222 441
1585126499214 0.9445593357086182 442
1585126531904 0.9442528486251831 443
1585126564486 0.9417241215705872 444
1585126597040 0.942337155342102 445
1585126629564 0.9424521327018738 446
1585126662143 0.9417241215705872 447
1585126695351 0.9365900158882141 448
1585126727569 0.9410345554351807 449
1585126759921 0.9293102622032166 450
1585126792493 0.9490037560462952 451
1585126824913 0.9491954445838928 452
1585126857447 0.9512260556221008 453
1585126889962 0.9503064751625061 454
1585126922449 0.9531417489051819 455
1585126955023 0.9438697099685669 456
1585126987570 0.9512260556221008 457
1585127019969 0.9437547326087952 458
1585127052414 0.9464750289916992 459
1585127084804 0.9506130218505859 460
1585127117405 0.9531417489051819 461
1585127149956 0.9478926062583923 462
1585127182384 0.9547508955001831 463
1585127214727 0.9496168494224548 464
1585127247427 0.951839029788971 465
1585127280395 0.9595018029212952 466
1585127313453 0.9583907723426819 467
1585127346386 0.9509194493293762 468
1585127379084 0.9462834596633911 469
1585127411627 0.9462834596633911 470
1585127444060 0.9555554986000061 471
1585127476380 0.9558620452880859 472
1585127508906 0.9458620548248291 473
1585127541508 0.9453639984130859 474
1585127573864 0.941532552242279 475
1585127606164 0.9525287747383118 476
1585127638734 0.9429501295089722 477
1585127671843 0.9418390393257141 478
1585127704503 0.9451723098754883 479
1585127737067 0.9434481859207153 480
1585127769897 0.9449807405471802 481
1585127802370 0.9390038251876831 482
1585127834815 0.9486973285675049 483
1585127867539 0.9309577941894531 484
1585127900144 0.9425287246704102 485
1585127932583 0.9458620548248291 486
1585127965277 0.9447509050369263 487
1585127998021 0.9525286555290222 488
1585128030523 0.946781575679779 489
1585128063010 0.952030599117279 490
1585128095548 0.9569731950759888 491
1585128128199 0.9483908414840698 492
1585128161032 0.946781575679779 493
1585128193620 0.9528353214263916 494
1585128226178 0.942337155342102 495
1585128260196 0.950114905834198 496
1585128293236 0.9531417489051819 497
1585128325597 0.9496168494224548 498
1585128357949 0.9478927254676819 499
1585128390694 0.9420306086540222 500
1585128423327 0.952030599117279 501
1585128455761 0.9417240619659424 502
1585128488627 0.9495018720626831 503
1585128520942 0.9491954445838928 504
1585128553548 0.9461686015129089 505
1585128586172 0.947586178779602 506
1585128619397 0.9461686015129089 507
1585128651864 0.9426437020301819 508
1585128684446 0.9459769129753113 509
1585128718134 0.9417240619659424 510
1585128750509 0.9447510242462158 511
1585128783082 0.9464750289916992 512
1585128815546 0.9390038251876831 513
1585128848464 0.9393103122711182 514
1585128880823 0.9386972784996033 515
1585128913516 0.9372029900550842 516
1585128946093 0.9395018815994263 517
1585128979973 0.9409195780754089 518
1585129012820 0.9445593357086182 519
1585129045528 0.947586178779602 520
1585129077901 0.9478927254676819 521
1585129110255 0.931034505367279 522
1585129142809 0.9456704258918762 523
1585129175395 0.9478927254676819 524
1585129208156 0.9470881223678589 525
1585129241204 0.953639805316925 526
1585129273416 0.9469731450080872 527
1585129306014 0.947586178779602 528
1585129338502 0.9539463520050049 529
1585129370929 0.9495018720626831 530
1585129403239 0.9473946690559387 531
1585129435683 0.9372797012329102 532
1585129467845 0.9464751482009888 533
1585129500180 0.943141758441925 534
1585129532336 0.9517240524291992 535
1585129565049 0.952835202217102 536
1585129597414 0.9522221684455872 537
1585129630152 0.9490037560462952 538
1585129662576 0.953639805316925 539
1585129695336 0.9495018720626831 540
1585129727882 0.9369731545448303 541
1585129760376 0.948390781879425 542
1585129793552 0.9504214525222778 543
1585129826289 0.9449807405471802 544
1585129858956 0.9478927254676819 545
1585129891500 0.9509194493293762 546
1585129924848 0.955363929271698 547
1585129957844 0.9531417489051819 548
1585129990414 0.9417240619659424 549
1585130022888 0.9569731950759888 550
1585130055385 0.94808429479599 551
1585130087827 0.9525287747383118 552
1585130120619 0.9523370862007141 553
1585130153124 0.9498083591461182 554
1585130185910 0.952835202217102 555
1585130218211 0.9454788565635681 556
1585130250858 0.9464750289916992 557
1585130283369 0.9401148557662964 558
1585130315754 0.9472796320915222 559
1585130347998 0.944444477558136 560
1585130380836 0.9486973285675049 561
1585130413620 0.9434481859207153 562
1585130446230 0.9495018720626831 563
1585130478629 0.9462834596633911 564
1585130511091 0.9420306086540222 565
1585130543545 0.9459769129753113 566
1585130576418 0.946781575679779 567
1585130608831 0.9286206364631653 568
1585130641472 0.946781575679779 569
1585130674036 0.9420306086540222 570
1585130706564 0.9580843448638916 571
1585130740140 0.9409194588661194 572
1585130772992 0.944865882396698 573
1585130806592 0.9531417489051819 574
1585130839824 0.9531417489051819 575
1585130872236 0.9531417489051819 576
1585130904748 0.9495018720626831 577
1585130937169 0.9531417489051819 578
1585130969798 0.9517240524291992 579
1585131002999 0.9443678259849548 580
1585131035380 0.9426437020301819 581
1585131067735 0.938812255859375 582
1585131100683 0.9461686015129089 583
1585131133178 0.952030599117279 584
1585131165623 0.9523370862007141 585
1585131198146 0.9450574517250061 586
1585131230762 0.9486973285675049 587
1585131263295 0.9480841755867004 588
1585131295974 0.9506130218505859 589
1585131328750 0.94808429479599 590
1585131361322 0.9453639984130859 591
1585131394028 0.9388121366500854 592
1585131426949 0.9335631132125854 593
1585131459907 0.9525287747383118 594
1585131492886 0.9393103122711182 595
1585131525468 0.942337155342102 596
1585131558096 0.9398084282875061 597
1585131590593 0.9388121366500854 598
1585131622951 0.9567816257476807 599
1585131655221 0.952835202217102 600
1585131688080 0.942145586013794 601
1585131720555 0.9503064751625061 602
1585131752978 0.9361685514450073 603
1585131785458 0.9472796320915222 604
1585131817995 0.9550574421882629 605
1585131850783 0.9341761469841003 606
1585131883380 0.9525287747383118 607
1585131915862 0.9437547326087952 608
1585131949312 0.957279622554779 609
1585131982360 0.9420306086540222 610
1585132015097 0.9451724290847778 611
1585132047795 0.9536398649215698 612
1585132080690 0.953639805316925 613
1585132113236 0.943256676197052 614
1585132145561 0.9499999284744263 615
1585132178306 0.948390781879425 616
1585132211308 0.9401148557662964 617
1585132244278 0.9481991529464722 618
1585132276730 0.9490037560462952 619
1585132309326 0.9514176249504089 620
1585132342059 0.94808429479599 621
1585132374859 0.952835202217102 622
1585132407467 0.9356705546379089 623
1585132441325 0.946781575679779 624
1585132473611 0.948390781879425 625
1585132506545 0.94808429479599 626
1585132538820 0.9506130218505859 627
1585132571884 0.9522221684455872 628
1585132604560 0.9495018720626831 629
1585132637625 0.9401148557662964 630
1585132670753 0.9453639984130859 631
1585132703458 0.9461686015129089 632
1585132736236 0.9488121867179871 633
1585132768784 0.9445593357086182 634
1585132802537 0.947586178779602 635
1585132835069 0.9353640079498291 636
1585132867870 0.9381991624832153 637
1585132900891 0.948505699634552 638
1585132933201 0.9517240524291992 639
1585132966162 0.9412260055541992 640
1585132998799 0.9458620548248291 641
1585133031766 0.9461686015129089 642
1585133064909 0.9451723098754883 643
1585133098058 0.942337155342102 644
1585133130738 0.9385057091712952 645
1585133163261 0.9472796320915222 646
1585133195818 0.941532552242279 647
1585133228462 0.94808429479599 648
1585133260892 0.9404214024543762 649
1585133293336 0.9472796320915222 650
1585133326023 0.948888897895813 651
1585133359540 0.9495018720626831 652
1585133392248 0.9356704354286194 653
1585133424947 0.9353640079498291 654
1585133457616 0.9335631132125854 655
1585133490282 0.9404214024543762 656
1585133523048 0.9447510242462158 657
1585133555666 0.945555567741394 658
1585133588263 0.9437547326087952 659
1585133621066 0.9312260746955872 660
1585133653817 0.9404214024543762 661
1585133686397 0.9495018720626831 662
1585133719348 0.9434481859207153 663
1585133751840 0.948390781879425 664
1585133784569 0.952030599117279 665
1585133816962 0.9481991529464722 666
1585133849742 0.9506130218505859 667
1585133883193 0.94808429479599 668
1585133915759 0.9434481859207153 669
1585133948560 0.9542528986930847 670
1585133981146 0.952030599117279 671
1585134013919 0.9556704759597778 672
1585134046559 0.952835202217102 673
1585134079366 0.9498084187507629 674
1585134111758 0.9503064751625061 675
1585134144300 0.9511110782623291 676
1585134177154 0.9453639984130859 677
1585134210882 0.9437547326087952 678
1585134243686 0.9531417489051819 679
1585134277262 0.9461686015129089 680
1585134309762 0.9414175748825073 681
1585134342740 0.941532552242279 682
1585134375523 0.9372797012329102 683
1585134408002 0.9453639984130859 684
1585134440602 0.939616858959198 685
1585134473288 0.944865882396698 686
1585134505907 0.9404214024543762 687
1585134538779 0.9409194588661194 688
1585134572560 0.948390781879425 689
1585134605200 0.9483908414840698 690
1585134637869 0.9464750289916992 691
1585134670378 0.9486973285675049 692
1585134702957 0.9404214024543762 693
1585134735667 0.9310343861579895 694
1585134768246 0.94283527135849 695
1585134800826 0.9412260055541992 696
1585134833633 0.9480841755867004 697
1585134866190 0.936283528804779 698
1585134898872 0.942337155342102 699
1585134931345 0.9491954445838928 700
1585134963909 0.9472797513008118 701
1585134997416 0.9486973285675049 702
1585135029766 0.9450574517250061 703
1585135062569 0.9504214525222778 704
1585135096236 0.9496168494224548 705
1585135128629 0.9334482550621033 706
1585135161602 0.9491954445838928 707
1585135195341 0.9491954445838928 708
1585135228271 0.9404214024543762 709
1585135260726 0.9446743130683899 710
1585135293543 0.9364750385284424 711
1585135326244 0.9499999284744263 712
1585135358920 0.935593843460083 713
1585135392567 0.9536398649215698 714
1585135425843 0.958084225654602 715
1585135458275 0.9583907723426819 716
1585135490700 0.9548657536506653 717
1585135523279 0.9617241024971008 718
1585135556033 0.946781575679779 719
1585135589503 0.955363929271698 720
1585135623110 0.9542527794837952 721
1585135656323 0.9498083591461182 722
1585135688868 0.9517241716384888 723
1585135721459 0.952835202217102 724
1585135754127 0.9417240619659424 725
1585135786817 0.946781575679779 726
1585135819468 0.943141758441925 727
1585135852103 0.944865882396698 728
1585135884730 0.9506130218505859 729
1585135917229 0.9420306086540222 730
1585135949671 0.9515324831008911 731
1585135982311 0.938007652759552 732
1585136015077 0.9428351521492004 733
1585136047672 0.9383907318115234 734
1585136080412 0.947586178779602 735
1585136112799 0.9359771013259888 736
1585136145479 0.9477778673171997 737
1585136178460 0.9442527890205383 738
1585136211247 0.9453639984130859 739
1585136243936 0.941532552242279 740
1585136276687 0.9420306086540222 741
1585136309475 0.9503064751625061 742
1585136342833 0.943639874458313 743
1585136376120 0.9404214024543762 744
1585136408922 0.9509194493293762 745
1585136441197 0.9442528486251831 746
1585136473324 0.9351723790168762 747
1585136506043 0.958888828754425 748
1585136538604 0.9461686015129089 749
1585136571021 0.9420306086540222 750
1585136603715 0.9420306086540222 751
1585136636873 0.9503064751625061 752
1585136669981 0.9469731450080872 753
1585136702847 0.9490037560462952 754
1585136736391 0.9498083591461182 755
1585136768984 0.9386972784996033 756
1585136801702 0.943141758441925 757
1585136834630 0.9464750289916992 758
1585136867179 0.952835202217102 759
1585136899544 0.9499999284744263 760
1585136932034 0.9495018720626831 761
1585136964807 0.952835202217102 762
1585136997560 0.9503064751625061 763
1585137030809 0.949310302734375 764
1585137063335 0.9447510242462158 765
1585137095840 0.9523370862007141 766
1585137128642 0.9486973285675049 767
1585137161486 0.952030599117279 768
1585137194112 0.955363929271698 769
1585137226741 0.9451724290847778 770
1585137259253 0.9453639984130859 771
1585137291939 0.9453638792037964 772
1585137324515 0.9390037655830383 773
1585137357195 0.9414175748825073 774
1585137390213 0.9429501295089722 775
1585137422643 0.9442527890205383 776
1585137455264 0.9442527890205383 777
1585137488196 0.9509194493293762 778
1585137520908 0.9534481763839722 779
1585137553438 0.9486972093582153 780
1585137585850 0.9503064751625061 781
1585137618521 0.9450574517250061 782
1585137651627 0.942337155342102 783
1585137684382 0.9451724290847778 784
1585137717228 0.9445593357086182 785
1585137749751 0.948888897895813 786
1585137782435 0.950114905834198 787
1585137815155 0.948505699634552 788
1585137847668 0.9495018720626831 789
1585137880306 0.9478927254676819 790
1585137913145 0.94808429479599 791
1585137946279 0.9470880627632141 792
1585137978884 0.9506130218505859 793
1585138011511 0.9442528486251831 794
1585138043973 0.9429501295089722 795
1585138076400 0.9486973285675049 796
1585138109635 0.9480841755867004 797
1585138142201 0.9378926157951355 798
1585138174731 0.9417241215705872 799
1585138207278 0.9495018720626831 800
1585138239686 0.942145586013794 801
1585138272190 0.9426435828208923 802
1585138304850 0.9456704258918762 803
1585138337663 0.9503064751625061 804
1585138369793 0.9478927254676819 805
1585138402482 0.9480841755867004 806
1585138435240 0.9459770321846008 807
1585138467754 0.9458620548248291 808
1585138500325 0.9558620452880859 809
1585138533310 0.9388888478279114 810
1585138566100 0.9491953253746033 811
1585138598630 0.9420306086540222 812
1585138631423 0.9536398649215698 813
1585138664267 0.9509194493293762 814
1585138696592 0.948390781879425 815
1585138729222 0.9506130218505859 816
1585138762107 0.9542527794837952 817
1585138795211 0.9439463019371033 818
1585138827678 0.9462835788726807 819
1585138860474 0.9522221684455872 820
1585138893138 0.9490037560462952 821
1585138926032 0.948390781879425 822
1585138958652 0.9469731450080872 823
1585138991453 0.9499999284744263 824
1585139024141 0.9426437020301819 825
1585139056819 0.943639874458313 826
1585139089440 0.9477011561393738 827
1585139122004 0.9472797513008118 828
1585139154916 0.942337155342102 829
1585139187357 0.9434481859207153 830
1585139220119 0.9490037560462952 831
1585139252768 0.9448657631874084 832
1585139285469 0.9490037560462952 833
1585139317985 0.9447509050369263 834
1585139350637 0.939616858959198 835
1585139383186 0.9373946785926819 836
1585139417216 0.9442528486251831 837
1585139449634 0.9472797513008118 838
1585139482356 0.9514176249504089 839
1585139515189 0.9495018720626831 840
1585139548024 0.9495018720626831 841
1585139580953 0.9490038752555847 842
1585139613644 0.9488887786865234 843
1585139646291 0.944444477558136 844
1585139680083 0.9470880627632141 845
1585139712527 0.9511110782623291 846
1585139745091 0.9455555081367493 847
1585139777814 0.9469731450080872 848
1585139810451 0.9544444680213928 849
1585139843146 0.940306544303894 850
1585139875729 0.947586178779602 851
1585139908845 0.948505699634552 852
1585139941313 0.9417241215705872 853
1585139973915 0.9509194493293762 854
1585140006304 0.9550573825836182 855
1585140038671 0.9434481859207153 856
1585140070978 0.952030599117279 857
1585140104839 0.938812255859375 858
1585140137253 0.9450574517250061 859
1585140169754 0.9490037560462952 860
1585140202251 0.9477777481079102 861
1585140235096 0.944865882396698 862
1585140267781 0.9525287747383118 863
1585140300246 0.9381991624832153 864
1585140333110 0.952030599117279 865
1585140365677 0.944865882396698 866
1585140398649 0.9469731450080872 867
1585140431236 0.9517241716384888 868
1585140464096 0.945555567741394 869
1585140496807 0.9470880627632141 870
1585140529342 0.9558620452880859 871
1585140561776 0.9491954445838928 872
1585140594380 0.9509194493293762 873
1585140627379 0.9509194493293762 874
1585140660473 0.9459769129753113 875
1585140693056 0.9517241716384888 876
1585140725561 0.9512260556221008 877
1585140758196 0.9491954445838928 878
1585140791113 0.9529501795768738 879
1585140823928 0.957279622554779 880
1585140859334 0.953639805316925 881
1585140892150 0.9542527794837952 882
1585140925105 0.955363929271698 883
1585140958013 0.9453638792037964 884
1585140990964 0.9453639984130859 885
1585141023711 0.952030599117279 886
1585141056347 0.9525287747383118 887
1585141088566 0.9464750289916992 888
1585141121700 0.941532552242279 889
1585141154419 0.9453638792037964 890
1585141186868 0.94808429479599 891
1585141219377 0.952835202217102 892
1585141252316 0.9370880126953125 893
1585141284829 0.9356704354286194 894
1585141317453 0.9398084282875061 895
1585141350045 0.9390038251876831 896
1585141382737 0.947586178779602 897
1585141415111 0.944865882396698 898
1585141447637 0.9481991529464722 899
1585141480201 0.9566666483879089 900
1585141512502 0.9498084187507629 901
1585141544864 0.9491954445838928 902
1585141577201 0.9550574421882629 903
1585141609902 0.9509194493293762 904
1585141641857 0.9393103122711182 905
1585141673707 0.9464751482009888 906
1585141705727 0.9496168494224548 907
1585141737973 0.9377011060714722 908
1585141770015 0.9509194493293762 909
1585141801690 0.948390781879425 910
1585141833620 0.9486973285675049 911
1585141865588 0.9542527794837952 912
1585141897835 0.944061279296875 913
1585141929819 0.9469731450080872 914
1585141962016 0.9495018720626831 915
1585141993785 0.9531417489051819 916
1585142025769 0.9495018720626831 917
1585142057915 0.9525287747383118 918
1585142089807 0.9564750790596008 919
1585142121632 0.94283527135849 920
1585142153682 0.948390781879425 921
1585142185817 0.9506130218505859 922
1585142218018 0.94808429479599 923
1585142250068 0.9458620548248291 924
1585142282421 0.9445593357086182 925
1585142314609 0.9464750289916992 926
1585142346912 0.952030599117279 927
1585142379065 0.9539463520050049 928
1585142410809 0.9464750289916992 929
1585142442965 0.9539463520050049 930
1585142474953 0.9401148557662964 931
1585142507053 0.9506130218505859 932
1585142539181 0.9464750289916992 933
1585142570911 0.9490037560462952 934
1585142602980 0.9453638792037964 935
1585142635219 0.9531416296958923 936
1585142667278 0.9569731950759888 937
1585142699075 0.955363929271698 938
1585142731204 0.9445593357086182 939
1585142763451 0.9498084187507629 940
1585142796924 0.94808429479599 941
1585142828979 0.9531417489051819 942
1585142860995 0.9450574517250061 943
1585142893239 0.9429501295089722 944
1585142926295 0.952030599117279 945
1585142958665 0.9437548518180847 946
1585142990821 0.943256676197052 947
1585143022828 0.9517241716384888 948
1585143055071 0.9450574517250061 949
1585143086584 0.9359769821166992 950
1585143118878 0.9531417489051819 951
1585143151552 0.9445593357086182 952
1585143183657 0.9478926062583923 953
1585143215700 0.9517240524291992 954
1585143247815 0.9420306086540222 955
1585143279916 0.9453639984130859 956
1585143311694 0.9478926062583923 957
1585143343703 0.943141758441925 958
1585143375518 0.9450574517250061 959
1585143407672 0.9495018720626831 960
1585143439641 0.9456704258918762 961
1585143472638 0.9439463019371033 962
1585143504785 0.9491954445838928 963
1585143536784 0.9495018720626831 964
1585143569491 0.9404214024543762 965
1585143601428 0.9420306086540222 966
1585143633101 0.9523370862007141 967
1585143665594 0.9478926062583923 968
1585143697785 0.9531416296958923 969
1585143729595 0.9478927254676819 970
1585143761739 0.9536398649215698 971
1585143793562 0.9498084187507629 972
1585143825553 0.952835202217102 973
1585143857745 0.9534481763839722 974
1585143889578 0.9561684727668762 975
1585143921644 0.9477011561393738 976
1585143953818 0.952030599117279 977
1585143985836 0.950114905834198 978
1585144018092 0.9556704759597778 979
1585144050416 0.9486973285675049 980
1585144082409 0.952030599117279 981
1585144114573 0.9499999284744263 982
1585144146537 0.9517240524291992 983
1585144178546 0.9523370862007141 984
1585144210673 0.9509194493293762 985
1585144242512 0.9478926062583923 986
1585144274497 0.9467814564704895 987
1585144306752 0.9386972784996033 988
1585144338913 0.9478926062583923 989
1585144371094 0.9373945593833923 990
1585144402952 0.9480841755867004 991
1585144434880 0.9486973285675049 992
1585144466663 0.9491954445838928 993
1585144498713 0.9490037560462952 994
1585144530982 0.9393103122711182 995
1585144562832 0.952835202217102 996
1585144595042 0.94808429479599 997
1585144626789 0.9575861692428589 998
1585144659307 0.951034426689148 999
1585144691768 0.9550574421882629 1000
1585144723869 0.943141758441925 1001
1585144755695 0.9418390989303589 1002
1585144787747 0.9456704258918762 1003
1585144820220 0.9504214525222778 1004
1585144852235 0.948390781879425 1005
1585144884048 0.946781575679779 1006
1585144915781 0.950114905834198 1007
1585144947890 0.9410344362258911 1008
1585144980109 0.9453638792037964 1009
1585145012117 0.952835202217102 1010
1585145044141 0.9561685919761658 1011
1585145076406 0.9525287747383118 1012
1585145107953 0.952835202217102 1013
1585145140136 0.948390781879425 1014
1585145172465 0.9373945593833923 1015
1585145204871 0.9445593357086182 1016
1585145236680 0.9407280087471008 1017
1585145268866 0.9451724290847778 1018
1585145300847 0.9509194493293762 1019
1585145332827 0.9559770226478577 1020
1585145364855 0.9509194493293762 1021
1585145397039 0.9459769129753113 1022
1585145429088 0.952835202217102 1023
1585145461581 0.9418390393257141 1024
1585145493574 0.9377011060714722 1025
1585145526407 0.9512259364128113 1026
1585145558318 0.9462835788726807 1027
1585145590239 0.9429501295089722 1028
1585145622438 0.9503064751625061 1029
1585145654282 0.9558620452880859 1030
1585145686287 0.9464750289916992 1031
1585145718311 0.9523371458053589 1032
1585145750236 0.944865882396698 1033
1585145782438 0.952835202217102 1034
1585145814400 0.9464750289916992 1035
1585145846629 0.9459769129753113 1036
1585145878702 0.953754723072052 1037
1585145910704 0.9515326023101807 1038
1585145942522 0.947586178779602 1039
1585145974491 0.9547510147094727 1040
1585146006669 0.9498084187507629 1041
1585146038980 0.9547508955001831 1042
1585146070974 0.9556704759597778 1043
1585146103038 0.9550573825836182 1044
1585146134996 0.952835202217102 1045
1585146167381 0.954559326171875 1046
1585146199417 0.9498083591461182 1047
1585146231273 0.9534481763839722 1048
1585146263108 0.9453638792037964 1049
1585146295335 0.9402298331260681 1050
1585146327625 0.9491953253746033 1051
1585146359673 0.9531416296958923 1052
1585146391823 0.9586973190307617 1053
1585146423682 0.9595018029212952 1054
1585146455745 0.9542527794837952 1055
1585146487730 0.9517240524291992 1056
1585146520657 0.946781575679779 1057
1585146552902 0.950114905834198 1058
1585146585076 0.9517240524291992 1059
1585146617130 0.9486973285675049 1060
1585146649419 0.9414175748825073 1061
1585146681709 0.9491954445838928 1062
1585146713621 0.9558620452880859 1063
1585146746158 0.9556704759597778 1064
1585146778651 0.952643632888794 1065
1585146810679 0.9517241716384888 1066
1585146842875 0.945785403251648 1067
1585146874632 0.9572797417640686 1068
1585146907116 0.9509194493293762 1069
1585146938926 0.9509194493293762 1070
1585146970785 0.952030599117279 1071
1585147002820 0.9531416296958923 1072
1585147034520 0.9558620452880859 1073
1585147066693 0.9468965530395508 1074
1585147099604 0.9531417489051819 1075
1585147132324 0.9561684727668762 1076
1585147164691 0.9586973190307617 1077
1585147197804 0.9478927254676819 1078
1585147230420 0.9506130218505859 1079
1585147262740 0.9528353214263916 1080
1585147294912 0.952643632888794 1081
1585147327193 0.9446743130683899 1082
1585147359348 0.9464750289916992 1083
1585147391182 0.9539463520050049 1084
1585147423261 0.9591953754425049 1085
1585147457061 0.9447510242462158 1086
1585147489315 0.957279622554779 1087
1585147522447 0.9580843448638916 1088
1585147554556 0.9451724290847778 1089
1585147586327 0.9547508955001831 1090
1585147618459 0.9512260556221008 1091
1585147650337 0.9542528986930847 1092
1585147682612 0.9531417489051819 1093
1585147715064 0.9503064751625061 1094
1585147747379 0.952030599117279 1095
1585147779415 0.9509194493293762 1096
1585147811484 0.9490037560462952 1097
1585147843514 0.946781575679779 1098
1585147875486 0.9569730758666992 1099
1585147907452 0.9499999284744263 1100
1585147939360 0.950114905834198 1101
1585147971238 0.9481991529464722 1102
1585148003181 0.9486973285675049 1103
1585148035206 0.9486973285675049 1104
1585148067317 0.9512260556221008 1105
1585148099184 0.9442528486251831 1106
1585148131356 0.9490037560462952 1107
1585148164194 0.9531417489051819 1108
1585148196132 0.9504214525222778 1109
1585148228518 0.9558620452880859 1110
1585148260723 0.9429501295089722 1111
1585148292809 0.9514176249504089 1112
1585148324716 0.955363929271698 1113
1585148356938 0.9561685919761658 1114
1585148389473 0.9456704258918762 1115
1585148421502 0.952030599117279 1116
1585148453352 0.954559326171875 1117
1585148485093 0.9437548518180847 1118
1585148517181 0.948390781879425 1119
1585148549253 0.9531417489051819 1120
1585148581799 0.9517241716384888 1121
1585148615276 0.9522221684455872 1122
1585148647131 0.9540613293647766 1123
1585148679658 0.955363929271698 1124
1585148711807 0.9553640484809875 1125
1585148743726 0.9569730758666992 1126
1585148775954 0.952030599117279 1127
1585148808079 0.9509195685386658 1128
1585148841056 0.9517240524291992 1129
1585148872945 0.9566666483879089 1130
1585148904598 0.9550573825836182 1131
1585148936350 0.9504214525222778 1132
1585148968220 0.9434483051300049 1133
1585149000211 0.9451724290847778 1134
1585149032245 0.9483140110969543 1135
1585149064686 0.955363929271698 1136
1585149096766 0.9478927254676819 1137
1585149128949 0.9498083591461182 1138
1585149160955 0.9495018720626831 1139
1585149193012 0.9580843448638916 1140
1585149225154 0.9591953754425049 1141
1585149256973 0.952030599117279 1142
1585149289154 0.9544444680213928 1143
1585149321255 0.9558619260787964 1144
1585149353230 0.9446743130683899 1145
1585149385184 0.9490037560462952 1146
1585149417077 0.9536398649215698 1147
1585149448903 0.9525287747383118 1148
1585149481212 0.9512260556221008 1149
1585149513168 0.952030599117279 1150
1585149545260 0.9498084187507629 1151
1585149577153 0.9472796320915222 1152
1585149609125 0.949310302734375 1153
1585149641673 0.957279622554779 1154
1585149673528 0.948390781879425 1155
1585149705718 0.9525287747383118 1156
1585149737981 0.9509194493293762 1157
1585149770165 0.952030599117279 1158
1585149801747 0.9542528986930847 1159
1585149834326 0.955363929271698 1160
1585149866159 0.9506130218505859 1161
1585149898372 0.9478927254676819 1162
1585149930213 0.9514176249504089 1163
1585149962068 0.9526436924934387 1164
1585149993710 0.9478926062583923 1165
1585150025475 0.9498083591461182 1166
1585150057621 0.9517240524291992 1167
1585150089816 0.952030599117279 1168
1585150121992 0.944865882396698 1169
1585150154124 0.9464750289916992 1170
1585150186401 0.9539463520050049 1171
1585150219134 0.955363929271698 1172
1585150250993 0.9569731950759888 1173
1585150284306 0.9556704759597778 1174
1585150316661 0.9544444680213928 1175
1585150348846 0.948390781879425 1176
1585150382179 0.9495018720626831 1177
1585150414188 0.9539463520050049 1178
1585150446308 0.945555567741394 1179
1585150478251 0.9515326023101807 1180
1585150510207 0.9547508955001831 1181
1585150542349 0.9495018720626831 1182
1585150574369 0.9481991529464722 1183
1585150606363 0.9506130218505859 1184
1585150639994 0.957279622554779 1185
1585150672199 0.9523370862007141 1186
1585150704120 0.9561685919761658 1187
1585150736049 0.95333331823349 1188
1585150768236 0.9536398649215698 1189
1585150800180 0.952835202217102 1190
1585150832175 0.9547508955001831 1191
1585150864365 0.9512260556221008 1192
1585150896712 0.9583907723426819 1193
1585150929036 0.9462835788726807 1194
1585150960507 0.9317623972892761 1195
1585150992290 0.955363929271698 1196
1585151024198 0.9478926062583923 1197
1585151056332 0.9577776789665222 1198
1585151088581 0.9523370862007141 1199
1585151121280 0.9496168494224548 1200
1585151153384 0.9561685919761658 1201
1585151185419 0.9442528486251831 1202
1585151217475 0.946781575679779 1203
1585151249692 0.9536398649215698 1204
1585151282922 0.9491954445838928 1205
1585151315276 0.9509194493293762 1206
1585151347300 0.9509195685386658 1207
1585151379396 0.947586178779602 1208
1585151411683 0.9459769129753113 1209
1585151443555 0.9466665983200073 1210
1585151475585 0.9547508955001831 1211
1585151507697 0.9515326023101807 1212
1585151539637 0.9523370862007141 1213
1585151572084 0.950114905834198 1214
1585151604104 0.9523370862007141 1215
1585151635842 0.9561685919761658 1216
1585151667700 0.9462835788726807 1217
1585151699857 0.9547508955001831 1218
1585151731957 0.9495018720626831 1219
1585151764183 0.9523370862007141 1220
1585151796285 0.9561684727668762 1221
1585151828418 0.9514176249504089 1222
1585151860313 0.9531417489051819 1223
1585151892451 0.9496168494224548 1224
1585151924302 0.954559326171875 1225
1585151956246 0.9504214525222778 1226
1585151988248 0.9512260556221008 1227
1585152020169 0.9515324831008911 1228
1585152052139 0.9575861692428589 1229
1585152085132 0.9539463520050049 1230
1585152117183 0.9517240524291992 1231
1585152149555 0.948390781879425 1232
1585152181334 0.9481991529464722 1233
1585152212960 0.9506129026412964 1234
1585152245062 0.9517241716384888 1235
1585152277415 0.9470880627632141 1236
1585152309006 0.9506130218505859 1237
1585152341443 0.9442528486251831 1238
1585152373482 0.960612952709198 1239
1585152405734 0.9534481763839722 1240
1585152437816 0.9499999284744263 1241
1585152469477 0.955363929271698 1242
1585152501252 0.957279622554779 1243
1585152533180 0.9486973285675049 1244
1585152566080 0.9498084187507629 1245
1585152598696 0.9496167302131653 1246
1585152630795 0.944865882396698 1247
1585152663438 0.948390781879425 1248
1585152695446 0.9536398649215698 1249
1585152727570 0.9498083591461182 1250
1585152760338 0.9432566165924072 1251
1585152792305 0.9488123059272766 1252
1585152824145 0.9509194493293762 1253
1585152856136 0.9534481763839722 1254
1585152889379 0.9453639984130859 1255
1585152921824 0.955363929271698 1256
1585152953953 0.9517240524291992 1257
1585152986293 0.9495018720626831 1258
1585153018370 0.946781575679779 1259
1585153050324 0.9490037560462952 1260
1585153082421 0.947394609451294 1261
1585153114393 0.9559769034385681 1262
1585153146161 0.9542528986930847 1263
1585153178440 0.94808429479599 1264
1585153210618 0.9575861692428589 1265
1585153243635 0.9478926062583923 1266
1585153275767 0.9442527890205383 1267
1585153307641 0.95333331823349 1268
1585153339484 0.9531417489051819 1269
1585153371261 0.9498084187507629 1270
1585153403258 0.9501150250434875 1271
1585153435167 0.9542527794837952 1272
1585153467274 0.9548657536506653 1273
1585153499201 0.9498083591461182 1274
1585153531269 0.947586178779602 1275
1585153563339 0.9490037560462952 1276
1585153595473 0.9506130218505859 1277
1585153627575 0.9420306086540222 1278
1585153659180 0.9461686015129089 1279
1585153691197 0.9459769129753113 1280
1585153723196 0.9534481763839722 1281
1585153755433 0.9456704258918762 1282
1585153787857 0.9564750790596008 1283
1585153819984 0.9531417489051819 1284
1585153851697 0.9515326023101807 1285
1585153883861 0.9437548518180847 1286
1585153915737 0.9490038752555847 1287
1585153947712 0.9504214525222778 1288
1585153979651 0.954559326171875 1289
1585154011837 0.949310302734375 1290
1585154043804 0.9558620452880859 1291
1585154075949 0.954559326171875 1292
1585154107884 0.9525287747383118 1293
1585154139931 0.9591954350471497 1294
1585154172057 0.9495018720626831 1295
1585154203884 0.9514176249504089 1296
1585154235888 0.9456704258918762 1297
1585154267881 0.955363929271698 1298
1585154299705 0.9569731950759888 1299
1585154331673 0.9462834596633911 1300
1585154364021 0.9550573825836182 1301
1585154396953 0.955363929271698 1302
1585154430239 0.9517241716384888 1303
1585154463396 0.9517241716384888 1304
1585154496546 0.9523371458053589 1305
1585154530520 0.9550574421882629 1306
1585154563986 0.9506130218505859 1307
1585154597025 0.9478926062583923 1308
1585154630196 0.9504214525222778 1309
1585154663406 0.9453638792037964 1310
1585154696644 0.9507278800010681 1311
1585154729705 0.9462835788726807 1312
1585154762906 0.9509194493293762 1313
1585154796044 0.9512260556221008 1314
1585154829100 0.957892656326294 1315
1585154862670 0.952030599117279 1316
1585154895891 0.9506130218505859 1317
1585154929797 0.9472797513008118 1318
1585154963591 0.9428351521492004 1319
1585154997070 0.9509195685386658 1320
1585155030282 0.9428351521492004 1321
1585155063372 0.9467814564704895 1322
1585155096383 0.9426437020301819 1323
1585155129716 0.9525286555290222 1324
1585155162876 0.9456704258918762 1325
1585155196133 0.9506129026412964 1326
1585155229616 0.95333331823349 1327
1585155262827 0.9561684727668762 1328
1585155296481 0.9478927254676819 1329
1585155329591 0.9480841755867004 1330
1585155363743 0.947394609451294 1331
1585155397019 0.9490037560462952 1332
1585155430223 0.953639805316925 1333
1585155463657 0.952835202217102 1334
1585155496635 0.950114905834198 1335
1585155529826 0.9539463520050049 1336
1585155563088 0.9515324831008911 1337
1585155596638 0.947586178779602 1338
1585155629900 0.9577776789665222 1339
1585155663087 0.9525287747383118 1340
1585155696663 0.9504214525222778 1341
1585155729757 0.9511110782623291 1342
1585155762840 0.9564750790596008 1343
1585155795834 0.9556704759597778 1344
1585155828790 0.946781575679779 1345
1585155862008 0.9453639984130859 1346
1585155895015 0.947394609451294 1347
1585155928570 0.955363929271698 1348
1585155961734 0.9495018720626831 1349
1585155994868 0.959808349609375 1350
1585156028065 0.957892656326294 1351
1585156061523 0.9477011561393738 1352
1585156094915 0.9580843448638916 1353
1585156128617 0.9506130218505859 1354
1585156162352 0.949310302734375 1355
1585156195668 0.9509194493293762 1356
1585156230278 0.9525287747383118 1357
1585156263278 0.9412260055541992 1358
1585156296709 0.9456704258918762 1359
1585156329922 0.9531417489051819 1360
1585156363449 0.9462834596633911 1361
1585156396743 0.953639805316925 1362
1585156430279 0.952030599117279 1363
1585156463722 0.9506130218505859 1364
1585156496586 0.9536398649215698 1365
1585156529988 0.9495018720626831 1366
1585156563828 0.952835202217102 1367
1585156596771 0.9525286555290222 1368
1585156630929 0.9550574421882629 1369
1585156664089 0.9498083591461182 1370
1585156697285 0.9500000476837158 1371
1585156730387 0.9550574421882629 1372
1585156763456 0.9515324831008911 1373
1585156796984 0.9547508955001831 1374
1585156830049 0.952643632888794 1375
1585156863064 0.947586178779602 1376
1585156896537 0.9495018720626831 1377
1585156930048 0.9439463019371033 1378
1585156963285 0.9466667175292969 1379
1585156996798 0.941532552242279 1380
1585157030163 0.9514176249504089 1381
1585157063545 0.9561685919761658 1382
1585157097859 0.9550573825836182 1383
1585157130765 0.94808429479599 1384
1585157164118 0.9544444680213928 1385
1585157197706 0.9506130218505859 1386
1585157230545 0.9412260055541992 1387
1585157264076 0.9486973285675049 1388
1585157297338 0.9514176249504089 1389
1585157331382 0.9486973285675049 1390
1585157364728 0.9447510242462158 1391
1585157397907 0.9509194493293762 1392
1585157431117 0.9472796320915222 1393
1585157465070 0.9464750289916992 1394
1585157498480 0.9439463019371033 1395
1585157532237 0.950114905834198 1396
1585157565466 0.944865882396698 1397
1585157598891 0.944865882396698 1398
1585157632594 0.943141758441925 1399
1585157665894 0.9525286555290222 1400
1585157698958 0.9491954445838928 1401
1585157732182 0.9373945593833923 1402
1585157765456 0.94808429479599 1403
1585157800147 0.9503064751625061 1404
1585157833789 0.9401148557662964 1405
1585157866978 0.9478926062583923 1406
1585157900366 0.94283527135849 1407
1585157933404 0.9523370862007141 1408
1585157966697 0.9420306086540222 1409
1585157999867 0.9409195780754089 1410
1585158034465 0.9517240524291992 1411
1585158068676 0.9425287246704102 1412
1585158101891 0.9517240524291992 1413
1585158135501 0.9398083090782166 1414
1585158168352 0.9367815852165222 1415
1585158201384 0.9399999976158142 1416
1585158234399 0.9390037655830383 1417
1585158267559 0.9442527890205383 1418
1585158301585 0.9498084187507629 1419
1585158334682 0.9515326023101807 1420
1585158368168 0.946781575679779 1421
1585158401258 0.944865882396698 1422
1585158434198 0.9464750289916992 1423
1585158466197 0.9378926157951355 1424
1585158497758 0.9417241215705872 1425
1585158529593 0.9506130218505859 1426
1585158562562 0.9418390393257141 1427
1585158594432 0.9514176249504089 1428
1585158626247 0.9453639984130859 1429
1585158658421 0.946781575679779 1430
1585158690717 0.943141758441925 1431
1585158724170 0.9506130218505859 1432
1585158757911 0.9442528486251831 1433
1585158791176 0.942337155342102 1434
1585158824577 0.9373945593833923 1435
1585158858511 0.9429501295089722 1436
1585158891409 0.9426437020301819 1437
1585158924412 0.9335631132125854 1438
1585158958356 0.9434481859207153 1439
1585158991537 0.9464750289916992 1440
1585159024831 0.9393103122711182 1441
1585159058043 0.9481991529464722 1442
1585159091453 0.9442528486251831 1443
1585159124621 0.9517241716384888 1444
1585159157630 0.9495018720626831 1445
1585159190969 0.9398084282875061 1446
1585159224187 0.9491954445838928 1447
1585159257577 0.9514176249504089 1448
1585159290713 0.9536398649215698 1449
1585159324142 0.93666672706604 1450
1585159357339 0.9464751482009888 1451
1585159390464 0.9445593357086182 1452
1585159423680 0.9380843043327332 1453
1585159456793 0.9456704258918762 1454
1585159490240 0.948390781879425 1455
1585159523427 0.9442528486251831 1456
1585159556851 0.9495018720626831 1457
1585159589898 0.9370115399360657 1458
1585159623288 0.944865882396698 1459
1585159656597 0.9486973285675049 1460
1585159689761 0.9442527890205383 1461
1585159722907 0.9456704258918762 1462
1585159756356 0.9464750289916992 1463
1585159790046 0.9442528486251831 1464
1585159823077 0.9472796320915222 1465
1585159856270 0.9437547326087952 1466
1585159889682 0.9478927254676819 1467
1585159922861 0.9550574421882629 1468
1585159955811 0.9534481763839722 1469
1585159988820 0.9398083090782166 1470
1585160022038 0.9354788661003113 1471
1585160055454 0.9434481859207153 1472
1585160088460 0.941532552242279 1473
1585160121815 0.9462834596633911 1474
1585160155300 0.9410344362258911 1475
1585160189661 0.9555556178092957 1476
1585160222522 0.9418390393257141 1477
1585160255811 0.9450574517250061 1478
1585160288869 0.952030599117279 1479
1585160322021 0.9470880627632141 1480
1585160355354 0.947586178779602 1481
1585160388509 0.9503064751625061 1482
1585160421801 0.9525287747383118 1483
1585160455091 0.9469731450080872 1484
1585160488351 0.9445593357086182 1485
1585160521587 0.9514176249504089 1486
1585160554742 0.9525287747383118 1487
1585160587636 0.9481991529464722 1488
1585160620826 0.9495018720626831 1489
1585160654115 0.9442528486251831 1490
1585160687134 0.9445593357086182 1491
1585160720326 0.9503064751625061 1492
1585160753700 0.9481991529464722 1493
1585160786783 0.9453639984130859 1494
1585160820272 0.9429501295089722 1495
1585160853871 0.9490037560462952 1496
1585160887262 0.9378926157951355 1497
1585160920630 0.9466665983200073 1498
1585160954044 0.9434481859207153 1499
1585160987685 0.942337155342102 1500
