1585111691160 0.8505749702453613 0
1585111724432 1.334750771522522 1
1585111757885 0.7550766468048096 2
1585111791239 0.7048842906951904 3
1585111825140 1.1850754022598267 4
1585111858648 0.6912999153137207 5
1585111892437 0.42557165026664734 6
1585111925739 0.42506250739097595 7
1585111959502 0.5384035110473633 8
1585111992902 0.5797003507614136 9
1585112026405 0.567912220954895 10
1585112060047 0.4566609561443329 11
1585112093417 0.36992210149765015 12
1585112127358 0.3196224272251129 13
1585112161599 0.32786276936531067 14
1585112195008 0.36314526200294495 15
1585112228478 0.41776368021965027 16
1585112262604 0.42943331599235535 17
1585112296088 0.4223506450653076 18
1585112329483 0.3992564082145691 19
1585112362863 0.3633323013782501 20
1585112396602 0.3209979832172394 21
1585112429813 0.29808375239372253 22
1585112463131 0.2868693470954895 23
1585112496258 0.28595834970474243 24
1585112530129 0.30866414308547974 25
1585112563402 0.32027822732925415 26
1585112596950 0.3259446322917938 27
1585112630810 0.31941017508506775 28
1585112664004 0.30559688806533813 29
1585112697794 0.28722310066223145 30
1585112731299 0.2773442566394806 31
1585112766505 0.2770841717720032 32
1585112800260 0.27190589904785156 33
1585112833773 0.27258291840553284 34
1585112867672 0.27534180879592896 35
1585112902254 0.28724542260169983 36
1585112935787 0.2783752679824829 37
1585112969015 0.27315619587898254 38
1585113002559 0.2641330659389496 39
1585113035889 0.264437198638916 40
1585113069564 0.2528422474861145 41
1585113102844 0.25294244289398193 42
1585113136229 0.253629595041275 43
1585113169849 0.2460969090461731 44
1585113203581 0.2599993050098419 45
1585113237436 0.25778624415397644 46
1585113271421 0.2585116922855377 47
1585113305592 0.24557845294475555 48
1585113339020 0.24304930865764618 49
1585113372487 0.24199649691581726 50
1585113405821 0.23155739903450012 51
1585113438948 0.24436473846435547 52
1585113472287 0.230943500995636 53
1585113506031 0.24300353229045868 54
1585113539354 0.24361225962638855 55
1585113572524 0.23804259300231934 56
1585113606166 0.23224452137947083 57
1585113639537 0.23115842044353485 58
1585113673009 0.2362738400697708 59
1585113706668 0.22328925132751465 60
1585113740051 0.21808189153671265 61
1585113773931 0.22557397186756134 62
1585113807158 0.2394132912158966 63
1585113841205 0.21850024163722992 64
1585113874995 0.22235113382339478 65
1585113908503 0.223537877202034 66
1585113942253 0.21761687099933624 67
1585113975712 0.22105200588703156 68
1585114009840 0.21647335588932037 69
1585114043947 0.22407813370227814 70
1585114077159 0.21092650294303894 71
1585114110527 0.2265574187040329 72
1585114144003 0.21428664028644562 73
1585114177517 0.21192185580730438 74
1585114211144 0.21225054562091827 75
1585114244999 0.20986080169677734 76
1585114278452 0.20888067781925201 77
1585114312007 0.21725034713745117 78
1585114345577 0.2140417993068695 79
1585114379212 0.20404355227947235 80
1585114413139 0.2181006222963333 81
1585114447243 0.2187979817390442 82
1585114481267 0.23915143311023712 83
1585114514517 0.2063879519701004 84
1585114547814 0.2104455828666687 85
1585114581667 0.19887539744377136 86
1585114614948 0.20779027044773102 87
1585114648718 0.19542533159255981 88
1585114682429 0.20219194889068604 89
1585114715867 0.19874095916748047 90
1585114749296 0.19852739572525024 91
1585114783753 0.20097452402114868 92
1585114817150 0.19375036656856537 93
1585114850945 0.19411374628543854 94
1585114884416 0.190332293510437 95
1585114917647 0.1897493451833725 96
1585114951103 0.1903057098388672 97
1585114984675 0.1996263861656189 98
1585115018875 0.19568610191345215 99
1585115052027 0.18823610246181488 100
1585115085288 0.19435091316699982 101
1585115118848 0.18772757053375244 102
1585115152872 0.19202113151550293 103
1585115186494 0.18887583911418915 104
1585115220208 0.1996876746416092 105
1585115256559 0.18774718046188354 106
1585115289982 0.19666942954063416 107
1585115323321 0.18769174814224243 108
1585115356791 0.18312759697437286 109
1585115390424 0.19102036952972412 110
1585115424201 0.1778372824192047 111
1585115457894 0.1832304447889328 112
1585115491460 0.19180525839328766 113
1585115524838 0.17705482244491577 114
1585115558426 0.18607233464717865 115
1585115592125 0.18860845267772675 116
1585115625761 0.17986078560352325 117
1585115659461 0.18895071744918823 118
1585115693000 0.1838691532611847 119
1585115726421 0.17717933654785156 120
1585115759672 0.18142181634902954 121
1585115792992 0.18416063487529755 122
1585115826155 0.18182380497455597 123
1585115859453 0.17353074252605438 124
1585115892879 0.18210576474666595 125
1585115926421 0.17266756296157837 126
1585115959879 0.1761930137872696 127
1585115994780 0.17918261885643005 128
1585116029600 0.17166228592395782 129
1585116063591 0.18071408569812775 130
1585116097640 0.18399909138679504 131
1585116131101 0.1755153387784958 132
1585116164819 0.19190624356269836 133
1585116197985 0.1783681958913803 134
1585116231873 0.1712416559457779 135
1585116265169 0.17275039851665497 136
1585116299135 0.1766553521156311 137
1585116332679 0.17358888685703278 138
1585116366510 0.17419596016407013 139
1585116399694 0.16962337493896484 140
1585116432887 0.16651664674282074 141
1585116466674 0.16548441350460052 142
1585116500045 0.17424683272838593 143
1585116533483 0.16969037055969238 144
1585116567477 0.16663415729999542 145
1585116600850 0.16617164015769958 146
1585116634595 0.17062139511108398 147
1585116669375 0.16465333104133606 148
1585116702727 0.1870146542787552 149
1585116735994 0.1651967465877533 150
1585116769580 0.16421014070510864 151
1585116803174 0.1604883372783661 152
1585116836857 0.16635270416736603 153
1585116870443 0.16160006821155548 154
1585116903881 0.16054704785346985 155
1585116937544 0.16546696424484253 156
1585116971186 0.1655455082654953 157
1585117004578 0.15569360554218292 158
1585117039091 0.1664545238018036 159
1585117072359 0.1525030881166458 160
1585117106023 0.1554507166147232 161
1585117139470 0.1579514592885971 162
1585117172776 0.15824531018733978 163
1585117206094 0.16406691074371338 164
1585117239666 0.15289665758609772 165
1585117272865 0.15664473176002502 166
1585117306418 0.16119708120822906 167
1585117339831 0.1605604737997055 168
1585117373649 0.15615876019001007 169
1585117407038 0.1584377884864807 170
1585117441458 0.15121178328990936 171
1585117477024 0.15422314405441284 172
1585117510665 0.15159502625465393 173
1585117544137 0.15474429726600647 174
1585117577710 0.14712636172771454 175
1585117611360 0.1496657133102417 176
1585117644735 0.15862566232681274 177
1585117677946 0.15988878905773163 178
1585117711706 0.1572442650794983 179
1585117744899 0.15101607143878937 180
1585117778457 0.15399613976478577 181
1585117811799 0.1507437825202942 182
1585117845388 0.16023138165473938 183
1585117878813 0.14935974776744843 184
1585117912404 0.15713849663734436 185
1585117946690 0.14671777188777924 186
1585117979807 0.15032951533794403 187
1585118013335 0.14781907200813293 188
1585118047284 0.14721515774726868 189
1585118080801 0.15477454662322998 190
1585118114139 0.14734715223312378 191
1585118147220 0.1474338173866272 192
1585118180942 0.1502578854560852 193
1585118214345 0.1448654681444168 194
1585118247989 0.14223934710025787 195
1585118281451 0.14912298321723938 196
1585118314981 0.15352225303649902 197
1585118348498 0.14938919246196747 198
1585118382160 0.144839346408844 199
1585118415548 0.1493048220872879 200
1585118448820 0.1405964195728302 201
1585118482602 0.15799078345298767 202
1585118515913 0.14273957908153534 203
1585118550024 0.13615770637989044 204
1585118583392 0.14807403087615967 205
1585118618145 0.1405804604291916 206
1585118651706 0.14816759526729584 207
1585118685397 0.1421530395746231 208
1585118718764 0.1385408490896225 209
1585118752231 0.13996846973896027 210
1585118785563 0.14534609019756317 211
1585118820044 0.14221066236495972 212
1585118853485 0.14141365885734558 213
1585118886704 0.14830555021762848 214
1585118920359 0.14002881944179535 215
1585118953769 0.1370217502117157 216
1585118987264 0.1404051035642624 217
1585119021060 0.1407444179058075 218
1585119054516 0.134604349732399 219
1585119088161 0.15255670249462128 220
1585119121556 0.13895799219608307 221
1585119155311 0.13375280797481537 222
1585119188948 0.1422659009695053 223
1585119223615 0.13610191643238068 224
1585119257339 0.13832417130470276 225
1585119291080 0.13193465769290924 226
1585119324251 0.14219655096530914 227
1585119358183 0.14025433361530304 228
1585119391699 0.13911761343479156 229
1585119425046 0.14946623146533966 230
1585119458776 0.133256733417511 231
1585119492153 0.14545531570911407 232
1585119525557 0.14056439697742462 233
1585119559918 0.1415664702653885 234
1585119594212 0.13530534505844116 235
1585119627829 0.1406814306974411 236
1585119661487 0.13806454837322235 237
1585119694643 0.13644060492515564 238
1585119727941 0.12859554588794708 239
1585119761133 0.14181526005268097 240
1585119795708 0.12931720912456512 241
1585119829061 0.13381977379322052 242
1585119862460 0.1313716471195221 243
1585119895685 0.1349361538887024 244
1585119929527 0.1312122642993927 245
1585119964012 0.129644513130188 246
1585119997201 0.1263563483953476 247
1585120031139 0.12446645647287369 248
1585120064387 0.13717743754386902 249
1585120098028 0.12981756031513214 250
1585120131115 0.12870046496391296 251
1585120164478 0.14051003754138947 252
1585120199128 0.13907308876514435 253
1585120232458 0.13084621727466583 254
1585120266195 0.130091592669487 255
1585120299358 0.13544507324695587 256
1585120332651 0.12571154534816742 257
1585120366157 0.152476966381073 258
1585120399747 0.12714464962482452 259
1585120433175 0.13702093064785004 260
1585120466588 0.13256298005580902 261
1585120500216 0.1352095603942871 262
1585120534270 0.12685644626617432 263
1585120567929 0.12190796434879303 264
1585120601586 0.1300945281982422 265
1585120634715 0.12668505311012268 266
1585120670035 0.12411342561244965 267
1585120703293 0.12564000487327576 268
1585120736801 0.13273018598556519 269
1585120770653 0.12135118991136551 270
1585120803913 0.1205359473824501 271
1585120838022 0.13903668522834778 272
1585120871694 0.12227266281843185 273
1585120905333 0.12076359242200851 274
1585120939070 0.12306781858205795 275
1585120973405 0.13065429031848907 276
1585121006896 0.1267021745443344 277
1585121040251 0.1347903162240982 278
1585121073895 0.12652161717414856 279
1585121107551 0.12357871979475021 280
1585121141284 0.1228073313832283 281
1585121174984 0.12489448487758636 282
1585121208513 0.13037754595279694 283
1585121243471 0.1200493723154068 284
1585121277090 0.12784449756145477 285
1585121310660 0.12410209327936172 286
1585121344475 0.11735755950212479 287
1585121377957 0.13794167339801788 288
1585121411627 0.12342095375061035 289
1585121445112 0.12024438381195068 290
1585121478725 0.13769882917404175 291
1585121512195 0.12422005087137222 292
1585121545891 0.12515878677368164 293
1585121579532 0.1193571388721466 294
1585121613295 0.11644555628299713 295
1585121647029 0.12661434710025787 296
1585121680356 0.11502422392368317 297
1585121713772 0.1294335573911667 298
1585121747657 0.1344670206308365 299
1585121780813 0.11244308948516846 300
1585121814542 0.11866989731788635 301
1585121847853 0.13081717491149902 302
1585121881511 0.12263589352369308 303
1585121915353 0.12915253639221191 304
1585121949502 0.1136334240436554 305
1585121982879 0.11781512200832367 306
1585122016085 0.11743874102830887 307
1585122049218 0.12491822242736816 308
1585122082872 0.1258012354373932 309
1585122116795 0.12469054758548737 310
1585122150206 0.11931522935628891 311
1585122184001 0.12113209813833237 312
1585122217442 0.11723838001489639 313
1585122250828 0.11458578705787659 314
1585122283872 0.11573515832424164 315
1585122317335 0.11110053211450577 316
1585122351018 0.1144808679819107 317
1585122384592 0.12483137100934982 318
1585122419228 0.12555988132953644 319
1585122453341 0.11187515407800674 320
1585122486798 0.11574053764343262 321
1585122520546 0.11553963273763657 322
1585122553962 0.11751801520586014 323
1585122587044 0.11247367411851883 324
1585122621925 0.1237252801656723 325
1585122655306 0.11378080397844315 326
1585122689238 0.12241066992282867 327
1585122722872 0.11234994977712631 328
1585122756401 0.11651322990655899 329
1585122789931 0.11056293547153473 330
1585122824891 0.10996761918067932 331
1585122858058 0.11927884072065353 332
1585122891384 0.11294872313737869 333
1585122924833 0.11294412612915039 334
1585122958307 0.10713545233011246 335
1585122992196 0.1347704976797104 336
1585123026126 0.12248460203409195 337
1585123060069 0.13134591281414032 338
1585123093806 0.11710189282894135 339
1585123127464 0.12591499090194702 340
1585123160949 0.1229051724076271 341
1585123194614 0.11207502335309982 342
1585123229270 0.11635621637105942 343
1585123263045 0.1208643689751625 344
1585123296664 0.11033247411251068 345
1585123329961 0.14199002087116241 346
1585123364026 0.11491966247558594 347
1585123397529 0.11385682970285416 348
1585123430888 0.11827763170003891 349
1585123464348 0.11091490834951401 350
1585123498000 0.10605543106794357 351
1585123531309 0.11108428984880447 352
1585123564688 0.10975724458694458 353
1585123598282 0.10950195789337158 354
1585123631766 0.11507175117731094 355
1585123666067 0.11724966019392014 356
1585123699970 0.10880164057016373 357
1585123734064 0.10331157594919205 358
1585123767860 0.10888352245092392 359
1585123801414 0.10191488265991211 360
1585123835045 0.10798853635787964 361
1585123868118 0.10151930153369904 362
1585123901271 0.10505373030900955 363
1585123934476 0.10359010845422745 364
1585123967734 0.11115442216396332 365
1585124002213 0.1189039945602417 366
1585124036133 0.10638179630041122 367
1585124070388 0.10636083036661148 368
1585124104162 0.11280027031898499 369
1585124138909 0.1146787777543068 370
1585124172291 0.10500219464302063 371
1585124205927 0.12496765702962875 372
1585124240261 0.0976366177201271 373
1585124273903 0.1102064698934555 374
1585124307477 0.10409245640039444 375
1585124341188 0.11051885038614273 376
1585124375847 0.11438565701246262 377
1585124409356 0.10892998427152634 378
1585124442377 0.10700429230928421 379
1585124475645 0.10755947232246399 380
1585124508281 0.10916657745838165 381
1585124540877 0.10157434642314911 382
1585124573374 0.10652671009302139 383
1585124605817 0.09834567457437515 384
1585124638084 0.11032941192388535 385
1585124670456 0.10210315883159637 386
1585124703008 0.1009739488363266 387
1585124736724 0.10321246087551117 388
1585124769158 0.10273395478725433 389
1585124802755 0.11210045963525772 390
1585124836157 0.11237166076898575 391
1585124868898 0.11111531406641006 392
1585124901307 0.10665380954742432 393
1585124933608 0.1041160598397255 394
1585124966101 0.09831837564706802 395
1585124998975 0.10411117225885391 396
1585125031445 0.10672404617071152 397
1585125064082 0.11546865850687027 398
1585125096698 0.10803123563528061 399
1585125129510 0.10429214686155319 400
1585125162333 0.10974448174238205 401
1585125194757 0.1079009547829628 402
1585125227127 0.10201435536146164 403
1585125259490 0.09961479157209396 404
1585125292244 0.10252565890550613 405
1585125324876 0.10529500991106033 406
1585125357955 0.1130056381225586 407
1585125390537 0.11452493816614151 408
1585125423061 0.1023624837398529 409
1585125455707 0.09698089212179184 410
1585125488316 0.10036412626504898 411
1585125520707 0.09810306876897812 412
1585125553130 0.11221726983785629 413
1585125585667 0.09831134229898453 414
1585125618346 0.11178272217512131 415
1585125650792 0.10817189514636993 416
1585125683155 0.11212076246738434 417
1585125716936 0.10496113449335098 418
1585125749516 0.11900711059570312 419
1585125782077 0.10833742469549179 420
1585125814516 0.0976221114397049 421
1585125847076 0.10331406444311142 422
1585125879777 0.10317444056272507 423
1585125912219 0.11070375144481659 424
1585125945878 0.11625022441148758 425
1585125978488 0.1165199801325798 426
1585126011056 0.11911230534315109 427
1585126043847 0.12258413434028625 428
1585126076480 0.11061082035303116 429
1585126108980 0.11775944381952286 430
1585126141504 0.12293332070112228 431
1585126174300 0.12765777111053467 432
1585126206755 0.12158306688070297 433
1585126239366 0.1243191808462143 434
1585126271745 0.12252477556467056 435
1585126304353 0.12744508683681488 436
1585126336636 0.1295458972454071 437
1585126369062 0.1318364292383194 438
1585126401828 0.1284901350736618 439
1585126434201 0.12689313292503357 440
1585126466724 0.1411506086587906 441
1585126499214 0.13146860897541046 442
1585126531904 0.13146792352199554 443
1585126564486 0.13753940165042877 444
1585126597040 0.12961320579051971 445
1585126629564 0.1380511373281479 446
1585126662143 0.13413143157958984 447
1585126695351 0.14264173805713654 448
1585126727569 0.13713222742080688 449
1585126759921 0.14508125185966492 450
1585126792493 0.12772955000400543 451
1585126824913 0.12757141888141632 452
1585126857447 0.11980230361223221 453
1585126889962 0.11866877228021622 454
1585126922449 0.11915937811136246 455
1585126955023 0.12555956840515137 456
1585126987570 0.12261748313903809 457
1585127019969 0.123788982629776 458
1585127052414 0.1339036077260971 459
1585127084804 0.1215379610657692 460
1585127117405 0.11932037025690079 461
1585127149956 0.12355630844831467 462
1585127182384 0.11706956475973129 463
1585127214727 0.12224965542554855 464
1585127247427 0.1233740895986557 465
1585127280395 0.12000425904989243 466
1585127313453 0.1155017614364624 467
1585127346386 0.11677394062280655 468
1585127379084 0.13777793943881989 469
1585127411627 0.1231197640299797 470
1585127444060 0.11973606050014496 471
1585127476380 0.11488551646471024 472
1585127508906 0.12911084294319153 473
1585127541508 0.12619565427303314 474
1585127573864 0.13786117732524872 475
1585127606164 0.12049286812543869 476
1585127638734 0.12604883313179016 477
1585127671843 0.1259351670742035 478
1585127704503 0.13500455021858215 479
1585127737067 0.12980340421199799 480
1585127769897 0.1333826780319214 481
1585127802370 0.1319943219423294 482
1585127834815 0.14058071374893188 483
1585127867539 0.15515823662281036 484
1585127900144 0.13413269817829132 485
1585127932583 0.12352482229471207 486
1585127965277 0.12439162284135818 487
1585127998021 0.11696913838386536 488
1585128030523 0.12111753970384598 489
1585128063010 0.12197849899530411 490
1585128095548 0.12016565352678299 491
1585128128199 0.11994278430938721 492
1585128161032 0.13182973861694336 493
1585128193620 0.11500685662031174 494
1585128226178 0.1274213194847107 495
1585128260196 0.1192074865102768 496
1585128293236 0.1216476783156395 497
1585128325597 0.1194940134882927 498
1585128357949 0.12262678146362305 499
1585128390694 0.12747812271118164 500
1585128423327 0.1189570426940918 501
1585128455761 0.13918505609035492 502
1585128488627 0.13199563324451447 503
1585128520942 0.12310698628425598 504
1585128553548 0.12473359704017639 505
1585128586172 0.12878623604774475 506
1585128619397 0.1286925971508026 507
1585128651864 0.1318884640932083 508
1585128684446 0.12973153591156006 509
1585128718134 0.12981155514717102 510
1585128750509 0.12392343580722809 511
1585128783082 0.1307702660560608 512
1585128815546 0.1374085247516632 513
1585128848464 0.12737928330898285 514
1585128880823 0.14606690406799316 515
1585128913516 0.13857261836528778 516
1585128946093 0.13496440649032593 517
1585128979973 0.12746790051460266 518
1585129012820 0.12669497728347778 519
1585129045528 0.13141974806785583 520
1585129077901 0.12754681706428528 521
1585129110255 0.15325132012367249 522
1585129142809 0.12402568757534027 523
1585129175395 0.12903285026550293 524
1585129208156 0.12863054871559143 525
1585129241204 0.1200961247086525 526
1585129273416 0.12735770642757416 527
1585129306014 0.1250748485326767 528
1585129338502 0.12181239575147629 529
1585129370929 0.12359486520290375 530
1585129403239 0.12687820196151733 531
1585129435683 0.13750548660755157 532
1585129467845 0.12418433278799057 533
1585129500180 0.13452138006687164 534
1585129532336 0.12386546283960342 535
1585129565049 0.11847780644893646 536
1585129597414 0.13201755285263062 537
1585129630152 0.12699075043201447 538
1585129662576 0.12710079550743103 539
1585129695336 0.11823088675737381 540
1585129727882 0.14331968128681183 541
1585129760376 0.13190694153308868 542
1585129793552 0.11850430071353912 543
1585129826289 0.13178078830242157 544
1585129858956 0.11908098310232162 545
1585129891500 0.12220004945993423 546
1585129924848 0.11435331404209137 547
1585129957844 0.12204358726739883 548
1585129990414 0.12758351862430573 549
1585130022888 0.1177573874592781 550
1585130055385 0.11491347849369049 551
1585130087827 0.11445176601409912 552
1585130120619 0.12245792895555496 553
1585130153124 0.12174953520298004 554
1585130185910 0.12984026968479156 555
1585130218211 0.13352645933628082 556
1585130250858 0.12127261608839035 557
1585130283369 0.1287345439195633 558
1585130315754 0.1267869472503662 559
1585130347998 0.13205504417419434 560
1585130380836 0.13132424652576447 561
1585130413620 0.1342739313840866 562
1585130446230 0.12765613198280334 563
1585130478629 0.1309128701686859 564
1585130511091 0.12812161445617676 565
1585130543545 0.12738408148288727 566
1585130576418 0.13689227402210236 567
1585130608831 0.14987748861312866 568
1585130641472 0.13913676142692566 569
1585130674036 0.13173186779022217 570
1585130706564 0.12130408734083176 571
1585130740140 0.139369934797287 572
1585130772992 0.1293594241142273 573
1585130806592 0.12445563822984695 574
1585130839824 0.12548623979091644 575
1585130872236 0.11665459722280502 576
1585130904748 0.11392608284950256 577
1585130937169 0.1199984923005104 578
1585130969798 0.11957049369812012 579
1585131002999 0.13435108959674835 580
1585131035380 0.12433087825775146 581
1585131067735 0.13402678072452545 582
1585131100683 0.1293782889842987 583
1585131133178 0.12781697511672974 584
1585131165623 0.13071660697460175 585
1585131198146 0.13938024640083313 586
1585131230762 0.12056799978017807 587
1585131263295 0.12692420184612274 588
1585131295974 0.12274352461099625 589
1585131328750 0.1200341284275055 590
1585131361322 0.12471500784158707 591
1585131394028 0.13899792730808258 592
1585131426949 0.13281507790088654 593
1585131459907 0.12572936713695526 594
1585131492886 0.1339336782693863 595
1585131525468 0.14110565185546875 596
1585131558096 0.13160957396030426 597
1585131590593 0.14180481433868408 598
1585131622951 0.1270150989294052 599
1585131655221 0.12820059061050415 600
1585131688080 0.12856148183345795 601
1585131720555 0.12108597904443741 602
1585131752978 0.13489903509616852 603
1585131785458 0.13411454856395721 604
1585131817995 0.11710801720619202 605
1585131850783 0.13797734677791595 606
1585131883380 0.12169680744409561 607
1585131915862 0.12449165433645248 608
1585131949312 0.127951517701149 609
1585131982360 0.12836644053459167 610
1585132015097 0.1300315409898758 611
1585132047795 0.11790365725755692 612
1585132080690 0.12448544055223465 613
1585132113236 0.1313421130180359 614
1585132145561 0.12769538164138794 615
1585132178306 0.12744906544685364 616
1585132211308 0.1277080625295639 617
1585132244278 0.12142512947320938 618
1585132276730 0.13035817444324493 619
1585132309326 0.1219269409775734 620
1585132342059 0.12209154665470123 621
1585132374859 0.12476591020822525 622
1585132407467 0.13925273716449738 623
1585132441325 0.12067832052707672 624
1585132473611 0.12198188900947571 625
1585132506545 0.1230824664235115 626
1585132538820 0.11810331791639328 627
1585132571884 0.12984216213226318 628
1585132604560 0.12074115872383118 629
1585132637625 0.12966561317443848 630
1585132670753 0.1247732937335968 631
1585132703458 0.12705206871032715 632
1585132736236 0.12962065637111664 633
1585132768784 0.12100031971931458 634
1585132802537 0.12356747686862946 635
1585132835069 0.13677389919757843 636
1585132867870 0.12778575718402863 637
1585132900891 0.1250041276216507 638
1585132933201 0.12296638637781143 639
1585132966162 0.12236569076776505 640
1585132998799 0.1271016001701355 641
1585133031766 0.12208548188209534 642
1585133064909 0.1255173236131668 643
1585133098058 0.1270657479763031 644
1585133130738 0.13308702409267426 645
1585133163261 0.1338643878698349 646
1585133195818 0.1353352814912796 647
1585133228462 0.12144756317138672 648
1585133260892 0.13057178258895874 649
1585133293336 0.1275457888841629 650
1585133326023 0.12942293286323547 651
1585133359540 0.1255786120891571 652
1585133392248 0.13528640568256378 653
1585133424947 0.1352928876876831 654
1585133457616 0.1430007964372635 655
1585133490282 0.12943331897258759 656
1585133523048 0.1293390542268753 657
1585133555666 0.12472201883792877 658
1585133588263 0.1285204440355301 659
1585133621066 0.1453946828842163 660
1585133653817 0.1351775825023651 661
1585133686397 0.12731371819972992 662
1585133719348 0.12765483558177948 663
1585133751840 0.12709185481071472 664
1585133784569 0.12747487425804138 665
1585133816962 0.1308826506137848 666
1585133849742 0.11799400299787521 667
1585133883193 0.12367937713861465 668
1585133915759 0.136454775929451 669
1585133948560 0.11997964978218079 670
1585133981146 0.12020129710435867 671
1585134013919 0.12104962766170502 672
1585134046559 0.11925257742404938 673
1585134079366 0.12567836046218872 674
1585134111758 0.12665270268917084 675
1585134144300 0.1237701028585434 676
1585134177154 0.12741170823574066 677
1585134210882 0.12028566747903824 678
1585134243686 0.12365828454494476 679
1585134277262 0.12779757380485535 680
1585134309762 0.13759911060333252 681
1585134342740 0.1341191679239273 682
1585134375523 0.13066044449806213 683
1585134408002 0.1276886761188507 684
1585134440602 0.1355978101491928 685
1585134473288 0.1299661248922348 686
1585134505907 0.1370552033185959 687
1585134538779 0.12850451469421387 688
1585134572560 0.12144217640161514 689
1585134605200 0.1246107965707779 690
1585134637869 0.12626072764396667 691
1585134670378 0.12561224400997162 692
1585134702957 0.1343931406736374 693
1585134735667 0.1500370055437088 694
1585134768246 0.12872964143753052 695
1585134800826 0.1302923709154129 696
1585134833633 0.1307307630777359 697
1585134866190 0.1342829018831253 698
1585134898872 0.13038280606269836 699
1585134931345 0.1291496604681015 700
1585134963909 0.12247391790151596 701
1585134997416 0.12602397799491882 702
1585135029766 0.12992903590202332 703
1585135062569 0.13046331703662872 704
1585135096236 0.12535937130451202 705
1585135128629 0.13935667276382446 706
1585135161602 0.14084096252918243 707
1585135195341 0.12318968772888184 708
1585135228271 0.1325865387916565 709
1585135260726 0.13987259566783905 710
1585135293543 0.1506095677614212 711
1585135326244 0.12230201810598373 712
1585135358920 0.14107096195220947 713
1585135392567 0.11508437246084213 714
1585135425843 0.11391053348779678 715
1585135458275 0.12063700705766678 716
1585135490700 0.11633291840553284 717
1585135523279 0.11543766409158707 718
1585135556033 0.12317763268947601 719
1585135589503 0.11715156584978104 720
1585135623110 0.11946757882833481 721
1585135656323 0.1273951679468155 722
1585135688868 0.12161122262477875 723
1585135721459 0.11849571764469147 724
1585135754127 0.13259311020374298 725
1585135786817 0.12790100276470184 726
1585135819468 0.13142144680023193 727
1585135852103 0.12940984964370728 728
1585135884730 0.1251494288444519 729
1585135917229 0.12646377086639404 730
1585135949671 0.13353243470191956 731
1585135982311 0.14557719230651855 732
1585136015077 0.13195639848709106 733
1585136047672 0.13150015473365784 734
1585136080412 0.13339298963546753 735
1585136112799 0.14310455322265625 736
1585136145479 0.12950527667999268 737
1585136178460 0.13172194361686707 738
1585136211247 0.1322881132364273 739
1585136243936 0.13184958696365356 740
1585136276687 0.12918512523174286 741
1585136309475 0.12548141181468964 742
1585136342833 0.12772390246391296 743
1585136376120 0.13270898163318634 744
1585136408922 0.12420687824487686 745
1585136441197 0.12600666284561157 746
1585136473324 0.13582666218280792 747
1585136506043 0.11930753290653229 748
1585136538604 0.1253834217786789 749
1585136571021 0.12774589657783508 750
1585136603715 0.13331301510334015 751
1585136636873 0.12366396933794022 752
1585136669981 0.13381023705005646 753
1585136702847 0.12572790682315826 754
1585136736391 0.12023989111185074 755
1585136768984 0.13351580500602722 756
1585136801702 0.12409477680921555 757
1585136834630 0.12466180324554443 758
1585136867179 0.12365996837615967 759
1585136899544 0.12395098805427551 760
1585136932034 0.11977963894605637 761
1585136964807 0.11587308347225189 762
1585136997560 0.12273737043142319 763
1585137030809 0.12674358487129211 764
1585137063335 0.13254177570343018 765
1585137095840 0.1278674602508545 766
1585137128642 0.11521429568529129 767
1585137161486 0.12352786958217621 768
1585137194112 0.11484697461128235 769
1585137226741 0.12343604117631912 770
1585137259253 0.11765195429325104 771
1585137291939 0.1258307844400406 772
1585137324515 0.14303356409072876 773
1585137357195 0.12783199548721313 774
1585137390213 0.14473803341388702 775
1585137422643 0.13095156848430634 776
1585137455264 0.1253964602947235 777
1585137488196 0.12404844909906387 778
1585137520908 0.12317521125078201 779
1585137553438 0.12894566357135773 780
1585137585850 0.121781125664711 781
1585137618521 0.12493892759084702 782
1585137651627 0.13495387136936188 783
1585137684382 0.13365469872951508 784
1585137717228 0.127210795879364 785
1585137749751 0.12292471528053284 786
1585137782435 0.12241019308567047 787
1585137815155 0.1269834190607071 788
1585137847668 0.13007065653800964 789
1585137880306 0.12735457718372345 790
1585137913145 0.1279345154762268 791
1585137946279 0.1341884881258011 792
1585137978884 0.12117670476436615 793
1585138011511 0.12810394167900085 794
1585138043973 0.12780101597309113 795
1585138076400 0.1282983422279358 796
1585138109635 0.13003693521022797 797
1585138142201 0.14349286258220673 798
1585138174731 0.1306578367948532 799
1585138207278 0.12310951203107834 800
1585138239686 0.13244996964931488 801
1585138272190 0.13183589279651642 802
1585138304850 0.1283092349767685 803
1585138337663 0.12077658623456955 804
1585138369793 0.12599103152751923 805
1585138402482 0.12431351095438004 806
1585138435240 0.1264769732952118 807
1585138467754 0.12591612339019775 808
1585138500325 0.12473615258932114 809
1585138533310 0.13274826109409332 810
1585138566100 0.12140355259180069 811
1585138598630 0.11963808536529541 812
1585138631423 0.1235886961221695 813
1585138664267 0.12168148159980774 814
1585138696592 0.12667913734912872 815
1585138729222 0.12448207288980484 816
1585138762107 0.12634506821632385 817
1585138795211 0.12455500662326813 818
1585138827678 0.1322941780090332 819
1585138860474 0.12308551371097565 820
1585138893138 0.12784618139266968 821
1585138926032 0.12771514058113098 822
1585138958652 0.1285681426525116 823
1585138991453 0.13189692795276642 824
1585139024141 0.12795914709568024 825
1585139056819 0.12386325001716614 826
1585139089440 0.13011929392814636 827
1585139122004 0.1260942667722702 828
1585139154916 0.12970419228076935 829
1585139187357 0.13104066252708435 830
1585139220119 0.13307799398899078 831
1585139252768 0.12578924000263214 832
1585139285469 0.12426086515188217 833
1585139317985 0.1327279806137085 834
1585139350637 0.13069099187850952 835
1585139383186 0.13503743708133698 836
1585139417216 0.12343001365661621 837
1585139449634 0.1315104067325592 838
1585139482356 0.13564029335975647 839
1585139515189 0.12310637533664703 840
1585139548024 0.12196409702301025 841
1585139580953 0.12950900197029114 842
1585139613644 0.12373924255371094 843
1585139646291 0.1221976950764656 844
1585139680083 0.1248568594455719 845
1585139712527 0.11508820205926895 846
1585139745091 0.12240501493215561 847
1585139777814 0.1296311467885971 848
1585139810451 0.12105027586221695 849
1585139843146 0.1272168755531311 850
1585139875729 0.12080556899309158 851
1585139908845 0.12557464838027954 852
1585139941313 0.12840573489665985 853
1585139973915 0.12304338067770004 854
1585140006304 0.11940521746873856 855
1585140038671 0.1258617788553238 856
1585140070978 0.12427903711795807 857
1585140104839 0.13393257558345795 858
1585140137253 0.1216118112206459 859
1585140169754 0.1330593377351761 860
1585140202251 0.12163367867469788 861
1585140235096 0.13102121651172638 862
1585140267781 0.12068092823028564 863
1585140300246 0.13669227063655853 864
1585140333110 0.1296146661043167 865
1585140365677 0.14427882432937622 866
1585140398649 0.12172697484493256 867
1585140431236 0.11955857276916504 868
1585140464096 0.13317281007766724 869
1585140496807 0.12504611909389496 870
1585140529342 0.11781983822584152 871
1585140561776 0.12115791440010071 872
1585140594380 0.12835350632667542 873
1585140627379 0.11489585787057877 874
1585140660473 0.13410517573356628 875
1585140693056 0.11772468686103821 876
1585140725561 0.12420596182346344 877
1585140758196 0.12245263159275055 878
1585140791113 0.12360581010580063 879
1585140823928 0.1167026087641716 880
1585140859334 0.11333942413330078 881
1585140892150 0.12245824933052063 882
1585140925105 0.117986299097538 883
1585140958013 0.1269107609987259 884
1585140990964 0.12079082429409027 885
1585141023711 0.11947880685329437 886
1585141056347 0.11653696000576019 887
1585141088566 0.133670374751091 888
1585141121700 0.13359591364860535 889
1585141154419 0.12769757211208344 890
1585141186868 0.12294790893793106 891
1585141219377 0.12093642354011536 892
1585141252316 0.14133279025554657 893
1585141284829 0.1334240585565567 894
1585141317453 0.14111639559268951 895
1585141350045 0.13277608156204224 896
1585141382737 0.12983165681362152 897
1585141415111 0.12430674582719803 898
1585141447637 0.1217351108789444 899
1585141480201 0.11361446976661682 900
1585141512502 0.12802590429782867 901
1585141544864 0.12095839530229568 902
1585141577201 0.11970991641283035 903
1585141609902 0.12189192324876785 904
1585141641857 0.13239851593971252 905
1585141673707 0.12421231716871262 906
1585141705727 0.11910215020179749 907
1585141737973 0.13406333327293396 908
1585141770015 0.12530028820037842 909
1585141801690 0.12493988126516342 910
1585141833620 0.12344583123922348 911
1585141865588 0.11208105087280273 912
1585141897835 0.12812453508377075 913
1585141929819 0.1197628453373909 914
1585141962016 0.12801949679851532 915
1585141993785 0.12378127127885818 916
1585142025769 0.12861429154872894 917
1585142057915 0.12168003618717194 918
1585142089807 0.12688620388507843 919
1585142121632 0.12670989334583282 920
1585142153682 0.131687194108963 921
1585142185817 0.12688525021076202 922
1585142218018 0.12540028989315033 923
1585142250068 0.1290159374475479 924
1585142282421 0.1284642517566681 925
1585142314609 0.12646858394145966 926
1585142346912 0.12301623821258545 927
1585142379065 0.12245883047580719 928
1585142410809 0.12091659009456635 929
1585142442965 0.11794951558113098 930
1585142474953 0.1300102025270462 931
1585142507053 0.1196807473897934 932
1585142539181 0.12537486851215363 933
1585142570911 0.13154126703739166 934
1585142602980 0.12801481783390045 935
1585142635219 0.11912397295236588 936
1585142667278 0.11358229070901871 937
1585142699075 0.11583825200796127 938
1585142731204 0.13285355269908905 939
1585142763451 0.1151227131485939 940
1585142796924 0.11576353013515472 941
1585142828979 0.11187618225812912 942
1585142860995 0.1309744268655777 943
1585142893239 0.12400422990322113 944
1585142926295 0.11925949156284332 945
1585142958665 0.13028712570667267 946
1585142990821 0.12662586569786072 947
1585143022828 0.1204914003610611 948
1585143055071 0.121413454413414 949
1585143086584 0.14403122663497925 950
1585143118878 0.11888168007135391 951
1585143151552 0.12329639494419098 952
1585143183657 0.12143698334693909 953
1585143215700 0.12304756790399551 954
1585143247815 0.12779729068279266 955
1585143279916 0.12968114018440247 956
1585143311694 0.1260654479265213 957
1585143343703 0.13584163784980774 958
1585143375518 0.13160017132759094 959
1585143407672 0.12685289978981018 960
1585143439641 0.1347692757844925 961
1585143472638 0.12590563297271729 962
1585143504785 0.12410185486078262 963
1585143536784 0.12172102928161621 964
1585143569491 0.1344253122806549 965
1585143601428 0.13000868260860443 966
1585143633101 0.11981774866580963 967
1585143665594 0.1279529631137848 968
1585143697785 0.12372006475925446 969
1585143729595 0.13253122568130493 970
1585143761739 0.1188727468252182 971
1585143793562 0.1145615354180336 972
1585143825553 0.11804758012294769 973
1585143857745 0.1204284057021141 974
1585143889578 0.120583176612854 975
1585143921644 0.13011187314987183 976
1585143953818 0.11526729166507721 977
1585143985836 0.11377068608999252 978
1585144018092 0.11887703090906143 979
1585144050416 0.12041543424129486 980
1585144082409 0.11775125563144684 981
1585144114573 0.11998379230499268 982
1585144146537 0.11940565705299377 983
1585144178546 0.12423747032880783 984
1585144210673 0.1137051209807396 985
1585144242512 0.12342054396867752 986
1585144274497 0.12425099313259125 987
1585144306752 0.1359509378671646 988
1585144338913 0.130772665143013 989
1585144371094 0.1504759043455124 990
1585144402952 0.13091836869716644 991
1585144434880 0.11972033977508545 992
1585144466663 0.12810178101062775 993
1585144498713 0.12558400630950928 994
1585144530982 0.13312412798404694 995
1585144562832 0.12692146003246307 996
1585144595042 0.12173955887556076 997
1585144626789 0.11802102625370026 998
1585144659307 0.1373947709798813 999
1585144691768 0.11788026243448257 1000
1585144723869 0.12317527830600739 1001
1585144755695 0.12822158634662628 1002
1585144787747 0.13068127632141113 1003
1585144820220 0.1223594918847084 1004
1585144852235 0.12102590501308441 1005
1585144884048 0.12360669672489166 1006
1585144915781 0.1302647888660431 1007
1585144947890 0.13894769549369812 1008
1585144980109 0.12129779905080795 1009
1585145012117 0.11534832417964935 1010
1585145044141 0.11577866971492767 1011
1585145076406 0.10742250829935074 1012
1585145107953 0.12074891477823257 1013
1585145140136 0.1228301152586937 1014
1585145172465 0.13121697306632996 1015
1585145204871 0.12213092297315598 1016
1585145236680 0.14417780935764313 1017
1585145268866 0.12872347235679626 1018
1585145300847 0.12306266278028488 1019
1585145332827 0.11826696991920471 1020
1585145364855 0.12763096392154694 1021
1585145397039 0.12938539683818817 1022
1585145429088 0.1188218891620636 1023
1585145461581 0.13382761180400848 1024
1585145493574 0.13583557307720184 1025
1585145526407 0.12270808219909668 1026
1585145558318 0.1194489374756813 1027
1585145590239 0.13207004964351654 1028
1585145622438 0.12058728188276291 1029
1585145654282 0.11584887653589249 1030
1585145686287 0.12855298817157745 1031
1585145718311 0.12366916239261627 1032
1585145750236 0.11984460800886154 1033
1585145782438 0.12158344686031342 1034
1585145814400 0.11768463999032974 1035
1585145846629 0.12572279572486877 1036
1585145878702 0.1123802438378334 1037
1585145910704 0.12320657819509506 1038
1585145942522 0.11425193399190903 1039
1585145974491 0.11918147653341293 1040
1585146006669 0.11895246058702469 1041
1585146038980 0.11324705183506012 1042
1585146070974 0.1168687641620636 1043
1585146103038 0.12761768698692322 1044
1585146134996 0.11777737736701965 1045
1585146167381 0.11944349855184555 1046
1585146199417 0.11940768361091614 1047
1585146231273 0.11463601142168045 1048
1585146263108 0.12265709787607193 1049
1585146295335 0.13940376043319702 1050
1585146327625 0.12945304811000824 1051
1585146359673 0.11417729407548904 1052
1585146391823 0.11647627502679825 1053
1585146423682 0.11038940399885178 1054
1585146455745 0.12080325186252594 1055
1585146487730 0.12339838594198227 1056
1585146520657 0.12597526609897614 1057
1585146552902 0.11902514100074768 1058
1585146585076 0.11487732082605362 1059
1585146617130 0.12191891670227051 1060
1585146649419 0.13531391322612762 1061
1585146681709 0.12487158924341202 1062
1585146713621 0.11195409297943115 1063
1585146746158 0.11748965829610825 1064
1585146778651 0.12101422250270844 1065
1585146810679 0.11959420144557953 1066
1585146842875 0.12960059940814972 1067
1585146874632 0.11627892404794693 1068
1585146907116 0.12251228839159012 1069
1585146938926 0.12558329105377197 1070
1585146970785 0.11967253684997559 1071
1585147002820 0.11863427609205246 1072
1585147034520 0.11743136495351791 1073
1585147066693 0.12544076144695282 1074
1585147099604 0.11503730714321136 1075
1585147132324 0.12106230854988098 1076
1585147164691 0.11293233931064606 1077
1585147197804 0.11844519525766373 1078
1585147230420 0.11841876059770584 1079
1585147262740 0.1136276051402092 1080
1585147294912 0.12034061551094055 1081
1585147327193 0.12358687072992325 1082
1585147359348 0.12152265012264252 1083
1585147391182 0.12229111790657043 1084
1585147423261 0.11121717095375061 1085
1585147457061 0.1194072961807251 1086
1585147489315 0.11268854141235352 1087
1585147522447 0.1114204078912735 1088
1585147554556 0.12908384203910828 1089
1585147586327 0.11433590948581696 1090
1585147618459 0.12423280626535416 1091
1585147650337 0.1296369731426239 1092
1585147682612 0.1193917766213417 1093
1585147715064 0.12048803269863129 1094
1585147747379 0.11307745426893234 1095
1585147779415 0.12473911792039871 1096
1585147811484 0.11891414225101471 1097
1585147843514 0.11943814903497696 1098
1585147875486 0.10765107721090317 1099
1585147907452 0.1214742437005043 1100
1585147939360 0.12122795730829239 1101
1585147971238 0.1222255527973175 1102
1585148003181 0.11692680418491364 1103
1585148035206 0.12733975052833557 1104
1585148067317 0.11837831884622574 1105
1585148099184 0.13430416584014893 1106
1585148131356 0.12084182351827621 1107
1585148164194 0.1177004873752594 1108
1585148196132 0.1196991354227066 1109
1585148228518 0.11297138780355453 1110
1585148260723 0.12193094193935394 1111
1585148292809 0.11689722537994385 1112
1585148324716 0.12013191729784012 1113
1585148356938 0.116501584649086 1114
1585148389473 0.11594139039516449 1115
1585148421502 0.1156826838850975 1116
1585148453352 0.1149071604013443 1117
1585148485093 0.13352280855178833 1118
1585148517181 0.12263747304677963 1119
1585148549253 0.1161922737956047 1120
1585148581799 0.12090373039245605 1121
1585148615276 0.11473000049591064 1122
1585148647131 0.12138785421848297 1123
1585148679658 0.11245904862880707 1124
1585148711807 0.11464212089776993 1125
1585148743726 0.11029717326164246 1126
1585148775954 0.11590299755334854 1127
1585148808079 0.12071362137794495 1128
1585148841056 0.1186693087220192 1129
1585148872945 0.11234238743782043 1130
1585148904598 0.11003058403730392 1131
1585148936350 0.11911890655755997 1132
1585148968220 0.129377081990242 1133
1585149000211 0.12047028541564941 1134
1585149032245 0.1314929574728012 1135
1585149064686 0.11611000448465347 1136
1585149096766 0.12080926448106766 1137
1585149128949 0.12784725427627563 1138
1585149160955 0.11428504437208176 1139
1585149193012 0.11497849971055984 1140
1585149225154 0.11304310709238052 1141
1585149256973 0.1194893941283226 1142
1585149289154 0.11469319462776184 1143
1585149321255 0.11363325268030167 1144
1585149353230 0.13459618389606476 1145
1585149385184 0.12079570442438126 1146
1585149417077 0.11374717205762863 1147
1585149448903 0.11977365612983704 1148
1585149481212 0.1315225213766098 1149
1585149513168 0.11767908185720444 1150
1585149545260 0.1183183342218399 1151
1585149577153 0.11487061530351639 1152
1585149609125 0.11812416464090347 1153
1585149641673 0.11477698385715485 1154
1585149673528 0.1171288788318634 1155
1585149705718 0.1175985187292099 1156
1585149737981 0.11727721244096756 1157
1585149770165 0.11375199258327484 1158
1585149801747 0.12004293501377106 1159
1585149834326 0.11639487743377686 1160
1585149866159 0.11484362185001373 1161
1585149898372 0.11917495727539062 1162
1585149930213 0.11834357678890228 1163
1585149962068 0.11783424764871597 1164
1585149993710 0.11891119927167892 1165
1585150025475 0.12085209786891937 1166
1585150057621 0.11793412268161774 1167
1585150089816 0.11241167038679123 1168
1585150121992 0.1278212070465088 1169
1585150154124 0.11919784545898438 1170
1585150186401 0.12189383059740067 1171
1585150219134 0.11691489815711975 1172
1585150250993 0.11780301481485367 1173
1585150284306 0.1227852925658226 1174
1585150316661 0.12140033394098282 1175
1585150348846 0.12217358499765396 1176
1585150382179 0.11593585461378098 1177
1585150414188 0.12035375088453293 1178
1585150446308 0.1305067092180252 1179
1585150478251 0.12810488045215607 1180
1585150510207 0.11483017355203629 1181
1585150542349 0.11803697049617767 1182
1585150574369 0.1312660425901413 1183
1585150606363 0.11115516722202301 1184
1585150639994 0.11017590016126633 1185
1585150672199 0.11604104936122894 1186
1585150704120 0.1133032888174057 1187
1585150736049 0.11265923082828522 1188
1585150768236 0.1123514324426651 1189
1585150800180 0.11589469015598297 1190
1585150832175 0.11324478685855865 1191
1585150864365 0.1207113116979599 1192
1585150896712 0.1076602041721344 1193
1585150929036 0.12187186628580093 1194
1585150960507 0.1488344371318817 1195
1585150992290 0.11611657589673996 1196
1585151024198 0.11423623561859131 1197
1585151056332 0.11944687366485596 1198
1585151088581 0.12191518396139145 1199
1585151121280 0.1268361657857895 1200
1585151153384 0.1188337430357933 1201
1585151185419 0.12940090894699097 1202
1585151217475 0.13033589720726013 1203
1585151249692 0.11431826651096344 1204
1585151282922 0.12559989094734192 1205
1585151315276 0.11740464717149734 1206
1585151347300 0.11638825386762619 1207
1585151379396 0.12138036638498306 1208
1585151411683 0.12237817794084549 1209
1585151443555 0.12382657080888748 1210
1585151475585 0.11368381977081299 1211
1585151507697 0.11390426754951477 1212
1585151539637 0.12024038285017014 1213
1585151572084 0.11587084829807281 1214
1585151604104 0.12167840451002121 1215
1585151635842 0.11205843091011047 1216
1585151667700 0.12510649859905243 1217
1585151699857 0.11912711709737778 1218
1585151731957 0.11284499615430832 1219
1585151764183 0.12298727035522461 1220
1585151796285 0.11620514839887619 1221
1585151828418 0.11504600197076797 1222
1585151860313 0.11314591020345688 1223
1585151892451 0.11942502111196518 1224
1585151924302 0.11151610314846039 1225
1585151956246 0.1314195990562439 1226
1585151988248 0.11190734803676605 1227
1585152020169 0.11870741844177246 1228
1585152052139 0.11792850494384766 1229
1585152085132 0.1163206622004509 1230
1585152117183 0.11283770203590393 1231
1585152149555 0.11770009994506836 1232
1585152181334 0.1275748461484909 1233
1585152212960 0.11622770875692368 1234
1585152245062 0.11591091752052307 1235
1585152277415 0.121425099670887 1236
1585152309006 0.1242978423833847 1237
1585152341443 0.11909343302249908 1238
1585152373482 0.11338799446821213 1239
1585152405734 0.11798474937677383 1240
1585152437816 0.11645836383104324 1241
1585152469477 0.11230038106441498 1242
1585152501252 0.11663632839918137 1243
1585152533180 0.11766961961984634 1244
1585152566080 0.12243429571390152 1245
1585152598696 0.12090189009904861 1246
1585152630795 0.11630628257989883 1247
1585152663438 0.12410347908735275 1248
1585152695446 0.1128791868686676 1249
1585152727570 0.11150795966386795 1250
1585152760338 0.1291026920080185 1251
1585152792305 0.1293971985578537 1252
1585152824145 0.1202453225851059 1253
1585152856136 0.11256472021341324 1254
1585152889379 0.1283695101737976 1255
1585152921824 0.1155245304107666 1256
1585152953953 0.10963381826877594 1257
1585152986293 0.11674682050943375 1258
1585153018370 0.11700854450464249 1259
1585153050324 0.12062075734138489 1260
1585153082421 0.11755042523145676 1261
1585153114393 0.11447688192129135 1262
1585153146161 0.12324035167694092 1263
1585153178440 0.11384446173906326 1264
1585153210618 0.10890582203865051 1265
1585153243635 0.11525869369506836 1266
1585153275767 0.12295474112033844 1267
1585153307641 0.10711334645748138 1268
1585153339484 0.1147075667977333 1269
1585153371261 0.11855068802833557 1270
1585153403258 0.11882644146680832 1271
1585153435167 0.11763019114732742 1272
1585153467274 0.11428800970315933 1273
1585153499201 0.11908752471208572 1274
1585153531269 0.1186782494187355 1275
1585153563339 0.12038722634315491 1276
1585153595473 0.11803839355707169 1277
1585153627575 0.12779366970062256 1278
1585153659180 0.11937020719051361 1279
1585153691197 0.12126357108354568 1280
1585153723196 0.12172141671180725 1281
1585153755433 0.12443187832832336 1282
1585153787857 0.11033222824335098 1283
1585153819984 0.12249401211738586 1284
1585153851697 0.10907356441020966 1285
1585153883861 0.12209423631429672 1286
1585153915737 0.11815284192562103 1287
1585153947712 0.12153182178735733 1288
1585153979651 0.11142341047525406 1289
1585154011837 0.11438772827386856 1290
1585154043804 0.11751483380794525 1291
1585154075949 0.11316812038421631 1292
1585154107884 0.11536718904972076 1293
1585154139931 0.1120455265045166 1294
1585154172057 0.12119914591312408 1295
1585154203884 0.1143859475851059 1296
1585154235888 0.11650159955024719 1297
1585154267881 0.11445334553718567 1298
1585154299705 0.10828381776809692 1299
1585154331673 0.1172964870929718 1300
1585154364021 0.11552928388118744 1301
1585154396953 0.11304821074008942 1302
1585154430239 0.11257169395685196 1303
1585154463396 0.11443363130092621 1304
1585154496546 0.12393927574157715 1305
1585154530520 0.11356738209724426 1306
1585154563986 0.11897705495357513 1307
1585154597025 0.11741071194410324 1308
1585154630196 0.12157661467790604 1309
1585154663406 0.13012954592704773 1310
1585154696644 0.11847863346338272 1311
1585154729705 0.12245547771453857 1312
1585154762906 0.12301470339298248 1313
1585154796044 0.12385296821594238 1314
1585154829100 0.11197523027658463 1315
1585154862670 0.1215071827173233 1316
1585154895891 0.11700756102800369 1317
1585154929797 0.11875792592763901 1318
1585154963591 0.13332445919513702 1319
1585154997070 0.11766595393419266 1320
1585155030282 0.12902387976646423 1321
1585155063372 0.11577073484659195 1322
1585155096383 0.12145495414733887 1323
1585155129716 0.11843318492174149 1324
1585155162876 0.12360849976539612 1325
1585155196133 0.1195770874619484 1326
1585155229616 0.11015108227729797 1327
1585155262827 0.11311719566583633 1328
1585155296481 0.11756175011396408 1329
1585155329591 0.11203837394714355 1330
1585155363743 0.11819777637720108 1331
1585155397019 0.11808141320943832 1332
1585155430223 0.11617443710565567 1333
1585155463657 0.10702342540025711 1334
1585155496635 0.1232801005244255 1335
1585155529826 0.11127935349941254 1336
1585155563088 0.1189911887049675 1337
1585155596638 0.12241082638502121 1338
1585155629900 0.10682189464569092 1339
1585155663087 0.11667201668024063 1340
1585155696663 0.11684337258338928 1341
1585155729757 0.11901071667671204 1342
1585155762840 0.11858783662319183 1343
1585155795834 0.11765193939208984 1344
1585155828790 0.12051983922719955 1345
1585155862008 0.11791297048330307 1346
1585155895015 0.12660090625286102 1347
1585155928570 0.10903739184141159 1348
1585155961734 0.11615804582834244 1349
1585155994868 0.11112099140882492 1350
1585156028065 0.11130886524915695 1351
1585156061523 0.12686173617839813 1352
1585156094915 0.10754481703042984 1353
1585156128617 0.11661235243082047 1354
1585156162352 0.11736815422773361 1355
1585156195668 0.11055104434490204 1356
1585156230278 0.11479488760232925 1357
1585156263278 0.13162799179553986 1358
1585156296709 0.1190551146864891 1359
1585156329922 0.11246229708194733 1360
1585156363449 0.11648581176996231 1361
1585156396743 0.10763165354728699 1362
1585156430279 0.11011598259210587 1363
1585156463722 0.11556846648454666 1364
1585156496586 0.11452244222164154 1365
1585156529988 0.11714441329240799 1366
1585156563828 0.11689604818820953 1367
1585156596771 0.11822548508644104 1368
1585156630929 0.11138439178466797 1369
1585156664089 0.11670873314142227 1370
1585156697285 0.11980075389146805 1371
1585156730387 0.11670716851949692 1372
1585156763456 0.11969200521707535 1373
1585156796984 0.12330472469329834 1374
1585156830049 0.11934362351894379 1375
1585156863064 0.11660529673099518 1376
1585156896537 0.11505380272865295 1377
1585156930048 0.13016271591186523 1378
1585156963285 0.12930810451507568 1379
1585156996798 0.12866170704364777 1380
1585157030163 0.11460469663143158 1381
1585157063545 0.11120058596134186 1382
1585157097859 0.1178976446390152 1383
1585157130765 0.11996999382972717 1384
1585157164118 0.11501966416835785 1385
1585157197706 0.11071029305458069 1386
1585157230545 0.12575620412826538 1387
1585157264076 0.11799384653568268 1388
1585157297338 0.11567391455173492 1389
1585157331382 0.1299559772014618 1390
1585157364728 0.12126284092664719 1391
1585157397907 0.11361103504896164 1392
1585157431117 0.11933018267154694 1393
1585157465070 0.11906679719686508 1394
1585157498480 0.11560503393411636 1395
1585157532237 0.11567703634500504 1396
1585157565466 0.11884330213069916 1397
1585157598891 0.12107830494642258 1398
1585157632594 0.11867991089820862 1399
1585157665894 0.11996657401323318 1400
1585157698958 0.11826419830322266 1401
1585157732182 0.14193026721477509 1402
1585157765456 0.1295316070318222 1403
1585157800147 0.12154070287942886 1404
1585157833789 0.12326572835445404 1405
1585157866978 0.12049231678247452 1406
1585157900366 0.12121868133544922 1407
1585157933404 0.11799810081720352 1408
1585157966697 0.12312143296003342 1409
1585157999867 0.12275983393192291 1410
1585158034465 0.12492360174655914 1411
1585158068676 0.12375436723232269 1412
1585158101891 0.11760199069976807 1413
1585158135501 0.12482031434774399 1414
1585158168352 0.14008872210979462 1415
1585158201384 0.12332284450531006 1416
1585158234399 0.1303463727235794 1417
1585158267559 0.12982399761676788 1418
1585158301585 0.12458087503910065 1419
1585158334682 0.1287544071674347 1420
1585158368168 0.1321258544921875 1421
1585158401258 0.1248663142323494 1422
1585158434198 0.1246393546462059 1423
1585158466197 0.1464405059814453 1424
1585158497758 0.12344581633806229 1425
1585158529593 0.12420938163995743 1426
1585158562562 0.1394561529159546 1427
1585158594432 0.1174159049987793 1428
1585158626247 0.13331130146980286 1429
1585158658421 0.12280753254890442 1430
1585158690717 0.13066358864307404 1431
1585158724170 0.12524037063121796 1432
1585158757911 0.12081138044595718 1433
1585158791176 0.1326686292886734 1434
1585158824577 0.13748784363269806 1435
1585158858511 0.129968523979187 1436
1585158891409 0.12735624611377716 1437
1585158924412 0.1506991982460022 1438
1585158958356 0.1275555044412613 1439
1585158991537 0.11677355319261551 1440
1585159024831 0.13339902460575104 1441
1585159058043 0.12235714495182037 1442
1585159091453 0.12281963974237442 1443
1585159124621 0.12306325882673264 1444
1585159157630 0.12192421406507492 1445
1585159190969 0.14173799753189087 1446
1585159224187 0.11747854202985764 1447
1585159257577 0.12408433109521866 1448
1585159290713 0.11697733402252197 1449
1585159324142 0.13244415819644928 1450
1585159357339 0.1298300176858902 1451
1585159390464 0.12112007290124893 1452
1585159423680 0.13137514889240265 1453
1585159456793 0.11711075901985168 1454
1585159490240 0.11939845979213715 1455
1585159523427 0.13622097671031952 1456
1585159556851 0.11775217950344086 1457
1585159589898 0.13603369891643524 1458
1585159623288 0.11944515258073807 1459
1585159656597 0.11928228288888931 1460
1585159689761 0.12341088801622391 1461
1585159722907 0.1266745924949646 1462
1585159756356 0.11963261663913727 1463
1585159790046 0.1203436329960823 1464
1585159823077 0.11466702073812485 1465
1585159856270 0.12384344637393951 1466
1585159889682 0.11842288076877594 1467
1585159922861 0.11360310018062592 1468
1585159955811 0.1132020577788353 1469
1585159988820 0.12747825682163239 1470
1585160022038 0.13894526660442352 1471
1585160055454 0.11905959248542786 1472
1585160088460 0.13350923359394073 1473
1585160121815 0.12492839246988297 1474
1585160155300 0.1278190016746521 1475
1585160189661 0.11335251480340958 1476
1585160222522 0.12488027662038803 1477
1585160255811 0.1165086030960083 1478
1585160288869 0.1268177032470703 1479
1585160322021 0.12099896371364594 1480
1585160355354 0.12378589063882828 1481
1585160388509 0.1170559898018837 1482
1585160421801 0.11682992428541183 1483
1585160455091 0.11719894409179688 1484
1585160488351 0.12068969756364822 1485
1585160521587 0.12336914986371994 1486
1585160554742 0.12271934002637863 1487
1585160587636 0.11449543386697769 1488
1585160620826 0.12595625221729279 1489
1585160654115 0.12294242531061172 1490
1585160687134 0.1212979331612587 1491
1585160720326 0.1112845316529274 1492
1585160753700 0.11573367565870285 1493
1585160786783 0.11450200527906418 1494
1585160820272 0.12546475231647491 1495
1585160853871 0.11489284038543701 1496
1585160887262 0.13881850242614746 1497
1585160920630 0.11746186763048172 1498
1585160954044 0.11524559557437897 1499
1585160987685 0.131978377699852 1500
