1585111710907 0.8410864472389221 0
1585111744349 1.310652494430542 1
1585111777592 0.7400256395339966 2
1585111811439 0.693476676940918 3
1585111845180 1.187037467956543 4
1585111878712 0.6800558567047119 5
1585111912260 0.4087361693382263 6
1585111945783 0.4047723710536957 7
1585111979284 0.5174597501754761 8
1585112012540 0.5705006718635559 9
1585112046198 0.5423688888549805 10
1585112079950 0.4460712671279907 11
1585112113592 0.35299643874168396 12
1585112148144 0.30363062024116516 13
1585112181487 0.30841875076293945 14
1585112215041 0.34068065881729126 15
1585112248980 0.3854648470878601 16
1585112282653 0.3975168466567993 17
1585112316002 0.3900432586669922 18
1585112349436 0.37014591693878174 19
1585112382927 0.3425641655921936 20
1585112416368 0.3126794397830963 21
1585112449704 0.29330477118492126 22
1585112482871 0.2834782004356384 23
1585112516196 0.284042626619339 24
1585112549777 0.30035972595214844 25
1585112583429 0.31165650486946106 26
1585112617256 0.31809794902801514 27
1585112650551 0.31791794300079346 28
1585112684208 0.3065345287322998 29
1585112717502 0.29493704438209534 30
1585112752967 0.28092557191848755 31
1585112786508 0.27634426951408386 32
1585112820167 0.2705325186252594 33
1585112853467 0.2718466520309448 34
1585112888602 0.2822587490081787 35
1585112922292 0.2839365303516388 36
1585112955435 0.275346964597702 37
1585112989006 0.2703443467617035 38
1585113022350 0.26580941677093506 39
1585113055880 0.26360246539115906 40
1585113089298 0.25237327814102173 41
1585113122759 0.25666922330856323 42
1585113156147 0.25973716378211975 43
1585113190016 0.24962182343006134 44
1585113223653 0.2616971731185913 45
1585113257285 0.25959914922714233 46
1585113291881 0.2606763243675232 47
1585113325274 0.2469981461763382 48
1585113358872 0.25156038999557495 49
1585113392371 0.25060421228408813 50
1585113425462 0.2378530502319336 51
1585113458633 0.24437567591667175 52
1585113492514 0.24086788296699524 53
1585113525786 0.24292826652526855 54
1585113559086 0.24249723553657532 55
1585113592351 0.24112775921821594 56
1585113625988 0.23627068102359772 57
1585113659494 0.24265974760055542 58
1585113693200 0.23846659064292908 59
1585113726514 0.23516228795051575 60
1585113760010 0.23276148736476898 61
1585113793675 0.23098307847976685 62
1585113827731 0.2385823130607605 63
1585113861275 0.2284509837627411 64
1585113894881 0.22500385344028473 65
1585113928392 0.23442041873931885 66
1585113962008 0.2290807068347931 67
1585113996337 0.22647757828235626 68
1585114030386 0.2221776396036148 69
1585114063696 0.2250516563653946 70
1585114097128 0.2188156098127365 71
1585114130625 0.2302735149860382 72
1585114163926 0.22132328152656555 73
1585114197445 0.2201247215270996 74
1585114231105 0.21591053903102875 75
1585114264869 0.22069892287254333 76
1585114298436 0.2205827534198761 77
1585114332070 0.21770262718200684 78
1585114365655 0.21801483631134033 79
1585114399288 0.21472391486167908 80
1585114433615 0.22123056650161743 81
1585114466927 0.21602976322174072 82
1585114500984 0.22852377593517303 83
1585114534285 0.2176830917596817 84
1585114567795 0.21341507136821747 85
1585114601379 0.20292586088180542 86
1585114634928 0.21093174815177917 87
1585114668835 0.2071191966533661 88
1585114702374 0.2086530178785324 89
1585114735678 0.20461304485797882 90
1585114770140 0.21010836958885193 91
1585114803613 0.2062789350748062 92
1585114836904 0.19873377680778503 93
1585114870806 0.2069098949432373 94
1585114904187 0.1972189098596573 95
1585114937494 0.20754973590373993 96
1585114971038 0.19785435497760773 97
1585115004412 0.20381325483322144 98
1585115038591 0.20439454913139343 99
1585115071802 0.20027944445610046 100
1585115105369 0.1986980140209198 101
1585115138870 0.1973365694284439 102
1585115172882 0.20485660433769226 103
1585115206720 0.19711008667945862 104
1585115241989 0.2014254927635193 105
1585115276450 0.19549468159675598 106
1585115309753 0.20065724849700928 107
1585115343343 0.19701412320137024 108
1585115376977 0.19434088468551636 109
1585115410702 0.20114536583423615 110
1585115444338 0.18966203927993774 111
1585115477956 0.19115668535232544 112
1585115511204 0.19946804642677307 113
1585115545021 0.18570935726165771 114
1585115578417 0.19158324599266052 115
1585115612012 0.19113092124462128 116
1585115646024 0.18986788392066956 117
1585115679272 0.1976737529039383 118
1585115712957 0.18860888481140137 119
1585115746189 0.18576782941818237 120
1585115779491 0.19220557808876038 121
1585115812739 0.19301944971084595 122
1585115845894 0.18801574409008026 123
1585115879115 0.1837073266506195 124
1585115912863 0.193191260099411 125
1585115946287 0.18378403782844543 126
1585115980191 0.18513831496238708 127
1585116014862 0.18781554698944092 128
1585116049825 0.18480758368968964 129
1585116084083 0.18774694204330444 130
1585116117683 0.18478253483772278 131
1585116151089 0.18501397967338562 132
1585116184571 0.19934391975402832 133
1585116218129 0.1932528018951416 134
1585116251637 0.18443024158477783 135
1585116285027 0.18028618395328522 136
1585116319059 0.18117304146289825 137
1585116352903 0.18891936540603638 138
1585116386269 0.18523041903972626 139
1585116419416 0.1805131882429123 140
1585116453036 0.18791264295578003 141
1585116486490 0.17919376492500305 142
1585116520095 0.1810024082660675 143
1585116554018 0.17677819728851318 144
1585116587366 0.17834778130054474 145
1585116621037 0.17519119381904602 146
1585116655626 0.18531320989131927 147
1585116689126 0.17413225769996643 148
1585116722528 0.1849844753742218 149
1585116756063 0.1757182478904724 150
1585116789720 0.17240041494369507 151
1585116823133 0.17123699188232422 152
1585116857007 0.17649802565574646 153
1585116890293 0.1745101809501648 154
1585116923852 0.17738674581050873 155
1585116957341 0.1754690408706665 156
1585116991148 0.17185863852500916 157
1585117025619 0.16966772079467773 158
1585117058932 0.17285603284835815 159
1585117092544 0.16864743828773499 160
1585117125926 0.17102470993995667 161
1585117159226 0.17489197850227356 162
1585117192664 0.17279767990112305 163
1585117225863 0.17064803838729858 164
1585117259376 0.16608619689941406 165
1585117292912 0.17034953832626343 166
1585117326287 0.16831859946250916 167
1585117360203 0.17460837960243225 168
1585117393324 0.1797974854707718 169
1585117427770 0.17140784859657288 170
1585117461458 0.16725167632102966 171
1585117497262 0.16861683130264282 172
1585117530699 0.17625460028648376 173
1585117563906 0.16740737855434418 174
1585117597810 0.16336584091186523 175
1585117631296 0.16756784915924072 176
1585117664397 0.1734336018562317 177
1585117698285 0.16860415041446686 178
1585117731467 0.16566351056098938 179
1585117764898 0.16572345793247223 180
1585117798391 0.16363725066184998 181
1585117831757 0.16146323084831238 182
1585117865387 0.17183652520179749 183
1585117898702 0.16508156061172485 184
1585117932364 0.16909745335578918 185
1585117966368 0.16272196173667908 186
1585117999860 0.16333219408988953 187
1585118033686 0.15972885489463806 188
1585118067199 0.16108517348766327 189
1585118100693 0.17025724053382874 190
1585118133800 0.16250215470790863 191
1585118167291 0.17104032635688782 192
1585118200876 0.15923930704593658 193
1585118234264 0.1618167906999588 194
1585118267978 0.1610637903213501 195
1585118301488 0.16051626205444336 196
1585118334681 0.16718699038028717 197
1585118368282 0.16084535419940948 198
1585118401862 0.15942971408367157 199
1585118435276 0.15976811945438385 200
1585118468902 0.1586691439151764 201
1585118502500 0.16996470093727112 202
1585118536548 0.15253552794456482 203
1585118569943 0.14968568086624146 204
1585118604659 0.15640585124492645 205
1585118638132 0.15627580881118774 206
1585118671598 0.15939359366893768 207
1585118705294 0.15759435296058655 208
1585118738821 0.15181788802146912 209
1585118772087 0.160033717751503 210
1585118805653 0.1525663286447525 211
1585118839860 0.15535932779312134 212
1585118873273 0.16040664911270142 213
1585118906821 0.16290265321731567 214
1585118940183 0.15320968627929688 215
1585118973723 0.1504976451396942 216
1585119007507 0.15239471197128296 217
1585119040850 0.156711608171463 218
1585119074490 0.14771652221679688 219
1585119108056 0.16090819239616394 220
1585119141572 0.15152212977409363 221
1585119175026 0.15126454830169678 222
1585119209951 0.1576739102602005 223
1585119243919 0.15128763020038605 224
1585119277466 0.15661850571632385 225
1585119310837 0.1506684124469757 226
1585119344294 0.15579891204833984 227
1585119378234 0.15694306790828705 228
1585119411566 0.15476280450820923 229
1585119444951 0.15595874190330505 230
1585119478641 0.14694994688034058 231
1585119511941 0.15698492527008057 232
1585119546158 0.1491870880126953 233
1585119580449 0.15237553417682648 234
1585119614145 0.1484120786190033 235
1585119647861 0.15443381667137146 236
1585119681156 0.15123626589775085 237
1585119714385 0.14727133512496948 238
1585119747698 0.14955055713653564 239
1585119781364 0.151054248213768 240
1585119815653 0.15249444544315338 241
1585119848773 0.15059515833854675 242
1585119882256 0.1451154351234436 243
1585119915704 0.14495563507080078 244
1585119949333 0.14964540302753448 245
1585119983692 0.14369648694992065 246
1585120017550 0.14321929216384888 247
1585120050933 0.14039680361747742 248
1585120084188 0.1481190174818039 249
1585120117596 0.14500945806503296 250
1585120151061 0.14351794123649597 251
1585120184450 0.14903569221496582 252
1585120218942 0.15010593831539154 253
1585120252611 0.14259737730026245 254
1585120285852 0.14335539937019348 255
1585120319051 0.14346377551555634 256
1585120352605 0.14932578802108765 257
1585120386076 0.15857847034931183 258
1585120419446 0.1459585726261139 259
1585120453093 0.14935991168022156 260
1585120486601 0.14553922414779663 261
1585120520285 0.14428645372390747 262
1585120554313 0.1378898173570633 263
1585120588000 0.14175990223884583 264
1585120621244 0.14396972954273224 265
1585120654838 0.140077605843544 266
1585120689748 0.14258340001106262 267
1585120723108 0.1455276906490326 268
1585120756548 0.1436057984828949 269
1585120790418 0.13901561498641968 270
1585120823965 0.14677543938159943 271
1585120858146 0.14603334665298462 272
1585120891655 0.1396283358335495 273
1585120925050 0.15069149434566498 274
1585120959960 0.13859087228775024 275
1585120993291 0.1448720097541809 276
1585121026751 0.14072304964065552 277
1585121060421 0.15434777736663818 278
1585121093782 0.1418118178844452 279
1585121127585 0.14106512069702148 280
1585121161372 0.13698405027389526 281
1585121194982 0.13933634757995605 282
1585121228465 0.13949203491210938 283
1585121263400 0.13687941431999207 284
1585121297190 0.13972435891628265 285
1585121330862 0.13661283254623413 286
1585121364420 0.13887479901313782 287
1585121398115 0.14263209700584412 288
1585121431592 0.1359410285949707 289
1585121465057 0.13206112384796143 290
1585121498654 0.1462828516960144 291
1585121532130 0.1377420276403427 292
1585121566040 0.14013925194740295 293
1585121599748 0.1368381232023239 294
1585121633292 0.13473214209079742 295
1585121666699 0.13569548726081848 296
1585121700150 0.1346166878938675 297
1585121733576 0.13662859797477722 298
1585121767364 0.14170414209365845 299
1585121800946 0.13604162633419037 300
1585121834393 0.1309834122657776 301
1585121867991 0.13381636142730713 302
1585121901473 0.13400720059871674 303
1585121935880 0.13849276304244995 304
1585121969483 0.13303664326667786 305
1585122002617 0.13108712434768677 306
1585122035763 0.1316026747226715 307
1585122069221 0.1338658630847931 308
1585122103188 0.13762244582176208 309
1585122136750 0.13560675084590912 310
1585122170352 0.12845614552497864 311
1585122203740 0.1379968523979187 312
1585122237413 0.13182476162910461 313
1585122270451 0.12701109051704407 314
1585122303703 0.1305486261844635 315
1585122337428 0.12943969666957855 316
1585122370930 0.1298874318599701 317
1585122405365 0.1352146714925766 318
1585122439060 0.1395028829574585 319
1585122473146 0.130264014005661 320
1585122507044 0.13271982967853546 321
1585122540301 0.1324894279241562 322
1585122573602 0.12869404256343842 323
1585122608372 0.13117492198944092 324
1585122641742 0.13115034997463226 325
1585122675466 0.13172656297683716 326
1585122709351 0.12975730001926422 327
1585122742917 0.1282048374414444 328
1585122776406 0.13804854452610016 329
1585122810302 0.12666618824005127 330
1585122844694 0.13556601107120514 331
1585122877944 0.12979865074157715 332
1585122911323 0.1268707662820816 333
1585122944827 0.12907275557518005 334
1585122978329 0.12355273962020874 335
1585123012466 0.136190727353096 336
1585123046166 0.13757477700710297 337
1585123079782 0.13484841585159302 338
1585123114022 0.12735825777053833 339
1585123147351 0.13050565123558044 340
1585123180979 0.13458386063575745 341
1585123214814 0.12631981074810028 342
1585123249565 0.12962152063846588 343
1585123283146 0.1321944296360016 344
1585123316338 0.12884807586669922 345
1585123350188 0.1396940052509308 346
1585123384038 0.13232168555259705 347
1585123417408 0.12746930122375488 348
1585123450738 0.1265067458152771 349
1585123484428 0.12194646894931793 350
1585123517871 0.11852429807186127 351
1585123551074 0.13092321157455444 352
1585123584713 0.12933951616287231 353
1585123618082 0.1272977888584137 354
1585123652300 0.12180183827877045 355
1585123686530 0.12749484181404114 356
1585123719771 0.12365400791168213 357
1585123754369 0.12175160646438599 358
1585123787837 0.11979429423809052 359
1585123821373 0.11746565252542496 360
1585123854729 0.12959395349025726 361
1585123887831 0.11511756479740143 362
1585123921111 0.12513622641563416 363
1585123954301 0.1172855943441391 364
1585123987484 0.12257636338472366 365
1585124022442 0.12779901921749115 366
1585124056112 0.1215047836303711 367
1585124090377 0.12092423439025879 368
1585124124268 0.12426138669252396 369
1585124158882 0.12521903216838837 370
1585124192225 0.11611693352460861 371
1585124226607 0.13086655735969543 372
1585124260361 0.11489109694957733 373
1585124293908 0.12145292013883591 374
1585124327523 0.11816976964473724 375
1585124361541 0.12506482005119324 376
1585124395919 0.12496532499790192 377
1585124429067 0.12625840306282043 378
1585124462110 0.12458831071853638 379
1585124495080 0.1197424978017807 380
1585124527591 0.12796053290367126 381
1585124560203 0.11619462817907333 382
1585124592659 0.11861450970172882 383
1585124624903 0.11609339714050293 384
1585124657266 0.12479522824287415 385
1585124689744 0.11833623796701431 386
1585124723110 0.11881855130195618 387
1585124756015 0.11523792147636414 388
1585124789583 0.1225116178393364 389
1585124822989 0.11704523861408234 390
1585124855664 0.12446033954620361 391
1585124888305 0.12373252213001251 392
1585124920524 0.11556463688611984 393
1585124952979 0.12029781937599182 394
1585124985963 0.11278492212295532 395
1585125018306 0.11421847343444824 396
1585125050877 0.11888477206230164 397
1585125083648 0.12794172763824463 398
1585125116111 0.12026625871658325 399
1585125149209 0.1218036413192749 400
1585125181740 0.12086857855319977 401
1585125214104 0.12023666501045227 402
1585125246416 0.1182767003774643 403
1585125279009 0.11321476101875305 404
1585125311798 0.11783012747764587 405
1585125344476 0.11631330847740173 406
1585125377394 0.12111776322126389 407
1585125409845 0.13362549245357513 408
1585125442433 0.11722308397293091 409
1585125475123 0.11372087895870209 410
1585125507630 0.11711470782756805 411
1585125539918 0.11615327000617981 412
1585125572467 0.12458615005016327 413
1585125605202 0.111452117562294 414
1585125637625 0.12666821479797363 415
1585125669995 0.12083744257688522 416
1585125703693 0.12171580642461777 417
1585125736264 0.12203434109687805 418
1585125768891 0.1228255107998848 419
1585125801386 0.12715032696723938 420
1585125833739 0.11938176304101944 421
1585125866543 0.11908166110515594 422
1585125899084 0.11440318822860718 423
1585125931626 0.12199240922927856 424
1585125965327 0.12548071146011353 425
1585125997860 0.1253444403409958 426
1585126030673 0.13597087562084198 427
1585126063225 0.128449946641922 428
1585126095780 0.13380450010299683 429
1585126128409 0.1283310353755951 430
1585126160642 0.13806694746017456 431
1585126193580 0.13991838693618774 432
1585126226177 0.13750703632831573 433
1585126258669 0.13937923312187195 434
1585126291140 0.13294680416584015 435
1585126323547 0.14028103649616241 436
1585126356000 0.1442159116268158 437
1585126388634 0.13890275359153748 438
1585126421088 0.1411202996969223 439
1585126453621 0.13793587684631348 440
1585126486003 0.15225054323673248 441
1585126518586 0.14496812224388123 442
1585126551327 0.14471827447414398 443
1585126583904 0.14592890441417694 444
1585126616477 0.14036253094673157 445
1585126649010 0.15417613089084625 446
1585126682154 0.15026211738586426 447
1585126714529 0.15130624175071716 448
1585126746833 0.1481010913848877 449
1585126779296 0.15058967471122742 450
1585126811790 0.13957513868808746 451
1585126844288 0.1359785795211792 452
1585126876826 0.12965652346611023 453
1585126909312 0.1400422751903534 454
1585126941790 0.12819917500019073 455
1585126974405 0.13130632042884827 456
1585127006946 0.13657188415527344 457
1585127039306 0.12945419549942017 458
1585127071748 0.1384422481060028 459
1585127104298 0.14989663660526276 460
1585127136756 0.12631793320178986 461
1585127169281 0.1342729777097702 462
1585127201412 0.1323200911283493 463
1585127234283 0.12625563144683838 464
1585127267204 0.1351710706949234 465
1585127300244 0.13463807106018066 466
1585127333196 0.12596409022808075 467
1585127365947 0.12909945845603943 468
1585127398440 0.14039844274520874 469
1585127430884 0.13436095416545868 470
1585127463404 0.12848030030727386 471
1585127495900 0.1272197663784027 472
1585127528428 0.13791652023792267 473
1585127560820 0.13642507791519165 474
1585127593022 0.13722583651542664 475
1585127625575 0.1321263462305069 476
1585127658660 0.1350981593132019 477
1585127691310 0.1365976780653 478
1585127723814 0.1415160894393921 479
1585127756635 0.14141887426376343 480
1585127789302 0.14495016634464264 481
1585127821538 0.1490095853805542 482
1585127853992 0.14691337943077087 483
1585127886838 0.15261900424957275 484
1585127919467 0.14097893238067627 485
1585127952153 0.133464053273201 486
1585127984552 0.13885626196861267 487
1585128017237 0.13481871783733368 488
1585128049949 0.133119136095047 489
1585128082446 0.13176731765270233 490
1585128114864 0.12889426946640015 491
1585128147817 0.12987852096557617 492
1585128180440 0.13598664104938507 493
1585128213067 0.12691152095794678 494
1585128247110 0.13658207654953003 495
1585128279588 0.12938955426216125 496
1585128312520 0.13076578080654144 497
1585128344825 0.1329096108675003 498
1585128377585 0.14049939811229706 499
1585128410271 0.13136635720729828 500
1585128442614 0.13471800088882446 501
1585128475346 0.1419242024421692 502
1585128507836 0.1431865096092224 503
1585128540347 0.13469617068767548 504
1585128573000 0.13635815680027008 505
1585128606364 0.13711169362068176 506
1585128638678 0.1367071568965912 507
1585128671408 0.1403595209121704 508
1585128704956 0.13891513645648956 509
1585128737415 0.1412053406238556 510
1585128769888 0.1392844319343567 511
1585128802458 0.14148470759391785 512
1585128835048 0.14101454615592957 513
1585128867664 0.13762874901294708 514
1585128900319 0.14782285690307617 515
1585128932909 0.1449834406375885 516
1585128965541 0.1448689103126526 517
1585128999605 0.13955359160900116 518
1585129032374 0.13513004779815674 519
1585129064777 0.14947707951068878 520
1585129097161 0.13881856203079224 521
1585129129665 0.15412992238998413 522
1585129162184 0.13877545297145844 523
1585129194668 0.14213404059410095 524
1585129228074 0.13862235844135284 525
1585129260330 0.13294599950313568 526
1585129292793 0.1343805491924286 527
1585129325397 0.13565374910831451 528
1585129357788 0.13089217245578766 529
1585129390129 0.13391244411468506 530
1585129422495 0.13882799446582794 531
1585129454773 0.14279717206954956 532
1585129486987 0.13757625222206116 533
1585129519254 0.14621344208717346 534
1585129551960 0.13416510820388794 535
1585129584426 0.13371634483337402 536
1585129616883 0.15177156031131744 537
1585129649459 0.13945364952087402 538
1585129682059 0.14123255014419556 539
1585129714667 0.12905627489089966 540
1585129747280 0.14227044582366943 541
1585129780028 0.13418027758598328 542
1585129813097 0.13593342900276184 543
1585129845717 0.14283783733844757 544
1585129878035 0.12897607684135437 545
1585129911782 0.1308799386024475 546
1585129944440 0.13270026445388794 547
1585129977316 0.13064786791801453 548
1585130009702 0.13767915964126587 549
1585130042189 0.1298987865447998 550
1585130074705 0.12798012793064117 551
1585130107140 0.12534260749816895 552
1585130139934 0.13315431773662567 553
1585130172562 0.13239344954490662 554
1585130204915 0.13456298410892487 555
1585130237559 0.13759830594062805 556
1585130270205 0.1318945288658142 557
1585130302643 0.13915927708148956 558
1585130334817 0.13322250545024872 559
1585130367653 0.13947653770446777 560
1585130400449 0.14092814922332764 561
1585130432884 0.13832241296768188 562
1585130465493 0.13656176626682281 563
1585130497920 0.14028355479240417 564
1585130530355 0.1453421413898468 565
1585130562909 0.13681934773921967 566
1585130595551 0.15307563543319702 567
1585130628208 0.15369316935539246 568
1585130660758 0.14911504089832306 569
1585130693284 0.14374397695064545 570
1585130725868 0.133185476064682 571
1585130759615 0.14003220200538635 572
1585130792452 0.1350300908088684 573
1585130826607 0.12885552644729614 574
1585130859263 0.13249197602272034 575
1585130891538 0.131494402885437 576
1585130923968 0.12574677169322968 577
1585130956629 0.1259329468011856 578
1585130989988 0.13102057576179504 579
1585131022330 0.13810685276985168 580
1585131054688 0.13268068432807922 581
1585131087030 0.14213712513446808 582
1585131120064 0.13663756847381592 583
1585131152389 0.1362898349761963 584
1585131185013 0.13331131637096405 585
1585131217503 0.13951125741004944 586
1585131250212 0.13003525137901306 587
1585131282783 0.1332663893699646 588
1585131315640 0.13100965321063995 589
1585131348158 0.13286463916301727 590
1585131380914 0.13584449887275696 591
1585131413350 0.14044713973999023 592
1585131446642 0.13952870666980743 593
1585131479754 0.141773521900177 594
1585131512044 0.13870835304260254 595
1585131544923 0.14354902505874634 596
1585131577633 0.14558210968971252 597
1585131609870 0.14340505003929138 598
1585131642140 0.13636133074760437 599
1585131674590 0.13418051600456238 600
1585131707398 0.1367686539888382 601
1585131739893 0.12894630432128906 602
1585131772464 0.13525915145874023 603
1585131804903 0.13892602920532227 604
1585131837211 0.12949460744857788 605
1585131870201 0.13802915811538696 606
1585131902715 0.13151434063911438 607
1585131935264 0.13738244771957397 608
1585131969112 0.1380651295185089 609
1585132002099 0.13641253113746643 610
1585132034707 0.13677753508090973 611
1585132067435 0.13131676614284515 612
1585132100045 0.1391770988702774 613
1585132132385 0.139020636677742 614
1585132165129 0.13040731847286224 615
1585132197996 0.13509199023246765 616
1585132231104 0.1443764567375183 617
1585132263512 0.13481572270393372 618
1585132296016 0.14089788496494293 619
1585132328773 0.13445085287094116 620
1585132361648 0.13385772705078125 621
1585132394172 0.13422633707523346 622
1585132426884 0.14361664652824402 623
1585132460440 0.1318846046924591 624
1585132493034 0.13193222880363464 625
1585132525521 0.13951639831066132 626
1585132558644 0.13870345056056976 627
1585132591376 0.14408844709396362 628
1585132624148 0.13710832595825195 629
1585132657091 0.13493144512176514 630
1585132690233 0.13504284620285034 631
1585132722902 0.13667908310890198 632
1585132755588 0.13364794850349426 633
1585132789364 0.13151386380195618 634
1585132821875 0.1335514783859253 635
1585132854659 0.13802944123744965 636
1585132887401 0.13670627772808075 637
1585132920155 0.1350853145122528 638
1585132952758 0.13430450856685638 639
1585132985569 0.1340308040380478 640
1585133018240 0.1384439319372177 641
1585133051392 0.13421642780303955 642
1585133084852 0.13272058963775635 643
1585133117380 0.1449294537305832 644
1585133150060 0.14292198419570923 645
1585133182698 0.14085987210273743 646
1585133215322 0.1428421437740326 647
1585133247806 0.1377333700656891 648
1585133280233 0.13437631726264954 649
1585133312693 0.13733169436454773 650
1585133345642 0.13719089329242706 651
1585133378990 0.13298183679580688 652
1585133411631 0.13778150081634521 653
1585133444408 0.13910259306430817 654
1585133476921 0.1497475504875183 655
1585133509706 0.13684147596359253 656
1585133542405 0.13522228598594666 657
1585133575104 0.1337585747241974 658
1585133607815 0.14198052883148193 659
1585133640572 0.15439587831497192 660
1585133673139 0.14246797561645508 661
1585133705977 0.13443265855312347 662
1585133738709 0.13714911043643951 663
1585133771385 0.13847491145133972 664
1585133803931 0.13321229815483093 665
1585133836566 0.13443592190742493 666
1585133870166 0.13486440479755402 667
1585133902515 0.13253110647201538 668
1585133934943 0.13857808709144592 669
1585133968025 0.12876690924167633 670
1585134000652 0.12921471893787384 671
1585134033066 0.1332317590713501 672
1585134066186 0.13019680976867676 673
1585134098763 0.13319963216781616 674
1585134131104 0.134984090924263 675
1585134164074 0.13318121433258057 676
1585134197711 0.13743816316127777 677
1585134230406 0.13185589015483856 678
1585134264122 0.13309231400489807 679
1585134296558 0.14259889721870422 680
1585134329361 0.1439998298883438 681
1585134362197 0.1372150480747223 682
1585134394766 0.13498637080192566 683
1585134427443 0.1342817097902298 684
1585134460115 0.13897857069969177 685
1585134492815 0.13721933960914612 686
1585134525663 0.137859046459198 687
1585134558547 0.13490936160087585 688
1585134591806 0.1331852376461029 689
1585134624656 0.1332455575466156 690
1585134657210 0.14017674326896667 691
1585134689792 0.13471202552318573 692
1585134722333 0.1438578963279724 693
1585134755024 0.14932593703269958 694
1585134787803 0.14017271995544434 695
1585134820416 0.1411430388689041 696
1585134853132 0.13957037031650543 697
1585134885535 0.1382054090499878 698
1585134918214 0.13938072323799133 699
1585134950795 0.1347869336605072 700
1585134983627 0.13605928421020508 701
1585135016515 0.13459154963493347 702
1585135049196 0.1392553448677063 703
1585135083111 0.1397501528263092 704
1585135115596 0.13569504022598267 705
1585135148386 0.14855362474918365 706
1585135182323 0.1520104706287384 707
1585135214967 0.12769478559494019 708
1585135247625 0.1338280886411667 709
1585135280166 0.14197993278503418 710
1585135312885 0.1454485058784485 711
1585135345721 0.13014808297157288 712
1585135379208 0.1389130800962448 713
1585135412216 0.12479864060878754 714
1585135445116 0.1262054592370987 715
1585135477575 0.13211749494075775 716
1585135510050 0.1265343725681305 717
1585135542848 0.12557953596115112 718
1585135576209 0.13727940618991852 719
1585135608867 0.1254846155643463 720
1585135642639 0.1295529305934906 721
1585135675687 0.12810584902763367 722
1585135708243 0.12967869639396667 723
1585135740689 0.12776035070419312 724
1585135773637 0.14372211694717407 725
1585135806307 0.1339300125837326 726
1585135838609 0.13792715966701508 727
1585135871502 0.14177870750427246 728
1585135904026 0.1356377899646759 729
1585135936505 0.13460415601730347 730
1585135969146 0.13996505737304688 731
1585136001816 0.14495816826820374 732
1585136034530 0.14283543825149536 733
1585136067135 0.13782650232315063 734
1585136099737 0.13514527678489685 735
1585136132190 0.1454039067029953 736
1585136165113 0.13624614477157593 737
1585136197979 0.1419985592365265 738
1585136230727 0.141472727060318 739
1585136263506 0.13715362548828125 740
1585136296285 0.13891208171844482 741
1585136329656 0.1344076693058014 742
1585136362463 0.13398891687393188 743
1585136395647 0.135606050491333 744
1585136428090 0.12958212196826935 745
1585136460367 0.13319599628448486 746
1585136492852 0.13993418216705322 747
1585136525331 0.1294284462928772 748
1585136557769 0.1320522129535675 749
1585136590460 0.13381896913051605 750
1585136623590 0.13561829924583435 751
1585136656823 0.13254807889461517 752
1585136689652 0.13628901541233063 753
1585136722782 0.1343383491039276 754
1585136755942 0.1344136744737625 755
1585136788659 0.13728731870651245 756
1585136821329 0.13248662650585175 757
1585136853989 0.13405559957027435 758
1585136886414 0.13774654269218445 759
1585136918845 0.13268812000751495 760
1585136951623 0.13876278698444366 761
1585136984254 0.12634971737861633 762
1585137017598 0.13015887141227722 763
1585137050267 0.13406963646411896 764
1585137082569 0.13443440198898315 765
1585137115310 0.13647517561912537 766
1585137148190 0.12750984728336334 767
1585137180864 0.13231924176216125 768
1585137213548 0.1265394389629364 769
1585137246075 0.1318657100200653 770
1585137278739 0.1302454173564911 771
1585137311414 0.1340518593788147 772
1585137344025 0.1461871862411499 773
1585137377177 0.13915672898292542 774
1585137409564 0.1406356245279312 775
1585137442034 0.14145280420780182 776
1585137475069 0.13554619252681732 777
1585137507686 0.13107363879680634 778
1585137540285 0.13409779965877533 779
1585137572610 0.14115822315216064 780
1585137605344 0.13075724244117737 781
1585137637984 0.13682229816913605 782
1585137671205 0.13436707854270935 783
1585137704210 0.14432668685913086 784
1585137736666 0.1340819001197815 785
1585137769116 0.12646962702274323 786
1585137801805 0.13053342700004578 787
1585137834588 0.13678960502147675 788
1585137867179 0.1327134221792221 789
1585137899787 0.13051310181617737 790
1585137932759 0.1377328336238861 791
1585137965647 0.14027376472949982 792
1585137998410 0.13212493062019348 793
1585138030758 0.1323276311159134 794
1585138063245 0.13518643379211426 795
1585138096448 0.13842420279979706 796
1585138129056 0.1391882300376892 797
1585138161578 0.14373791217803955 798
1585138194001 0.1341457962989807 799
1585138226531 0.13255193829536438 800
1585138259090 0.13682353496551514 801
1585138291376 0.1465184986591339 802
1585138324423 0.13633081316947937 803
1585138356638 0.13071872293949127 804
1585138389306 0.13316304981708527 805
1585138422094 0.13564462959766388 806
1585138454565 0.13514280319213867 807
1585138487268 0.13224443793296814 808
1585138520043 0.1308363676071167 809
1585138552853 0.13578714430332184 810
1585138585534 0.13099254667758942 811
1585138618138 0.13058319687843323 812
1585138651013 0.1317177712917328 813
1585138683389 0.1307772397994995 814
1585138716053 0.13705697655677795 815
1585138748938 0.13545042276382446 816
1585138781954 0.13477645814418793 817
1585138814435 0.13530248403549194 818
1585138847365 0.13800737261772156 819
1585138879968 0.12984268367290497 820
1585138912814 0.13464172184467316 821
1585138945574 0.1330813765525818 822
1585138978204 0.13881643116474152 823
1585139010925 0.13878516852855682 824
1585139043628 0.13597680628299713 825
1585139076252 0.13068686425685883 826
1585139108800 0.13784149289131165 827
1585139141728 0.1362602710723877 828
1585139174355 0.1400604099035263 829
1585139206931 0.13721273839473724 830
1585139239354 0.1376388967037201 831
1585139272435 0.13201209902763367 832
1585139304787 0.13348962366580963 833
1585139337433 0.14224982261657715 834
1585139369977 0.13585242629051208 835
1585139403917 0.1362915337085724 836
1585139436509 0.1299525648355484 837
1585139469091 0.1378808617591858 838
1585139502013 0.14035488665103912 839
1585139534620 0.13284257054328918 840
1585139567755 0.1367396116256714 841
1585139600459 0.13668771088123322 842
1585139633279 0.13301944732666016 843
1585139665676 0.1345493346452713 844
1585139699321 0.1392853856086731 845
1585139731903 0.1281137615442276 846
1585139764601 0.1293349415063858 847
1585139797246 0.13279315829277039 848
1585139829966 0.13340015709400177 849
1585139862530 0.13146187365055084 850
1585139895478 0.1283438801765442 851
1585139928227 0.13376346230506897 852
1585139960675 0.1314486861228943 853
1585139993125 0.13378243148326874 854
1585140025524 0.13138997554779053 855
1585140057813 0.13266488909721375 856
1585140091236 0.13193947076797485 857
1585140124147 0.1380583941936493 858
1585140156732 0.1313590705394745 859
1585140189035 0.13685673475265503 860
1585140221765 0.13727730512619019 861
1585140254540 0.13221734762191772 862
1585140286889 0.12900108098983765 863
1585140319832 0.14350959658622742 864
1585140352515 0.14125117659568787 865
1585140385387 0.1488528996706009 866
1585140418076 0.1344163715839386 867
1585140450548 0.1341789811849594 868
1585140483576 0.1385548859834671 869
1585140516128 0.13508877158164978 870
1585140548753 0.12611663341522217 871
1585140581045 0.1316584050655365 872
1585140613840 0.13218197226524353 873
1585140646784 0.12378765642642975 874
1585140679849 0.13878953456878662 875
1585140712395 0.12380765378475189 876
1585140745019 0.13314935564994812 877
1585140777898 0.1267869770526886 878
1585140810623 0.1295008659362793 879
1585140846109 0.13170582056045532 880
1585140878946 0.13000836968421936 881
1585140911954 0.13158178329467773 882
1585140944806 0.12552937865257263 883
1585140977524 0.1288161277770996 884
1585141010523 0.13019074499607086 885
1585141043148 0.1298031508922577 886
1585141075463 0.13243773579597473 887
1585141107735 0.1386193037033081 888
1585141141130 0.13753077387809753 889
1585141173739 0.13918450474739075 890
1585141206197 0.13525882363319397 891
1585141239128 0.13427022099494934 892
1585141271765 0.14071886241436005 893
1585141304203 0.14597594738006592 894
1585141336895 0.14283576607704163 895
1585141369609 0.14039906859397888 896
1585141402121 0.13337719440460205 897
1585141434289 0.13259726762771606 898
1585141467093 0.13254114985466003 899
1585141499290 0.12324166297912598 900
1585141531662 0.13232989609241486 901
1585141564431 0.1277233511209488 902
1585141596803 0.1328280121088028 903
1585141629076 0.1295916587114334 904
1585141661062 0.1322648972272873 905
1585141692971 0.1325993686914444 906
1585141725088 0.12719830870628357 907
1585141756984 0.14398193359375 908
1585141788941 0.13149908185005188 909
1585141820775 0.129175066947937 910
1585141852730 0.12872366607189178 911
1585141884724 0.1254991590976715 912
1585141916798 0.13509267568588257 913
1585141949094 0.13941246271133423 914
1585141980712 0.1307266652584076 915
1585142012766 0.12891089916229248 916
1585142044793 0.13716310262680054 917
1585142077034 0.13107264041900635 918
1585142108772 0.1318473219871521 919
1585142140689 0.13287590444087982 920
1585142172827 0.13550381362438202 921
1585142205026 0.1381496787071228 922
1585142237088 0.13467112183570862 923
1585142269595 0.13710924983024597 924
1585142301599 0.13217264413833618 925
1585142333816 0.1372731626033783 926
1585142365937 0.13466987013816833 927
1585142397771 0.1332385540008545 928
1585142430185 0.1345529854297638 929
1585142461837 0.13363146781921387 930
1585142494257 0.1361166536808014 931
1585142526357 0.12989872694015503 932
1585142558149 0.13263511657714844 933
1585142589969 0.13460099697113037 934
1585142622202 0.13546553254127502 935
1585142654275 0.1315513402223587 936
1585142686276 0.12434586882591248 937
1585142718417 0.12355566024780273 938
1585142750482 0.135206937789917 939
1585142782666 0.12946239113807678 940
1585142816024 0.12141478806734085 941
1585142848006 0.12454763054847717 942
1585142880123 0.13406160473823547 943
1585142913296 0.12877319753170013 944
1585142945539 0.1342698633670807 945
1585142977739 0.1313115656375885 946
1585143009829 0.13239243626594543 947
1585143042067 0.13142520189285278 948
1585143073920 0.12748649716377258 949
1585143105873 0.14557015895843506 950
1585143138407 0.13061943650245667 951
1585143170724 0.13225865364074707 952
1585143202801 0.12684297561645508 953
1585143234713 0.13117961585521698 954
1585143266823 0.13408437371253967 955
1585143298970 0.141607403755188 956
1585143330663 0.1331869661808014 957
1585143362761 0.14659187197685242 958
1585143394653 0.13188031315803528 959
1585143426609 0.13488170504570007 960
1585143459627 0.13619253039360046 961
1585143491775 0.1344325840473175 962
1585143523966 0.13209190964698792 963
1585143556065 0.13199776411056519 964
1585143588417 0.14039811491966248 965
1585143620061 0.13841044902801514 966
1585143652610 0.1297522932291031 967
1585143684774 0.13436123728752136 968
1585143716887 0.1324884295463562 969
1585143748766 0.14116278290748596 970
1585143780556 0.129002183675766 971
1585143812816 0.1271427720785141 972
1585143844685 0.12561461329460144 973
1585143876567 0.12789037823677063 974
1585143908630 0.13187171518802643 975
1585143940821 0.13213005661964417 976
1585143972825 0.12911243736743927 977
1585144005037 0.12657701969146729 978
1585144037423 0.12488293647766113 979
1585144069658 0.1302413046360016 980
1585144101546 0.1294037401676178 981
1585144133501 0.1330576241016388 982
1585144165569 0.1288960874080658 983
1585144197610 0.12688827514648438 984
1585144229596 0.12539441883563995 985
1585144261580 0.13211184740066528 986
1585144293859 0.1314782202243805 987
1585144325880 0.13779622316360474 988
1585144358078 0.14117611944675446 989
1585144389936 0.14299044013023376 990
1585144422126 0.1401977837085724 991
1585144453841 0.12919524312019348 992
1585144485619 0.13404898345470428 993
1585144517946 0.12859858572483063 994
1585144550109 0.13880343735218048 995
1585144582049 0.1328469216823578 996
1585144613770 0.1346069872379303 997
1585144646156 0.12873083353042603 998
1585144678380 0.13866980373859406 999
1585144711153 0.1267351359128952 1000
1585144742934 0.13112735748291016 1001
1585144774749 0.13656899333000183 1002
1585144807234 0.13633635640144348 1003
1585144839230 0.12719345092773438 1004
1585144871402 0.1287713348865509 1005
1585144903229 0.12914900481700897 1006
1585144934902 0.13732559978961945 1007
1585144967087 0.1368531584739685 1008
1585144999064 0.1278936266899109 1009
1585145031359 0.12811574339866638 1010
1585145063308 0.12492816895246506 1011
1585145095258 0.11968289315700531 1012
1585145127193 0.1352759748697281 1013
1585145159320 0.1281101107597351 1014
1585145191549 0.13646149635314941 1015
1585145223879 0.13478241860866547 1016
1585145255835 0.14397256076335907 1017
1585145287970 0.12896403670310974 1018
1585145320079 0.1298387199640274 1019
1585145351876 0.12971293926239014 1020
1585145384001 0.13762107491493225 1021
1585145416102 0.13177017867565155 1022
1585145448483 0.12906888127326965 1023
1585145480776 0.13796818256378174 1024
1585145512679 0.14546075463294983 1025
1585145545564 0.1284385621547699 1026
1585145577450 0.12961801886558533 1027
1585145609456 0.1340387761592865 1028
1585145641573 0.12853191792964935 1029
1585145673492 0.12317363917827606 1030
1585145705301 0.1407623142004013 1031
1585145737394 0.12982088327407837 1032
1585145769384 0.1352851390838623 1033
1585145801523 0.1319071650505066 1034
1585145833442 0.1241399496793747 1035
1585145865714 0.13297133147716522 1036
1585145897742 0.12440332770347595 1037
1585145929642 0.13092535734176636 1038
1585145961651 0.1257556676864624 1039
1585145993489 0.1361154317855835 1040
1585146025997 0.13027851283550262 1041
1585146057962 0.13009420037269592 1042
1585146089951 0.12718817591667175 1043
1585146122170 0.13570886850357056 1044
1585146154185 0.13403967022895813 1045
1585146186421 0.1295994371175766 1046
1585146218289 0.1334039866924286 1047
1585146249825 0.12433075904846191 1048
1585146282343 0.13388626277446747 1049
1585146314468 0.13651922345161438 1050
1585146346865 0.1318894326686859 1051
1585146379042 0.12667518854141235 1052
1585146410693 0.12520766258239746 1053
1585146442725 0.12725956737995148 1054
1585146475001 0.1334879994392395 1055
1585146506834 0.13738292455673218 1056
1585146539935 0.13136059045791626 1057
1585146571964 0.1264512687921524 1058
1585146604168 0.12625674903392792 1059
1585146636381 0.12725232541561127 1060
1585146668575 0.1394955962896347 1061
1585146700597 0.1282082498073578 1062
1585146733153 0.12453143298625946 1063
1585146765617 0.12883183360099792 1064
1585146797734 0.12536469101905823 1065
1585146829750 0.12927410006523132 1066
1585146862099 0.1307850182056427 1067
1585146893784 0.13204699754714966 1068
1585146925910 0.13816489279270172 1069
1585146957794 0.1402866244316101 1070
1585146989635 0.134893536567688 1071
1585147021560 0.12796811759471893 1072
1585147053671 0.131331667304039 1073
1585147085673 0.1297716200351715 1074
1585147118874 0.13331404328346252 1075
1585147151691 0.1236589103937149 1076
1585147184584 0.12896031141281128 1077
1585147217398 0.12876386940479279 1078
1585147249751 0.12739357352256775 1079
1585147281744 0.12109677493572235 1080
1585147314028 0.1283271312713623 1081
1585147346274 0.13004347681999207 1082
1585147378137 0.12979960441589355 1083
1585147410258 0.12783028185367584 1084
1585147443776 0.12080790102481842 1085
1585147476196 0.1299229860305786 1086
1585147509432 0.12801897525787354 1087
1585147541543 0.13147562742233276 1088
1585147573609 0.13326159119606018 1089
1585147605625 0.12861201167106628 1090
1585147637526 0.1316729635000229 1091
1585147669512 0.12998038530349731 1092
1585147701828 0.12629203498363495 1093
1585147734225 0.1304084062576294 1094
1585147766426 0.12585492432117462 1095
1585147798483 0.1309777945280075 1096
1585147830544 0.13142472505569458 1097
1585147862542 0.12517039477825165 1098
1585147894218 0.1249346137046814 1099
1585147926392 0.12995865941047668 1100
1585147958237 0.13254372775554657 1101
1585147990188 0.13470424711704254 1102
1585148022381 0.13278363645076752 1103
1585148054288 0.13534018397331238 1104
1585148086363 0.12481692433357239 1105
1585148118251 0.14259719848632812 1106
1585148151246 0.126021146774292 1107
1585148183319 0.12649360299110413 1108
1585148215396 0.13133594393730164 1109
1585148247694 0.12889313697814941 1110
1585148279942 0.1327439546585083 1111
1585148311836 0.12931214272975922 1112
1585148343874 0.12901347875595093 1113
1585148376470 0.1266057789325714 1114
1585148408597 0.12741386890411377 1115
1585148440306 0.12584249675273895 1116
1585148472116 0.1294199526309967 1117
1585148504007 0.13581088185310364 1118
1585148536029 0.13403192162513733 1119
1585148568509 0.12808646261692047 1120
1585148602157 0.13142769038677216 1121
1585148634378 0.12409237027168274 1122
1585148666207 0.12953951954841614 1123
1585148698818 0.12195646017789841 1124
1585148730738 0.12748180329799652 1125
1585148762692 0.12028639018535614 1126
1585148794990 0.12474468350410461 1127
1585148827164 0.1323736608028412 1128
1585148860097 0.126796156167984 1129
1585148891855 0.12623333930969238 1130
1585148923338 0.12508507072925568 1131
1585148955364 0.13221414387226105 1132
1585148987379 0.13438013195991516 1133
1585149019247 0.13067978620529175 1134
1585149051478 0.13640475273132324 1135
1585149083752 0.12589414417743683 1136
1585149115820 0.1283169537782669 1137
1585149147972 0.13453605771064758 1138
1585149180000 0.1293022185564041 1139
1585149212175 0.12683261930942535 1140
1585149244199 0.12535086274147034 1141
1585149276167 0.12851017713546753 1142
1585149308272 0.12742969393730164 1143
1585149340236 0.12432079017162323 1144
1585149372151 0.13121691346168518 1145
1585149404091 0.1311945617198944 1146
1585149435880 0.12731783092021942 1147
1585149468011 0.1334092915058136 1148
1585149500284 0.13723304867744446 1149
1585149532266 0.12792430818080902 1150
1585149564291 0.127313494682312 1151
1585149596353 0.1262616068124771 1152
1585149628643 0.12590256333351135 1153
1585149660715 0.12635523080825806 1154
1585149692719 0.13111735880374908 1155
1585149724796 0.1281861960887909 1156
1585149756903 0.1272144466638565 1157
1585149788751 0.12477508932352066 1158
1585149820779 0.127349853515625 1159
1585149853199 0.12668520212173462 1160
1585149885178 0.12421915680170059 1161
1585149917295 0.12888062000274658 1162
1585149949003 0.12505486607551575 1163
1585149980716 0.12738347053527832 1164
1585150012734 0.13038620352745056 1165
1585150044570 0.12988686561584473 1166
1585150076743 0.12816211581230164 1167
1585150109016 0.12666846811771393 1168
1585150141051 0.13330726325511932 1169
1585150173402 0.12843933701515198 1170
1585150205236 0.12631630897521973 1171
1585150238009 0.13661041855812073 1172
1585150269973 0.12793464958667755 1173
1585150303607 0.1310371607542038 1174
1585150335843 0.1376950889825821 1175
1585150369029 0.13119645416736603 1176
1585150401207 0.1345352679491043 1177
1585150433273 0.13570694625377655 1178
1585150465427 0.13776154816150665 1179
1585150497371 0.13505569100379944 1180
1585150529379 0.12800410389900208 1181
1585150561454 0.128557950258255 1182
1585150593583 0.13743168115615845 1183
1585150625453 0.12198014557361603 1184
1585150659124 0.12020188570022583 1185
1585150691157 0.12932664155960083 1186
1585150723359 0.12359323352575302 1187
1585150755161 0.12594416737556458 1188
1585150787167 0.12620007991790771 1189
1585150819407 0.12772893905639648 1190
1585150851306 0.11954814195632935 1191
1585150883505 0.13108032941818237 1192
1585150915878 0.1265939474105835 1193
1585150947770 0.1289847046136856 1194
1585150979255 0.1441153585910797 1195
1585151011325 0.12512117624282837 1196
1585151043351 0.1296693980693817 1197
1585151075463 0.1289108395576477 1198
1585151108129 0.13160490989685059 1199
1585151140446 0.13441020250320435 1200
1585151172530 0.1286371350288391 1201
1585151204496 0.1358727216720581 1202
1585151236441 0.13533392548561096 1203
1585151268631 0.1257699429988861 1204
1585151302406 0.12969352304935455 1205
1585151334263 0.13696257770061493 1206
1585151366304 0.12807908654212952 1207
1585151398732 0.13102824985980988 1208
1585151430750 0.13352113962173462 1209
1585151462509 0.12886472046375275 1210
1585151494675 0.12818771600723267 1211
1585151526826 0.12944070994853973 1212
1585151558703 0.12630979716777802 1213
1585151591067 0.13108985126018524 1214
1585151622856 0.13415907323360443 1215
1585151654944 0.12527555227279663 1216
1585151686863 0.1340988576412201 1217
1585151719081 0.13435415923595428 1218
1585151751051 0.12117482721805573 1219
1585151783090 0.12954017519950867 1220
1585151815413 0.12277507781982422 1221
1585151847423 0.1268899291753769 1222
1585151879457 0.12520965933799744 1223
1585151911593 0.12914907932281494 1224
1585151943375 0.12443818897008896 1225
1585151975409 0.13344800472259521 1226
1585152007192 0.12429293245077133 1227
1585152039355 0.13139179348945618 1228
1585152071264 0.12957388162612915 1229
1585152104131 0.12305071949958801 1230
1585152136524 0.12571874260902405 1231
1585152168352 0.12614692747592926 1232
1585152200184 0.1364881545305252 1233
1585152232060 0.12752407789230347 1234
1585152264514 0.12879687547683716 1235
1585152296148 0.1257748007774353 1236
1585152328469 0.12873470783233643 1237
1585152360511 0.1296110302209854 1238
1585152392681 0.1245073676109314 1239
1585152424974 0.13354375958442688 1240
1585152456693 0.13060720264911652 1241
1585152488136 0.12235674262046814 1242
1585152520193 0.12643128633499146 1243
1585152552475 0.1291172355413437 1244
1585152585426 0.13228371739387512 1245
1585152617745 0.13201038539409637 1246
1585152650404 0.12828847765922546 1247
1585152682445 0.13977131247520447 1248
1585152714362 0.12394454330205917 1249
1585152747024 0.12089560925960541 1250
1585152779292 0.1353030502796173 1251
1585152811148 0.14478246867656708 1252
1585152843109 0.12617050111293793 1253
1585152876040 0.12340259552001953 1254
1585152908820 0.13646769523620605 1255
1585152940919 0.12831956148147583 1256
1585152973227 0.12725162506103516 1257
1585153005409 0.12760677933692932 1258
1585153037324 0.13472042977809906 1259
1585153069298 0.12497102469205856 1260
1585153101274 0.1297471821308136 1261
1585153133166 0.1251419186592102 1262
1585153165002 0.12943193316459656 1263
1585153197603 0.13325154781341553 1264
1585153229779 0.12593460083007812 1265
1585153262790 0.12850548326969147 1266
1585153294774 0.13411059975624084 1267
1585153326777 0.1210685595870018 1268
1585153358656 0.12669363617897034 1269
1585153390417 0.1268424391746521 1270
1585153422376 0.12844537198543549 1271
1585153454232 0.1304580569267273 1272
1585153486466 0.13030347228050232 1273
1585153518274 0.1376567929983139 1274
1585153550313 0.12865176796913147 1275
1585153582491 0.12882590293884277 1276
1585153614582 0.12629936635494232 1277
1585153646392 0.137372225522995 1278
1585153678189 0.12950150668621063 1279
1585153710236 0.13708899915218353 1280
1585153742573 0.13275468349456787 1281
1585153774750 0.1324341893196106 1282
1585153806987 0.12673400342464447 1283
1585153838792 0.1300019472837448 1284
1585153870897 0.12419389933347702 1285
1585153902654 0.1299004703760147 1286
1585153934723 0.13080215454101562 1287
1585153966666 0.13200566172599792 1288
1585153998740 0.126047283411026 1289
1585154030911 0.1257994920015335 1290
1585154062927 0.1339084804058075 1291
1585154095077 0.12478707730770111 1292
1585154127063 0.1283128261566162 1293
1585154159118 0.12238802760839462 1294
1585154190898 0.12777769565582275 1295
1585154222810 0.1264752745628357 1296
1585154254875 0.12777195870876312 1297
1585154286944 0.12527477741241455 1298
1585154318717 0.12745410203933716 1299
1585154350903 0.12916350364685059 1300
1585154383719 0.12861904501914978 1301
1585154416532 0.1262633353471756 1302
1585154450043 0.12743212282657623 1303
1585154483101 0.12477097660303116 1304
1585154516888 0.13250675797462463 1305
1585154550444 0.12389254570007324 1306
1585154583671 0.13775217533111572 1307
1585154616868 0.1317116618156433 1308
1585154649981 0.1345064342021942 1309
1585154683108 0.13941463828086853 1310
1585154716265 0.13062262535095215 1311
1585154749574 0.1306307017803192 1312
1585154782566 0.1372942328453064 1313
1585154815744 0.13238373398780823 1314
1585154849284 0.12667040526866913 1315
1585154882430 0.12885838747024536 1316
1585154916131 0.1273699849843979 1317
1585154950095 0.1355329155921936 1318
1585154983679 0.13869653642177582 1319
1585155016886 0.13042111694812775 1320
1585155049898 0.13679316639900208 1321
1585155082841 0.12645988166332245 1322
1585155116262 0.1356341391801834 1323
1585155149380 0.13243335485458374 1324
1585155182703 0.13126140832901 1325
1585155216112 0.12843990325927734 1326
1585155249421 0.12977468967437744 1327
1585155282973 0.12425124645233154 1328
1585155316037 0.12895715236663818 1329
1585155350328 0.12884558737277985 1330
1585155383276 0.12887616455554962 1331
1585155416852 0.1256861835718155 1332
1585155450136 0.12862859666347504 1333
1585155483291 0.12845095992088318 1334
1585155516385 0.13237732648849487 1335
1585155549677 0.131318598985672 1336
1585155582929 0.1364648938179016 1337
1585155616442 0.1316433697938919 1338
1585155649500 0.12231899052858353 1339
1585155682758 0.12601520121097565 1340
1585155716254 0.12876158952713013 1341
1585155749445 0.1304500699043274 1342
1585155782479 0.1269514411687851 1343
1585155815478 0.12905442714691162 1344
1585155848491 0.13342463970184326 1345
1585155881719 0.13056986033916473 1346
1585155914967 0.13519641757011414 1347
1585155948199 0.1302422732114792 1348
1585155981519 0.12867215275764465 1349
1585156014654 0.13291867077350616 1350
1585156048065 0.1302042305469513 1351
1585156081152 0.1357019543647766 1352
1585156114578 0.12343701720237732 1353
1585156148888 0.1326816827058792 1354
1585156182031 0.12631948292255402 1355
1585156215320 0.13004249334335327 1356
1585156249856 0.1258615404367447 1357
1585156282992 0.14213046431541443 1358
1585156316431 0.1318259984254837 1359
1585156349967 0.12642283737659454 1360
1585156383214 0.12728160619735718 1361
1585156416600 0.12474559247493744 1362
1585156449990 0.1321563720703125 1363
1585156483292 0.12595081329345703 1364
1585156516282 0.12741973996162415 1365
1585156550422 0.1319909691810608 1366
1585156583396 0.12636983394622803 1367
1585156617175 0.12893648445606232 1368
1585156650423 0.12286047637462616 1369
1585156683853 0.13389550149440765 1370
1585156716852 0.1312227100133896 1371
1585156750098 0.12797307968139648 1372
1585156783429 0.13167989253997803 1373
1585156816744 0.13516047596931458 1374
1585156849624 0.13164079189300537 1375
1585156883111 0.13347233831882477 1376
1585156916584 0.13349944353103638 1377
1585156949816 0.13405431807041168 1378
1585156983183 0.15111303329467773 1379
1585157016557 0.13331928849220276 1380
1585157050190 0.1244506910443306 1381
1585157084423 0.12917470932006836 1382
1585157117467 0.132256418466568 1383
1585157150736 0.13189548254013062 1384
1585157183695 0.12710583209991455 1385
1585157217236 0.12953121960163116 1386
1585157250448 0.1338786780834198 1387
1585157283989 0.12898945808410645 1388
1585157317844 0.12775298953056335 1389
1585157351146 0.13545182347297668 1390
1585157384596 0.13430219888687134 1391
1585157417691 0.13113100826740265 1392
1585157451051 0.1321423053741455 1393
1585157485067 0.13280585408210754 1394
1585157518191 0.1330944299697876 1395
1585157551870 0.13157373666763306 1396
1585157585118 0.13412778079509735 1397
1585157619354 0.13986711204051971 1398
1585157652518 0.13550111651420593 1399
1585157685619 0.13786950707435608 1400
1585157718847 0.13286486268043518 1401
1585157752082 0.15253695845603943 1402
1585157786436 0.14479663968086243 1403
1585157820190 0.13991783559322357 1404
1585157853571 0.14050808548927307 1405
1585157886976 0.1380290985107422 1406
1585157920061 0.14123742282390594 1407
1585157953343 0.13982897996902466 1408
1585157986554 0.14205874502658844 1409
1585158021102 0.14242756366729736 1410
1585158054528 0.14018896222114563 1411
1585158088409 0.14439359307289124 1412
1585158121774 0.14303283393383026 1413
1585158155044 0.14593380689620972 1414
1585158187957 0.15376967191696167 1415
1585158220978 0.14778931438922882 1416
1585158253975 0.14799749851226807 1417
1585158288164 0.15080681443214417 1418
1585158321125 0.14154869318008423 1419
1585158354506 0.14324770867824554 1420
1585158387841 0.1506660282611847 1421
1585158421080 0.14797142148017883 1422
1585158453510 0.14010782539844513 1423
1585158484748 0.15224513411521912 1424
1585158516811 0.14516378939151764 1425
1585158548991 0.14240817725658417 1426
1585158581636 0.14733344316482544 1427
1585158613423 0.14460614323616028 1428
1585158645693 0.14833363890647888 1429
1585158677963 0.1419016718864441 1430
1585158710765 0.14681696891784668 1431
1585158744204 0.14322540163993835 1432
1585158777512 0.14167551696300507 1433
1585158811002 0.1463628113269806 1434
1585158845208 0.14651963114738464 1435
1585158878065 0.14521263539791107 1436
1585158911058 0.15032362937927246 1437
1585158944868 0.15901248157024384 1438
1585158977983 0.14168411493301392 1439
1585159011231 0.13357985019683838 1440
1585159044560 0.1441429853439331 1441
1585159077975 0.1412689983844757 1442
1585159111241 0.14197008311748505 1443
1585159144185 0.1383124142885208 1444
1585159177562 0.1400068998336792 1445
1585159210705 0.14934684336185455 1446
1585159243996 0.13968530297279358 1447
1585159277395 0.13959510624408722 1448
1585159310500 0.1353800892829895 1449
1585159343956 0.14711368083953857 1450
1585159377063 0.1488887071609497 1451
1585159410291 0.14482668042182922 1452
1585159443408 0.14748862385749817 1453
1585159476865 0.13581013679504395 1454
1585159509965 0.1419754922389984 1455
1585159543435 0.15210014581680298 1456
1585159576441 0.13972550630569458 1457
1585159609528 0.14960920810699463 1458
1585159643084 0.13419125974178314 1459
1585159676291 0.14039094746112823 1460
1585159709443 0.13646289706230164 1461
1585159742813 0.14179812371730804 1462
1585159776349 0.13737604022026062 1463
1585159809659 0.13742093741893768 1464
1585159842835 0.1322883665561676 1465
1585159876015 0.14052221179008484 1466
1585159909428 0.13566330075263977 1467
1585159942534 0.1292242705821991 1468
1585159975405 0.13361509144306183 1469
1585160008580 0.13481612503528595 1470
1585160041750 0.14265190064907074 1471
1585160075125 0.13400597870349884 1472
1585160108462 0.13464564085006714 1473
1585160141646 0.1411876082420349 1474
1585160175118 0.14018598198890686 1475
1585160209106 0.12952783703804016 1476
1585160242342 0.13593050837516785 1477
1585160275537 0.12804481387138367 1478
1585160308551 0.13139446079730988 1479
1585160341761 0.13405662775039673 1480
1585160374951 0.13502079248428345 1481
1585160408308 0.13013525307178497 1482
1585160441638 0.13585902750492096 1483
1585160474895 0.12854424118995667 1484
1585160508227 0.13350938260555267 1485
1585160541354 0.13369843363761902 1486
1585160574276 0.13235622644424438 1487
1585160607294 0.12989726662635803 1488
1585160640645 0.1343230903148651 1489
1585160673805 0.1301308274269104 1490
1585160706786 0.13346579670906067 1491
1585160740245 0.12596677243709564 1492
1585160773356 0.12949854135513306 1493
1585160806782 0.12964819371700287 1494
1585160840112 0.13831272721290588 1495
1585160873682 0.1312769055366516 1496
1585160907082 0.14744752645492554 1497
1585160940490 0.13086409866809845 1498
1585160973901 0.1439131498336792 1499
1585161007545 0.1407354772090912 1500
