1585111710907 0.30811119079589844 0
1585111744349 0.6827036142349243 1
1585111777592 0.6797804236412048 2
1585111811439 0.5346709489822388 3
1585111845180 0.3196117877960205 4
1585111878712 0.6070626974105835 5
1585111912260 0.8354724645614624 6
1585111945783 0.7044646739959717 7
1585111979284 0.6787254810333252 8
1585112012540 0.6789222955703735 9
1585112046198 0.6816486120223999 10
1585112079950 0.6919934749603271 11
1585112113592 0.7720394134521484 12
1585112148144 0.8541519641876221 13
1585112181487 0.8539420366287231 14
1585112215041 0.8423212766647339 15
1585112248980 0.8339208960533142 16
1585112282653 0.8347479104995728 17
1585112316002 0.8332318663597107 18
1585112349436 0.8413976430892944 19
1585112382927 0.8490273952484131 20
1585112416368 0.8537822365760803 21
1585112449704 0.8703298568725586 22
1585112482871 0.8685282468795776 23
1585112516196 0.8615012764930725 24
1585112549777 0.8444557785987854 25
1585112583429 0.8361947536468506 26
1585112617256 0.8228061199188232 27
1585112650551 0.8305157423019409 28
1585112684208 0.8486801385879517 29
1585112717502 0.8615106344223022 30
1585112752967 0.8618497848510742 31
1585112786508 0.871936023235321 32
1585112820167 0.8687613010406494 33
1585112853467 0.8725520372390747 34
1585112888602 0.8640130758285522 35
1585112922292 0.8649839162826538 36
1585112955435 0.8660072684288025 37
1585112989006 0.8702654242515564 38
1585113022350 0.8769676685333252 39
1585113055880 0.8752316236495972 40
1585113089298 0.8813976049423218 41
1585113122759 0.8842320442199707 42
1585113156147 0.8715406656265259 43
1585113190016 0.8895108699798584 44
1585113223653 0.8807253837585449 45
1585113257285 0.8843719959259033 46
1585113291881 0.875891923904419 47
1585113325274 0.8903522491455078 48
1585113358872 0.8871932029724121 49
1585113392371 0.8782033920288086 50
1585113425462 0.8946210741996765 51
1585113458633 0.8852747678756714 52
1585113492514 0.8944166302680969 53
1585113525786 0.8889238834381104 54
1585113559086 0.8873844146728516 55
1585113592351 0.8908449411392212 56
1585113625988 0.8929386138916016 57
1585113659494 0.8954859972000122 58
1585113693200 0.8945488929748535 59
1585113726514 0.9033725261688232 60
1585113760010 0.9019259214401245 61
1585113793675 0.901564359664917 62
1585113827731 0.8992056250572205 63
1585113861275 0.9121459722518921 64
1585113894881 0.9033002257347107 65
1585113928392 0.9057584404945374 66
1585113962008 0.909327507019043 67
1585113996337 0.9059404134750366 68
1585114030386 0.9057570695877075 69
1585114063696 0.9065497517585754 70
1585114097128 0.9117581248283386 71
1585114130625 0.9034130573272705 72
1585114163926 0.9081769585609436 73
1585114197445 0.9085545539855957 74
1585114231105 0.9052864909172058 75
1585114264869 0.9114725589752197 76
1585114298436 0.9114030599594116 77
1585114332070 0.9107270836830139 78
1585114365655 0.9102591276168823 79
1585114399288 0.914161205291748 80
1585114433615 0.9134835004806519 81
1585114466927 0.9098674058914185 82
1585114500984 0.901267409324646 83
1585114534285 0.9125993251800537 84
1585114567795 0.9106876850128174 85
1585114601379 0.9169063568115234 86
1585114634928 0.9148005843162537 87
1585114668835 0.9134681224822998 88
1585114702374 0.9151084423065186 89
1585114735678 0.9167423844337463 90
1585114770140 0.9118565320968628 91
1585114803613 0.9166873693466187 92
1585114836904 0.9227696657180786 93
1585114870806 0.9187695980072021 94
1585114904187 0.9178835153579712 95
1585114937494 0.9169559478759766 96
1585114971038 0.9275326728820801 97
1585115004412 0.9149512052536011 98
1585115038591 0.9144993424415588 99
1585115071802 0.9253681302070618 100
1585115105369 0.9194784164428711 101
1585115138870 0.9218512177467346 102
1585115172882 0.9215956926345825 103
1585115206720 0.9158265590667725 104
1585115241989 0.9239213466644287 105
1585115276450 0.9202553033828735 106
1585115309753 0.9149538278579712 107
1585115343343 0.9265930652618408 108
1585115376977 0.9236069917678833 109
1585115410702 0.925063967704773 110
1585115444338 0.9242594242095947 111
1585115477956 0.9256613254547119 112
1585115511204 0.9197311401367188 113
1585115545021 0.9306850433349609 114
1585115578417 0.9269940853118896 115
1585115612012 0.9202539920806885 116
1585115646024 0.9263847470283508 117
1585115679272 0.9180762767791748 118
1585115712957 0.9272415637969971 119
1585115746189 0.9286043643951416 120
1585115779491 0.9295492172241211 121
1585115812739 0.9181482791900635 122
1585115845894 0.9260900020599365 123
1585115879115 0.9306299686431885 124
1585115912863 0.9209144115447998 125
1585115946287 0.9321723580360413 126
1585115980191 0.930618166923523 127
1585116014862 0.9243274927139282 128
1585116049825 0.9295896291732788 129
1585116084083 0.9228955507278442 130
1585116117683 0.9212560653686523 131
1585116151089 0.926581084728241 132
1585116184571 0.9162927269935608 133
1585116218129 0.9177905321121216 134
1585116251637 0.9237825870513916 135
1585116285027 0.9271577596664429 136
1585116319059 0.9256325960159302 137
1585116352903 0.9260061979293823 138
1585116386269 0.9279793500900269 139
1585116419416 0.9254649877548218 140
1585116453036 0.9276399612426758 141
1585116486490 0.9315487146377563 142
1585116520095 0.9292805194854736 143
1585116554018 0.9303391575813293 144
1585116587366 0.9316729307174683 145
1585116621037 0.9323924779891968 146
1585116655626 0.9276033639907837 147
1585116689126 0.9317004084587097 148
1585116722528 0.9209558963775635 149
1585116756063 0.9269651174545288 150
1585116789720 0.9309341311454773 151
1585116823133 0.9341155290603638 152
1585116857007 0.933008074760437 153
1585116890293 0.9287288188934326 154
1585116923852 0.9293026924133301 155
1585116957341 0.9272193908691406 156
1585116991148 0.9316573143005371 157
1585117025619 0.9349632263183594 158
1585117058932 0.930394172668457 159
1585117092544 0.935936689376831 160
1585117125926 0.9325482845306396 161
1585117159226 0.9333134889602661 162
1585117192664 0.934144139289856 163
1585117225863 0.936294436454773 164
1585117259376 0.9430161714553833 165
1585117292912 0.9331508874893188 166
1585117326287 0.9384627938270569 167
1585117360203 0.934438943862915 168
1585117393324 0.9301360845565796 169
1585117427770 0.935535728931427 170
1585117461458 0.9359537363052368 171
1585117497262 0.9343421459197998 172
1585117530699 0.9305853843688965 173
1585117563906 0.9347704648971558 174
1585117597810 0.9334353804588318 175
1585117631296 0.9387865662574768 176
1585117664397 0.9294207096099854 177
1585117698285 0.9368523359298706 178
1585117731467 0.9328678846359253 179
1585117764898 0.9327409863471985 180
1585117798391 0.9410035610198975 181
1585117831757 0.9395058155059814 182
1585117865387 0.9322705268859863 183
1585117898702 0.9375482797622681 184
1585117932364 0.930189847946167 185
1585117966368 0.9385756254196167 186
1585117999860 0.936184287071228 187
1585118033686 0.939784824848175 188
1585118067199 0.9372128248214722 189
1585118100693 0.9305631518363953 190
1585118133800 0.9360886812210083 191
1585118167291 0.9315682649612427 192
1585118200876 0.9384918212890625 193
1585118234264 0.9405595064163208 194
1585118267978 0.9373152256011963 195
1585118301488 0.9413508176803589 196
1585118334681 0.9311593770980835 197
1585118368282 0.9370872378349304 198
1585118401862 0.9385466575622559 199
1585118435276 0.9372835159301758 200
1585118468902 0.9387302398681641 201
1585118502500 0.9370478391647339 202
1585118536548 0.9413795471191406 203
1585118569943 0.9498637318611145 204
1585118604659 0.9385035037994385 205
1585118638132 0.9433004856109619 206
1585118671598 0.9390079379081726 207
1585118705294 0.9390891194343567 208
1585118738821 0.9446840882301331 209
1585118772087 0.9381155967712402 210
1585118805653 0.9434354305267334 211
1585118839860 0.9428668022155762 212
1585118873273 0.9385521411895752 213
1585118906821 0.9309524297714233 214
1585118940183 0.9412944316864014 215
1585118973723 0.9409090280532837 216
1585119007507 0.9388676881790161 217
1585119040850 0.9371199607849121 218
1585119074490 0.9507087469100952 219
1585119108056 0.9427958130836487 220
1585119141572 0.9492974281311035 221
1585119175026 0.9428247809410095 222
1585119209951 0.9417188763618469 223
1585119243919 0.9420739412307739 224
1585119277466 0.935147762298584 225
1585119310837 0.947311282157898 226
1585119344294 0.9347572326660156 227
1585119378234 0.9352028965950012 228
1585119411566 0.9396329522132874 229
1585119444951 0.9383803606033325 230
1585119478641 0.9416980147361755 231
1585119511941 0.9374893307685852 232
1585119546158 0.9415878057479858 233
1585119580449 0.9396303296089172 234
1585119614145 0.9492843747138977 235
1585119647861 0.940273642539978 236
1585119681156 0.9444507360458374 237
1585119714385 0.9480618238449097 238
1585119747698 0.9439124464988708 239
1585119781364 0.9420201778411865 240
1585119815653 0.9444653391838074 241
1585119848773 0.9487800598144531 242
1585119882256 0.9453144073486328 243
1585119915704 0.9404349327087402 244
1585119949333 0.9429649710655212 245
1585119983692 0.9496042728424072 246
1585120017550 0.9453968405723572 247
1585120050933 0.9486463665962219 248
1585120084188 0.9420621395111084 249
1585120117596 0.9501545429229736 250
1585120151061 0.9474225044250488 251
1585120184450 0.9417306184768677 252
1585120218942 0.9500757455825806 253
1585120252611 0.9510886669158936 254
1585120285852 0.9469797611236572 255
1585120319051 0.946074366569519 256
1585120352605 0.9429623484611511 257
1585120386076 0.9376751780509949 258
1585120419446 0.9426571130752563 259
1585120453093 0.9408278465270996 260
1585120486601 0.9450877904891968 261
1585120520285 0.942898154258728 262
1585120554313 0.9468945860862732 263
1585120588000 0.9513273239135742 264
1585120621244 0.9490904211997986 265
1585120654838 0.9511568546295166 266
1585120689748 0.9486567974090576 267
1585120723108 0.9462471008300781 268
1585120756548 0.9440617561340332 269
1585120790418 0.9496315717697144 270
1585120823965 0.9433411955833435 271
1585120858146 0.9406757354736328 272
1585120891655 0.9519757628440857 273
1585120925050 0.940288245677948 274
1585120959960 0.9494063258171082 275
1585120993291 0.9468945860862732 276
1585121026751 0.945715069770813 277
1585121060421 0.940064013004303 278
1585121093782 0.9528798460960388 279
1585121127585 0.945505678653717 280
1585121161372 0.9516993165016174 281
1585121194982 0.945702075958252 282
1585121228465 0.948310911655426 283
1585121263400 0.9504479169845581 284
1585121297190 0.9479924440383911 285
1585121330862 0.9485899209976196 286
1585121364420 0.9437956809997559 287
1585121398115 0.9430762529373169 288
1585121431592 0.9546723365783691 289
1585121465057 0.9530725479125977 290
1585121498654 0.9452172517776489 291
1585121532130 0.9451558589935303 292
1585121566040 0.946117639541626 293
1585121599748 0.9512301683425903 294
1585121633292 0.953143298625946 295
1585121666699 0.9465578198432922 296
1585121700150 0.9537982940673828 297
1585121733576 0.949419379234314 298
1585121767364 0.9495097398757935 299
1585121800946 0.9517543315887451 300
1585121834393 0.9544350504875183 301
1585121867991 0.9512380361557007 302
1585121901473 0.9524605870246887 303
1585121935880 0.9499619007110596 304
1585121969483 0.9491180181503296 305
1585122002617 0.9532821178436279 306
1585122035763 0.953700065612793 307
1585122069221 0.948212742805481 308
1585122103188 0.9499368667602539 309
1585122136750 0.9499368667602539 310
1585122170352 0.9523217082023621 311
1585122203740 0.9475102424621582 312
1585122237413 0.9514371156692505 313
1585122270451 0.9555738568305969 314
1585122303703 0.9517136216163635 315
1585122337428 0.9555083513259888 316
1585122370930 0.9553260803222656 317
1585122405365 0.9524775743484497 318
1585122439060 0.9459484815597534 319
1585122473146 0.9543932676315308 320
1585122507044 0.9500495791435242 321
1585122540301 0.9521840810775757 322
1585122573602 0.9499501585960388 323
1585122608372 0.9530738592147827 324
1585122641742 0.953575611114502 325
1585122675466 0.9564228057861328 326
1585122709351 0.9520018696784973 327
1585122742917 0.9538403749465942 328
1585122776406 0.9479020833969116 329
1585122810302 0.9619796276092529 330
1585122844694 0.9520478248596191 331
1585122877944 0.9536124467849731 332
1585122911323 0.9531432390213013 333
1585122944827 0.9539936184883118 334
1585122978329 0.9550338983535767 335
1585123012466 0.9479910731315613 336
1585123046166 0.950675904750824 337
1585123079782 0.9460792541503906 338
1585123114022 0.9539502859115601 339
1585123147351 0.9501584768295288 340
1585123180979 0.9472665786743164 341
1585123214814 0.9584734439849854 342
1585123249565 0.9527960419654846 343
1585123283146 0.9522154331207275 344
1585123316338 0.9504401683807373 345
1585123350188 0.9433457255363464 346
1585123384038 0.9550495743751526 347
1585123417408 0.9525864124298096 348
1585123450738 0.9507270455360413 349
1585123484428 0.9556863307952881 350
1585123517871 0.9617360830307007 351
1585123551074 0.9550338983535767 352
1585123584713 0.9521186351776123 353
1585123618082 0.9503130316734314 354
1585123652300 0.9588350653648376 355
1585123686530 0.9593394994735718 356
1585123719771 0.9577252864837646 357
1585123754369 0.956923246383667 358
1585123787837 0.9612669944763184 359
1585123821373 0.9587838649749756 360
1585123854729 0.9523990154266357 361
1585123887831 0.958195686340332 362
1585123921111 0.9561450481414795 363
1585123954301 0.9599605798721313 364
1585123987484 0.9543498754501343 365
1585124022442 0.9544351100921631 366
1585124056112 0.9606406688690186 367
1585124090377 0.9512996673583984 368
1585124124268 0.9594457149505615 369
1585124158882 0.9548924565315247 370
1585124192225 0.9618198871612549 371
1585124226607 0.9532006978988647 372
1585124260361 0.9616692066192627 373
1585124293908 0.9565473794937134 374
1585124327523 0.960223913192749 375
1585124361541 0.9571592807769775 376
1585124395919 0.9537969827651978 377
1585124429067 0.9539515376091003 378
1585124462110 0.9574514627456665 379
1585124495080 0.9591823220252991 380
1585124527591 0.9540760517120361 381
1585124560203 0.9628798961639404 382
1585124592659 0.9582270383834839 383
1585124624903 0.9576570987701416 384
1585124657266 0.9546159505844116 385
1585124689744 0.9628798961639404 386
1585124723110 0.9539922475814819 387
1585124756015 0.962447464466095 388
1585124789583 0.9571723341941833 389
1585124822989 0.9563794136047363 390
1585124855664 0.9596683979034424 391
1585124888305 0.9547287225723267 392
1585124920524 0.9566705226898193 393
1585124952979 0.9590473175048828 394
1585124985963 0.9621827602386475 395
1585125018306 0.9612669348716736 396
1585125050877 0.9610166549682617 397
1585125083648 0.9483017921447754 398
1585125116111 0.9558541774749756 399
1585125149209 0.9631996750831604 400
1585125181740 0.9589766263961792 401
1585125214104 0.9556587338447571 402
1585125246416 0.9545478224754333 403
1585125279009 0.9639058113098145 404
1585125311798 0.9548819661140442 405
1585125344476 0.9599775075912476 406
1585125377394 0.9562551975250244 407
1585125409845 0.9482991695404053 408
1585125442433 0.9597128033638 409
1585125475123 0.958904504776001 410
1585125507630 0.9575182199478149 411
1585125539918 0.9623780250549316 412
1585125572467 0.954867422580719 413
1585125605202 0.9635179042816162 414
1585125637625 0.955285370349884 415
1585125669995 0.9572691917419434 416
1585125703693 0.9596997499465942 417
1585125736264 0.9569927453994751 418
1585125768891 0.9519050121307373 419
1585125801386 0.9527579545974731 420
1585125833739 0.9544470310211182 421
1585125866543 0.9600012898445129 422
1585125899084 0.9562106132507324 423
1585125931626 0.9496303200721741 424
1585125965327 0.9492974877357483 425
1585125997860 0.9525076150894165 426
1585126030673 0.9410375356674194 427
1585126063225 0.9470070600509644 428
1585126095780 0.9468997716903687 429
1585126128409 0.9504216909408569 430
1585126160642 0.9420384764671326 431
1585126193580 0.9412145018577576 432
1585126226177 0.9476295113563538 433
1585126258669 0.9435205459594727 434
1585126291140 0.9438207149505615 435
1585126323547 0.942075252532959 436
1585126356000 0.9357427358627319 437
1585126388634 0.9394914507865906 438
1585126421088 0.9428274035453796 439
1585126453621 0.9408659934997559 440
1585126486003 0.9348530173301697 441
1585126518586 0.9406876564025879 442
1585126551327 0.936713695526123 443
1585126583904 0.9378077983856201 444
1585126616477 0.9368642568588257 445
1585126649010 0.935813307762146 446
1585126682154 0.9351073503494263 447
1585126714529 0.9348987340927124 448
1585126746833 0.9346917867660522 449
1585126779296 0.9324381351470947 450
1585126811790 0.9399971961975098 451
1585126844288 0.9447392225265503 452
1585126876826 0.9470045566558838 453
1585126909312 0.9381484985351562 454
1585126941790 0.9455330967903137 455
1585126974405 0.9425598382949829 456
1585127006946 0.9427710771560669 457
1585127039306 0.945073127746582 458
1585127071748 0.9434497356414795 459
1585127104298 0.9415682554244995 460
1585127136756 0.9473373889923096 461
1585127169281 0.9411042928695679 462
1585127201412 0.9470334649085999 463
1585127234283 0.9480041265487671 464
1585127267204 0.9449524879455566 465
1585127300244 0.9469089508056641 466
1585127333196 0.9494783878326416 467
1585127365947 0.9449055194854736 468
1585127398440 0.9433539509773254 469
1585127430884 0.9396747350692749 470
1585127463404 0.9515277147293091 471
1585127495900 0.9474475383758545 472
1585127528428 0.9414097666740417 473
1585127560820 0.9397692084312439 474
1585127593022 0.9371577501296997 475
1585127625575 0.9458516240119934 476
1585127658660 0.9381495714187622 477
1585127691310 0.9412025213241577 478
1585127723814 0.9415484070777893 479
1585127756635 0.9419363737106323 480
1585127789302 0.9408984184265137 481
1585127821538 0.9329807162284851 482
1585127853992 0.9425444006919861 483
1585127886838 0.934299647808075 484
1585127919467 0.9396016001701355 485
1585127952153 0.940159797668457 486
1585127984552 0.9389792084693909 487
1585128017237 0.9422430992126465 488
1585128049949 0.9436030387878418 489
1585128082446 0.9437275528907776 490
1585128114864 0.949948787689209 491
1585128147817 0.9431576728820801 492
1585128180440 0.9447115659713745 493
1585128213067 0.9440591335296631 494
1585128247110 0.9396473169326782 495
1585128279588 0.9447154402732849 496
1585128312520 0.9479623436927795 497
1585128344825 0.9444664120674133 498
1585128377585 0.9404793977737427 499
1585128410271 0.9410860538482666 500
1585128442614 0.9449067711830139 501
1585128475346 0.9376072883605957 502
1585128507836 0.9394797086715698 503
1585128540347 0.9423806667327881 504
1585128573000 0.940383791923523 505
1585128606364 0.9414345622062683 506
1585128638678 0.9432258009910583 507
1585128671408 0.9409090876579285 508
1585128704956 0.9420921802520752 509
1585128737415 0.9391993284225464 510
1585128769888 0.9371042847633362 511
1585128802458 0.9335913062095642 512
1585128835048 0.9397141933441162 513
1585128867664 0.93611741065979 514
1585128900319 0.9381693601608276 515
1585128932909 0.9369387626647949 516
1585128965541 0.9351047277450562 517
1585128999605 0.9356720447540283 518
1585129032374 0.9423503875732422 519
1585129064777 0.939146876335144 520
1585129097161 0.9441586136817932 521
1585129129665 0.9333710670471191 522
1585129162184 0.9379767179489136 523
1585129194668 0.9429086446762085 524
1585129228074 0.9425063133239746 525
1585129260330 0.9471029043197632 526
1585129292793 0.9425195455551147 527
1585129325397 0.9458802938461304 528
1585129357788 0.9471147060394287 529
1585129390129 0.9442673921585083 530
1585129422495 0.9432845711708069 531
1585129454773 0.9364228248596191 532
1585129486987 0.939629077911377 533
1585129519254 0.9399081468582153 534
1585129551960 0.9435034990310669 535
1585129584426 0.9466298818588257 536
1585129616883 0.9399436116218567 537
1585129649459 0.9422848224639893 538
1585129682059 0.9423152208328247 539
1585129714667 0.942875862121582 540
1585129747280 0.9366823434829712 541
1585129780028 0.9436411261558533 542
1585129813097 0.9432767629623413 543
1585129845717 0.9404149055480957 544
1585129878035 0.9453378915786743 545
1585129911782 0.9432427287101746 546
1585129944440 0.9460899829864502 547
1585129977316 0.9492123126983643 548
1585130009702 0.9398950338363647 549
1585130042189 0.9475903511047363 550
1585130074705 0.9455751180648804 551
1585130107140 0.9501558542251587 552
1585130139934 0.9475600123405457 553
1585130172562 0.9422744512557983 554
1585130204915 0.9442005753517151 555
1585130237559 0.9410766959190369 556
1585130270205 0.9434497356414795 557
1585130302643 0.9341611862182617 558
1585130334817 0.9412813186645508 559
1585130367653 0.941042959690094 560
1585130400449 0.940256655216217 561
1585130432884 0.940544843673706 562
1585130465493 0.9442673921585083 563
1585130497920 0.9396039843559265 564
1585130530355 0.9414398670196533 565
1585130562909 0.9401464462280273 566
1585130595551 0.940065324306488 567
1585130628208 0.9333432912826538 568
1585130660758 0.9392987489700317 569
1585130693284 0.9369233250617981 570
1585130725868 0.9493252038955688 571
1585130759615 0.9418512582778931 572
1585130792452 0.9414659738540649 573
1585130826607 0.9467830657958984 574
1585130859263 0.9457453489303589 575
1585130891538 0.9473373889923096 576
1585130923968 0.9467674493789673 577
1585130956629 0.949837327003479 578
1585130989988 0.9472535252571106 579
1585131022330 0.9417003989219666 580
1585131054688 0.9402840733528137 581
1585131087030 0.9379556179046631 582
1585131120064 0.9428130388259888 583
1585131152389 0.9486567974090576 584
1585131185013 0.9431850910186768 585
1585131217503 0.9421159625053406 586
1585131250212 0.9476858973503113 587
1585131282783 0.9435585737228394 588
1585131315640 0.9486437439918518 589
1585131348158 0.9407874345779419 590
1585131380914 0.9435900449752808 591
1585131413350 0.9419060349464417 592
1585131446642 0.9338688254356384 593
1585131479754 0.9437054395675659 594
1585131512044 0.9373673796653748 595
1585131544923 0.9402015805244446 596
1585131577633 0.9347745180130005 597
1585131609870 0.9372597932815552 598
1585131642140 0.9442988634109497 599
1585131674590 0.9460756182670593 600
1585131707398 0.9383015632629395 601
1585131739893 0.9471697807312012 602
1585131772464 0.9376715421676636 603
1585131804903 0.9438520669937134 604
1585131837211 0.9465616941452026 605
1585131870201 0.9365338087081909 606
1585131902715 0.945297360420227 607
1585131935264 0.9397311210632324 608
1585131969112 0.9475312829017639 609
1585132002099 0.9424067735671997 610
1585132034707 0.9396734237670898 611
1585132067435 0.9471029043197632 612
1585132100045 0.9427279233932495 613
1585132132385 0.9392697811126709 614
1585132165129 0.9474999904632568 615
1585132197996 0.9456576108932495 616
1585132231104 0.9326399564743042 617
1585132263512 0.9430618286132812 618
1585132296016 0.9404807090759277 619
1585132328773 0.9434210062026978 620
1585132361648 0.9443251490592957 621
1585132394172 0.9441298246383667 622
1585132426884 0.9343682527542114 623
1585132460440 0.9424945116043091 624
1585132493034 0.942603349685669 625
1585132525521 0.9425208568572998 626
1585132558644 0.9448937773704529 627
1585132591376 0.9437525272369385 628
1585132624148 0.9412839412689209 629
1585132657091 0.9408239126205444 630
1585132690233 0.9399107694625854 631
1585132722902 0.9403838515281677 632
1585132755588 0.9446183443069458 633
1585132789364 0.9413126707077026 634
1585132821875 0.9435218572616577 635
1585132854659 0.9366442561149597 636
1585132887401 0.9392410516738892 637
1585132920155 0.9446066617965698 638
1585132952758 0.9446120262145996 639
1585132985569 0.9388794898986816 640
1585133018240 0.9368225336074829 641
1585133051392 0.9401007890701294 642
1585133084852 0.9438361525535583 643
1585133117380 0.9352723360061646 644
1585133150060 0.9366230964660645 645
1585133182698 0.9419770240783691 646
1585133215322 0.9391742944717407 647
1585133247806 0.9412709474563599 648
1585133280233 0.9411187171936035 649
1585133312693 0.942672848701477 650
1585133345642 0.9470151662826538 651
1585133378990 0.9442673921585083 652
1585133411631 0.9366559982299805 653
1585133444408 0.9402527809143066 654
1585133476921 0.931510329246521 655
1585133509706 0.9397979378700256 656
1585133542405 0.942446231842041 657
1585133575104 0.9435442686080933 658
1585133607815 0.9378560781478882 659
1585133640572 0.9335375428199768 660
1585133673139 0.9379229545593262 661
1585133705977 0.9461424350738525 662
1585133738709 0.9406863451004028 663
1585133771385 0.9407284259796143 664
1585133803931 0.9467817544937134 665
1585133836566 0.9423660635948181 666
1585133870166 0.9450352787971497 667
1585133902515 0.9429336190223694 668
1585133934943 0.9438821077346802 669
1585133968025 0.9467844367027283 670
1585134000652 0.9462983012199402 671
1585134033066 0.9474931955337524 672
1585134066186 0.9442006349563599 673
1585134098763 0.9444206953048706 674
1585134131104 0.9441862106323242 675
1585134164074 0.9409093260765076 676
1585134197711 0.9390734434127808 677
1585134230406 0.9397311210632324 678
1585134264122 0.9455330967903137 679
1585134296558 0.9420465230941772 680
1585134329361 0.9425837993621826 681
1585134362197 0.9391742944717407 682
1585134394766 0.9376020431518555 683
1585134427443 0.9411607384681702 684
1585134460115 0.9400206804275513 685
1585134492815 0.9418786764144897 686
1585134525663 0.9402814507484436 687
1585134558547 0.9399054646492004 688
1585134591806 0.9433698654174805 689
1585134624656 0.9442662000656128 690
1585134657210 0.9410912394523621 691
1585134689792 0.9426859021186829 692
1585134722333 0.9362602233886719 693
1585134755024 0.932816743850708 694
1585134787803 0.9403798580169678 695
1585134820416 0.9367332458496094 696
1585134853132 0.9416835904121399 697
1585134885535 0.9371747970581055 698
1585134918214 0.9377723336219788 699
1585134950795 0.9452934265136719 700
1585134983627 0.941352128982544 701
1585135016515 0.9464359283447266 702
1585135049196 0.9383659362792969 703
1585135083111 0.9430645108222961 704
1585135115596 0.9443249106407166 705
1585135148386 0.9351321458816528 706
1585135182323 0.9414137601852417 707
1585135214967 0.9471684694290161 708
1585135247625 0.9422271847724915 709
1585135280166 0.9394243955612183 710
1585135312885 0.9421290159225464 711
1585135345721 0.9452122449874878 712
1585135379208 0.9399548768997192 713
1585135412216 0.9483529329299927 714
1585135445116 0.949950098991394 715
1585135477575 0.9482283592224121 716
1585135510050 0.9451451301574707 717
1585135542848 0.9505200386047363 718
1585135576209 0.9437445402145386 719
1585135608867 0.9509484767913818 720
1585135642639 0.9474802017211914 721
1585135675687 0.9450456500053406 722
1585135708243 0.9462865591049194 723
1585135740689 0.9453798532485962 724
1585135773637 0.9379492998123169 725
1585135806307 0.942978024482727 726
1585135838609 0.9410873651504517 727
1585135871502 0.9390367269515991 728
1585135904026 0.9443395137786865 729
1585135936505 0.9418525695800781 730
1585135969146 0.943619966506958 731
1585136001816 0.934428334236145 732
1585136034530 0.9378798007965088 733
1585136067135 0.9375326037406921 734
1585136099737 0.9403260946273804 735
1585136132190 0.9375050067901611 736
1585136165113 0.9439597129821777 737
1585136197979 0.942480206489563 738
1585136230727 0.9428942203521729 739
1585136263506 0.9402827620506287 740
1585136296285 0.9398360252380371 741
1585136329656 0.9423819780349731 742
1585136362463 0.942444920539856 743
1585136395647 0.9421564340591431 744
1585136428090 0.9455304145812988 745
1585136460367 0.9428221583366394 746
1585136492852 0.9341191649436951 747
1585136525331 0.947852373123169 748
1585136557769 0.9426008462905884 749
1585136590460 0.9410860538482666 750
1585136623590 0.941298246383667 751
1585136656823 0.9447404742240906 752
1585136689652 0.944182276725769 753
1585136722782 0.9435348510742188 754
1585136755942 0.9433829188346863 755
1585136788659 0.9383816123008728 756
1585136821329 0.9399081468582153 757
1585136853989 0.9448412656784058 758
1585136886414 0.9412171244621277 759
1585136918845 0.9471579790115356 760
1585136951623 0.9388546943664551 761
1585136984254 0.9490590691566467 762
1585137017598 0.94661545753479 763
1585137050267 0.9447966814041138 764
1585137082569 0.9443212747573853 765
1585137115310 0.9439515471458435 766
1585137148190 0.9426859021186829 767
1585137180864 0.9473360776901245 768
1585137213548 0.9468564987182617 769
1585137246075 0.9429399967193604 770
1585137278739 0.9388023018836975 771
1585137311414 0.9407479763031006 772
1585137344025 0.9386764168739319 773
1585137377177 0.9360625743865967 774
1585137409564 0.9421707391738892 775
1585137442034 0.9385886192321777 776
1585137475069 0.9407466650009155 777
1585137507686 0.9456719756126404 778
1585137540285 0.9462405443191528 779
1585137572610 0.9386646747589111 780
1585137605344 0.9447405338287354 781
1585137637984 0.9397574663162231 782
1585137671205 0.9436686038970947 783
1585137704210 0.9375272989273071 784
1585137736666 0.9412419199943542 785
1585137769116 0.9483359456062317 786
1585137801805 0.9433947205543518 787
1585137834588 0.9437693357467651 788
1585137867179 0.9443382024765015 789
1585137899787 0.9447128772735596 790
1585137932759 0.939466655254364 791
1585137965647 0.943202018737793 792
1585137998410 0.9480187892913818 793
1585138030758 0.942963719367981 794
1585138063245 0.9411330819129944 795
1585138096448 0.9398439526557922 796
1585138129056 0.9412000775337219 797
1585138161578 0.9366585612297058 798
1585138194001 0.944057822227478 799
1585138226531 0.942604660987854 800
1585138259090 0.942464292049408 801
1585138291376 0.9403548240661621 802
1585138324423 0.9418681859970093 803
1585138356638 0.9477239847183228 804
1585138389306 0.941175103187561 805
1585138422094 0.9424501061439514 806
1585138454565 0.9467384815216064 807
1585138487268 0.9436975717544556 808
1585138520043 0.9481432437896729 809
1585138552853 0.9427108764648438 810
1585138585534 0.9441141486167908 811
1585138618138 0.9418525695800781 812
1585138651013 0.943977952003479 813
1585138683389 0.9444220066070557 814
1585138716053 0.9406576156616211 815
1585138748938 0.9449645280838013 816
1585138781954 0.9463009238243103 817
1585138814435 0.9428104162216187 818
1585138847365 0.9414082765579224 819
1585138879968 0.9493775367736816 820
1585138912814 0.9422848224639893 821
1585138945574 0.9437118768692017 822
1585138978204 0.9400902986526489 823
1585139010925 0.9414622187614441 824
1585139043628 0.9404256343841553 825
1585139076252 0.9430699348449707 826
1585139108800 0.9409378170967102 827
1585139141728 0.9419771432876587 828
1585139174355 0.9377015829086304 829
1585139206931 0.938257098197937 830
1585139239354 0.9459640979766846 831
1585139272435 0.9425035715103149 832
1585139304787 0.9447848796844482 833
1585139337433 0.9402291774749756 834
1585139369977 0.9368956685066223 835
1585139403917 0.9357845783233643 836
1585139436509 0.9409471750259399 837
1585139469091 0.9421186447143555 838
1585139502013 0.9434918165206909 839
1585139534620 0.9419089555740356 840
1585139567755 0.9400339126586914 841
1585139600459 0.9447141885757446 842
1585139633279 0.9410481452941895 843
1585139665676 0.9411844611167908 844
1585139699321 0.9383435249328613 845
1585139731903 0.9439635276794434 846
1585139764601 0.9443814754486084 847
1585139797246 0.9387695789337158 848
1585139829966 0.9418094754219055 849
1585139862530 0.9405070543289185 850
1585139895478 0.945184588432312 851
1585139928227 0.9436278343200684 852
1585139960675 0.9396828413009644 853
1585139993125 0.9462969899177551 854
1585140025524 0.9457951784133911 855
1585140057813 0.9419363737106323 856
1585140091236 0.9442110061645508 857
1585140124147 0.9396891593933105 858
1585140156732 0.9414910078048706 859
1585140189035 0.946034848690033 860
1585140221765 0.9427803754806519 861
1585140254540 0.9425744414329529 862
1585140286889 0.9463351368904114 863
1585140319832 0.9406325817108154 864
1585140352515 0.9431732892990112 865
1585140385387 0.9366782307624817 866
1585140418076 0.9406446218490601 867
1585140450548 0.947182834148407 868
1585140483576 0.9416692852973938 869
1585140516128 0.9407727718353271 870
1585140548753 0.9475890398025513 871
1585140581045 0.9454349279403687 872
1585140613840 0.9468511939048767 873
1585140646784 0.9444220066070557 874
1585140679849 0.9413964748382568 875
1585140712395 0.9497535228729248 876
1585140745019 0.9440210461616516 877
1585140777898 0.9480056762695312 878
1585140810623 0.9448831081390381 879
1585140846109 0.9496185779571533 880
1585140878946 0.9465487003326416 881
1585140911954 0.9430344104766846 882
1585140944806 0.9471984505653381 883
1585140977524 0.9428234100341797 884
1585141010523 0.9428942203521729 885
1585141043148 0.9444941282272339 886
1585141075463 0.9447431564331055 887
1585141107735 0.9440747499465942 888
1585141141130 0.9395869970321655 889
1585141173739 0.9385899305343628 890
1585141206197 0.9424501657485962 891
1585141239128 0.9442713260650635 892
1585141271765 0.9369519948959351 893
1585141304203 0.9327055215835571 894
1585141336895 0.936920702457428 895
1585141369609 0.9360349178314209 896
1585141402121 0.9440053105354309 897
1585141434289 0.9418786764144897 898
1585141467093 0.9430618286132812 899
1585141499290 0.9497247934341431 900
1585141531662 0.943866491317749 901
1585141564431 0.945364236831665 902
1585141596803 0.9491324424743652 903
1585141629076 0.9461554288864136 904
1585141661062 0.9415301084518433 905
1585141692971 0.9451833367347717 906
1585141725088 0.9436999559402466 907
1585141756984 0.9366335272789001 908
1585141788941 0.9442804455757141 909
1585141820775 0.9437826871871948 910
1585141852730 0.9458816647529602 911
1585141884724 0.9491428732872009 912
1585141916798 0.939742922782898 913
1585141949094 0.9395360946655273 914
1585141980712 0.9413546919822693 915
1585142012766 0.9460873603820801 916
1585142044793 0.9426047205924988 917
1585142077034 0.9457101225852966 918
1585142108772 0.9478247761726379 919
1585142140689 0.9410756826400757 920
1585142172827 0.9431576132774353 921
1585142205026 0.9429479837417603 922
1585142237088 0.9425209760665894 923
1585142269595 0.9389805793762207 924
1585142301599 0.9417961835861206 925
1585142333816 0.939770519733429 926
1585142365937 0.9431025385856628 927
1585142397771 0.9440604448318481 928
1585142430185 0.9395582675933838 929
1585142461837 0.9398977160453796 930
1585142494257 0.9372154474258423 931
1585142526357 0.9453064799308777 932
1585142558149 0.9391455054283142 933
1585142589969 0.9457518458366394 934
1585142622202 0.9392856955528259 935
1585142654275 0.9427618384361267 936
1585142686276 0.9498780965805054 937
1585142718417 0.9471984505653381 938
1585142750482 0.9419376850128174 939
1585142782666 0.943866491317749 940
1585142816024 0.9484171271324158 941
1585142848006 0.9474080801010132 942
1585142880123 0.9446867108345032 943
1585142913296 0.9404373168945312 944
1585142945539 0.9443525075912476 945
1585142977739 0.9456981420516968 946
1585143009829 0.9387155771255493 947
1585143042067 0.946074366569519 948
1585143073920 0.944474458694458 949
1585143105873 0.9357007741928101 950
1585143138407 0.9462288618087769 951
1585143170724 0.9437419176101685 952
1585143202801 0.9416585564613342 953
1585143234713 0.9428784847259521 954
1585143266823 0.9393525123596191 955
1585143298970 0.9408777356147766 956
1585143330663 0.9460335373878479 957
1585143362761 0.9380331039428711 958
1585143394653 0.9419037103652954 959
1585143426609 0.9468382000923157 960
1585143459627 0.9399224519729614 961
1585143491775 0.9434354305267334 962
1585143523966 0.9422391653060913 963
1585143556065 0.9431589841842651 964
1585143588417 0.940352201461792 965
1585143620061 0.9423360228538513 966
1585143652610 0.9450600147247314 967
1585143684774 0.9453377723693848 968
1585143716887 0.9442830681800842 969
1585143748766 0.9429085850715637 970
1585143780556 0.943494439125061 971
1585143812816 0.9433121681213379 972
1585143844685 0.947325587272644 973
1585143876567 0.9488113522529602 974
1585143908630 0.9451714754104614 975
1585143940821 0.9439213275909424 976
1585143972825 0.9426190853118896 977
1585144005037 0.945894718170166 978
1585144037423 0.9491559267044067 979
1585144069658 0.9434524178504944 980
1585144101546 0.9450482726097107 981
1585144133501 0.942570686340332 982
1585144165569 0.9466992616653442 983
1585144197610 0.947630763053894 984
1585144229596 0.9469219446182251 985
1585144261580 0.9436042904853821 986
1585144293859 0.9442279934883118 987
1585144325880 0.9374735951423645 988
1585144358078 0.9418708086013794 989
1585144389936 0.9389095306396484 990
1585144422126 0.9405043125152588 991
1585144453841 0.9412236213684082 992
1585144485619 0.9436306953430176 993
1585144517946 0.9459640979766846 994
1585144550109 0.9362589120864868 995
1585144582049 0.9472548365592957 996
1585144613770 0.9425208568572998 997
1585144646156 0.9467176198959351 998
1585144678380 0.9426752328872681 999
1585144711153 0.9465616941452026 1000
1585144742934 0.9428915977478027 1001
1585144774749 0.9418275356292725 1002
1585144807234 0.9411724805831909 1003
1585144839230 0.9454229474067688 1004
1585144871402 0.9455869197845459 1005
1585144903229 0.9484615325927734 1006
1585144934902 0.9410362243652344 1007
1585144967087 0.9412129521369934 1008
1585144999064 0.9436606764793396 1009
1585145031359 0.9492006301879883 1010
1585145063308 0.9495465755462646 1011
1585145095258 0.9477266073226929 1012
1585145127193 0.9448255896568298 1013
1585145159320 0.9441953897476196 1014
1585145191549 0.9383552670478821 1015
1585145223879 0.942491888999939 1016
1585145255835 0.9362720251083374 1017
1585145287970 0.9445319175720215 1018
1585145320079 0.9450470209121704 1019
1585145351876 0.9488965272903442 1020
1585145384001 0.941580057144165 1021
1585145416102 0.9450756907463074 1022
1585145448483 0.9440590739250183 1023
1585145480776 0.9399524927139282 1024
1585145512679 0.9319165945053101 1025
1585145545564 0.9450587034225464 1026
1585145577450 0.9446040391921997 1027
1585145609456 0.9416165351867676 1028
1585145641573 0.9459196925163269 1029
1585145673492 0.9500182867050171 1030
1585145705301 0.9410204887390137 1031
1585145737394 0.9433973431587219 1032
1585145769384 0.9379281997680664 1033
1585145801523 0.9466298222541809 1034
1585145833442 0.9439332485198975 1035
1585145865714 0.9414671659469604 1036
1585145897742 0.9439646005630493 1037
1585145929642 0.9447993040084839 1038
1585145961651 0.9422718286514282 1039
1585145993489 0.9471750259399414 1040
1585146025997 0.94713294506073 1041
1585146057962 0.9446749687194824 1042
1585146089951 0.9486017227172852 1043
1585146122170 0.9416324496269226 1044
1585146154185 0.9410755634307861 1045
1585146186421 0.9468668699264526 1046
1585146218289 0.9445621967315674 1047
1585146249825 0.946311354637146 1048
1585146282343 0.9411606788635254 1049
1585146314468 0.9415771961212158 1050
1585146346865 0.9424513578414917 1051
1585146379042 0.9469245672225952 1052
1585146410693 0.9503273963928223 1053
1585146442725 0.9524631500244141 1054
1585146475001 0.9456759095191956 1055
1585146506834 0.9451073408126831 1056
1585146539935 0.9430487751960754 1057
1585146571964 0.9467319846153259 1058
1585146604168 0.9471827745437622 1059
1585146636381 0.9426859021186829 1060
1585146668575 0.9409210085868835 1061
1585146700597 0.9472392201423645 1062
1585146733153 0.9500182867050171 1063
1585146765617 0.9480475187301636 1064
1585146797734 0.9463925361633301 1065
1585146829750 0.9473243355751038 1066
1585146862099 0.9453926682472229 1067
1585146893784 0.9463521242141724 1068
1585146925910 0.9450470209121704 1069
1585146957794 0.9414384365081787 1070
1585146989635 0.9402605891227722 1071
1585147021560 0.9492123126983643 1072
1585147053671 0.9457848072052002 1073
1585147085673 0.9467855095863342 1074
1585147118874 0.9456746578216553 1075
1585147151691 0.9489214420318604 1076
1585147184584 0.9484524130821228 1077
1585147217398 0.9424251317977905 1078
1585147249751 0.9485729932785034 1079
1585147281744 0.9508633613586426 1080
1585147314028 0.9460505843162537 1081
1585147346274 0.9443536400794983 1082
1585147378137 0.9434497356414795 1083
1585147410258 0.9483646750450134 1084
1585147443776 0.9510599374771118 1085
1585147476196 0.9402999877929688 1086
1585147509432 0.9493355751037598 1087
1585147541543 0.9446789026260376 1088
1585147573609 0.9415484666824341 1089
1585147605625 0.9464084506034851 1090
1585147637526 0.9439502954483032 1091
1585147669512 0.9479637145996094 1092
1585147701828 0.9455330967903137 1093
1585147734225 0.9424527883529663 1094
1585147766426 0.9481025338172913 1095
1585147798483 0.9458135366439819 1096
1585147830544 0.9416598677635193 1097
1585147862542 0.9460322856903076 1098
1585147894218 0.9463402628898621 1099
1585147926392 0.9463914632797241 1100
1585147958237 0.9430527687072754 1101
1585147990188 0.9394533634185791 1102
1585148022381 0.9444193840026855 1103
1585148054288 0.9430396556854248 1104
1585148086363 0.9463087916374207 1105
1585148118251 0.9381759166717529 1106
1585148151246 0.9496433734893799 1107
1585148183319 0.9448373317718506 1108
1585148215396 0.9459064602851868 1109
1585148247694 0.9459970593452454 1110
1585148279942 0.9398830533027649 1111
1585148311836 0.9452253580093384 1112
1585148343874 0.9446984529495239 1113
1585148376470 0.9482965469360352 1114
1585148408597 0.9435309171676636 1115
1585148440306 0.9462275505065918 1116
1585148472116 0.94513338804245 1117
1585148504007 0.9419481754302979 1118
1585148536029 0.9421906471252441 1119
1585148568509 0.9456038475036621 1120
1585148602157 0.9430908560752869 1121
1585148634378 0.9493775367736816 1122
1585148666207 0.9471721649169922 1123
1585148698818 0.9508776664733887 1124
1585148730738 0.9468565583229065 1125
1585148762692 0.9492530226707458 1126
1585148794990 0.9449068307876587 1127
1585148827164 0.9458135366439819 1128
1585148860097 0.9446827173233032 1129
1585148891855 0.9486162662506104 1130
1585148923338 0.9490616917610168 1131
1585148955364 0.9424394965171814 1132
1585148987379 0.9432570934295654 1133
1585149019247 0.9402984380722046 1134
1585149051478 0.9444400072097778 1135
1585149083752 0.9478942155838013 1136
1585149115820 0.941658616065979 1137
1585149147972 0.9444206953048706 1138
1585149180000 0.9426754713058472 1139
1585149212175 0.9491837024688721 1140
1585149244199 0.9475222229957581 1141
1585149276167 0.945602536201477 1142
1585149308272 0.9475759267807007 1143
1585149340236 0.9506431818008423 1144
1585149372151 0.9462994337081909 1145
1585149404091 0.9441598653793335 1146
1585149435880 0.9452986717224121 1147
1585149468011 0.9434223175048828 1148
1585149500284 0.9447875618934631 1149
1585149532266 0.9444233179092407 1150
1585149564291 0.944491446018219 1151
1585149596353 0.9419063329696655 1152
1585149628643 0.9461881518363953 1153
1585149660715 0.945314347743988 1154
1585149692719 0.9461411237716675 1155
1585149724796 0.945993185043335 1156
1585149756903 0.9455304145812988 1157
1585149788751 0.9456732869148254 1158
1585149820779 0.9491429328918457 1159
1585149853199 0.9484484195709229 1160
1585149885178 0.9455187320709229 1161
1585149917295 0.9460335969924927 1162
1585149949003 0.9439045190811157 1163
1585149980716 0.9483383297920227 1164
1585150012734 0.9445712566375732 1165
1585150044570 0.9462956786155701 1166
1585150076743 0.9460034966468811 1167
1585150109016 0.9444233179092407 1168
1585150141051 0.943270206451416 1169
1585150173402 0.9428247213363647 1170
1585150205236 0.9503103494644165 1171
1585150238009 0.942481517791748 1172
1585150269973 0.9450196027755737 1173
1585150303607 0.9467974901199341 1174
1585150335843 0.9416090250015259 1175
1585150369029 0.9449619054794312 1176
1585150401207 0.9399632215499878 1177
1585150433273 0.942881166934967 1178
1585150465427 0.9425773024559021 1179
1585150497371 0.9417450428009033 1180
1585150529379 0.9482834339141846 1181
1585150561454 0.9424631595611572 1182
1585150593583 0.9462575912475586 1183
1585150625453 0.9480187296867371 1184
1585150659124 0.9499605894088745 1185
1585150691157 0.9499893188476562 1186
1585150723359 0.9507964849472046 1187
1585150755161 0.9469496607780457 1188
1585150787167 0.9446737170219421 1189
1585150819407 0.9422548413276672 1190
1585150851306 0.9518212080001831 1191
1585150883505 0.9452003240585327 1192
1585150915878 0.9494783878326416 1193
1585150947770 0.9439083337783813 1194
1585150979255 0.9372726678848267 1195
1585151011325 0.9490734338760376 1196
1585151043351 0.9428378343582153 1197
1585151075463 0.9484760761260986 1198
1585151108129 0.9439515471458435 1199
1585151140446 0.946199893951416 1200
1585151172530 0.9470465183258057 1201
1585151204496 0.9376217126846313 1202
1585151236441 0.9447822570800781 1203
1585151268631 0.9499449133872986 1204
1585151302406 0.9465434551239014 1205
1585151334263 0.9422049522399902 1206
1585151366304 0.9456720352172852 1207
1585151398732 0.9415760636329651 1208
1585151430750 0.9407007098197937 1209
1585151462509 0.9447247982025146 1210
1585151494675 0.9482126832008362 1211
1585151526826 0.946603536605835 1212
1585151558703 0.9488100409507751 1213
1585151591067 0.9429112672805786 1214
1585151622856 0.9470057487487793 1215
1585151654944 0.9494757652282715 1216
1585151686863 0.9450875520706177 1217
1585151719081 0.9451584219932556 1218
1585151751051 0.9455174207687378 1219
1585151783090 0.9470057487487793 1220
1585151815413 0.9494757652282715 1221
1585151847423 0.9447417855262756 1222
1585151879457 0.9479624032974243 1223
1585151911593 0.9481456279754639 1224
1585151943375 0.9488126635551453 1225
1585151975409 0.9459064602851868 1226
1585152007192 0.9433252811431885 1227
1585152039355 0.948549211025238 1228
1585152071264 0.9502553343772888 1229
1585152104131 0.9525981545448303 1230
1585152136524 0.9437157511711121 1231
1585152168352 0.94461989402771 1232
1585152200184 0.9420241117477417 1233
1585152232060 0.9466979503631592 1234
1585152264514 0.9455200433731079 1235
1585152296148 0.9468104839324951 1236
1585152328469 0.9454480409622192 1237
1585152360511 0.9442136883735657 1238
1585152392681 0.9536436796188354 1239
1585152424974 0.9431862831115723 1240
1585152456693 0.9410494565963745 1241
1585152488136 0.9496277570724487 1242
1585152520193 0.9502435922622681 1243
1585152552475 0.9452566504478455 1244
1585152585426 0.9440079927444458 1245
1585152617745 0.9438413381576538 1246
1585152650404 0.9425744414329529 1247
1585152682445 0.941353440284729 1248
1585152714362 0.9445321559906006 1249
1585152747024 0.9457414150238037 1250
1585152779292 0.9412155747413635 1251
1585152811148 0.9410098791122437 1252
1585152843109 0.9475469589233398 1253
1585152876040 0.9462405443191528 1254
1585152908820 0.9428942203521729 1255
1585152940919 0.9478942155838013 1256
1585152973227 0.9430907964706421 1257
1585153005409 0.9437839388847351 1258
1585153037324 0.9388860464096069 1259
1585153069298 0.9489476084709167 1260
1585153101274 0.9441218376159668 1261
1585153133166 0.9486842155456543 1262
1585153165002 0.9492137432098389 1263
1585153197603 0.9420374631881714 1264
1585153229779 0.9503260850906372 1265
1585153262790 0.9448542594909668 1266
1585153294774 0.9405343532562256 1267
1585153326777 0.947503924369812 1268
1585153358656 0.9486581087112427 1269
1585153390417 0.9457414150238037 1270
1585153422376 0.9466612339019775 1271
1585153454232 0.9413716793060303 1272
1585153486466 0.9438244104385376 1273
1585153518274 0.9403994083404541 1274
1585153550313 0.945184588432312 1275
1585153582491 0.9435348510742188 1276
1585153614582 0.948502242565155 1277
1585153646392 0.9418525695800781 1278
1585153678189 0.9433673024177551 1279
1585153710236 0.9421629905700684 1280
1585153742573 0.946311354637146 1281
1585153774750 0.9442974328994751 1282
1585153806987 0.9479663372039795 1283
1585153838792 0.9467831254005432 1284
1585153870897 0.946603536605835 1285
1585153902654 0.942643940448761 1286
1585153934723 0.942143440246582 1287
1585153966666 0.9442437291145325 1288
1585153998740 0.9452749490737915 1289
1585154030911 0.9466716647148132 1290
1585154062927 0.9482139945030212 1291
1585154095077 0.9492961168289185 1292
1585154127063 0.9440473914146423 1293
1585154159118 0.951614260673523 1294
1585154190898 0.9492673873901367 1295
1585154222810 0.9491168260574341 1296
1585154254875 0.946101725101471 1297
1585154286944 0.9471985101699829 1298
1585154318717 0.9511988162994385 1299
1585154350903 0.9410662651062012 1300
1585154383719 0.9488494396209717 1301
1585154416532 0.9491442441940308 1302
1585154450043 0.9462158679962158 1303
1585154483101 0.9490578174591064 1304
1585154516888 0.9468643069267273 1305
1585154550444 0.9500994682312012 1306
1585154583671 0.9419102668762207 1307
1585154616868 0.9448542594909668 1308
1585154649981 0.9419560432434082 1309
1585154683108 0.9386606812477112 1310
1585154716265 0.9438426494598389 1311
1585154749574 0.9445332884788513 1312
1585154782566 0.9401177167892456 1313
1585154815744 0.9477002620697021 1314
1585154849284 0.9486043453216553 1315
1585154882430 0.9481732845306396 1316
1585154916131 0.9480187892913818 1317
1585154950095 0.9439935684204102 1318
1585154983679 0.9398255348205566 1319
1585155016886 0.9439386129379272 1320
1585155049898 0.9408632516860962 1321
1585155082841 0.9454779624938965 1322
1585155116262 0.9427840709686279 1323
1585155149380 0.9437761306762695 1324
1585155182703 0.9460309743881226 1325
1585155216112 0.9473936557769775 1326
1585155249421 0.9456996917724609 1327
1585155282973 0.9478130340576172 1328
1585155316037 0.9485335946083069 1329
1585155350328 0.9437708854675293 1330
1585155383276 0.94460529088974 1331
1585155416852 0.9501268863677979 1332
1585155450136 0.9465487003326416 1333
1585155483291 0.947325587272644 1334
1585155516385 0.9452697038650513 1335
1585155549677 0.9448977112770081 1336
1585155582929 0.9420869946479797 1337
1585155616442 0.9427553415298462 1338
1585155649500 0.9522968530654907 1339
1585155682758 0.9520308971405029 1340
1585155716254 0.9466729760169983 1341
1585155749445 0.9451427459716797 1342
1585155782479 0.9553247690200806 1343
1585155815478 0.9486017227172852 1344
1585155848491 0.9448530673980713 1345
1585155881719 0.9458069801330566 1346
1585155914967 0.9433553218841553 1347
1585155948199 0.9449107646942139 1348
1585155981519 0.9455174207687378 1349
1585156014654 0.9490786790847778 1350
1585156048065 0.9497835636138916 1351
1585156081152 0.9421877861022949 1352
1585156114578 0.9474501609802246 1353
1585156148888 0.9437144994735718 1354
1585156182031 0.9473674297332764 1355
1585156215320 0.9427592754364014 1356
1585156249856 0.9482808709144592 1357
1585156282992 0.9372167587280273 1358
1585156316431 0.942493200302124 1359
1585156349967 0.9473373889923096 1360
1585156383214 0.9427996873855591 1361
1585156416600 0.943494439125061 1362
1585156449990 0.9457440376281738 1363
1585156483292 0.946073055267334 1364
1585156516282 0.9464071989059448 1365
1585156550422 0.9456589221954346 1366
1585156583396 0.9490590691566467 1367
1585156617175 0.9465473294258118 1368
1585156650423 0.9466325044631958 1369
1585156683853 0.947616457939148 1370
1585156716852 0.947087287902832 1371
1585156750098 0.9472575187683105 1372
1585156783429 0.9441742300987244 1373
1585156816744 0.9452999830245972 1374
1585156849624 0.9453548192977905 1375
1585156883111 0.9453260898590088 1376
1585156916584 0.9419089555740356 1377
1585156949816 0.9434354305267334 1378
1585156983183 0.9363994002342224 1379
1585157016557 0.9436200857162476 1380
1585157050190 0.9446003437042236 1381
1585157084423 0.9464923143386841 1382
1585157117467 0.947740912437439 1383
1585157150736 0.9437001347541809 1384
1585157183695 0.9485429525375366 1385
1585157217236 0.9413560628890991 1386
1585157250448 0.942558765411377 1387
1585157283989 0.9476151466369629 1388
1585157317844 0.9478667974472046 1389
1585157351146 0.9451858997344971 1390
1585157384596 0.9423755407333374 1391
1585157417691 0.9462262392044067 1392
1585157451051 0.9414936304092407 1393
1585157485067 0.9433790445327759 1394
1585157518191 0.9403811097145081 1395
1585157551870 0.9458239078521729 1396
1585157585118 0.9396617412567139 1397
1585157619354 0.9377158880233765 1398
1585157652518 0.9376204013824463 1399
1585157685619 0.9410638809204102 1400
1585157718847 0.9452934265136719 1401
1585157752082 0.9323883056640625 1402
1585157786436 0.9404336214065552 1403
1585157820190 0.9434905052185059 1404
1585157853571 0.9323569536209106 1405
1585157886976 0.9387458562850952 1406
1585157920061 0.934200644493103 1407
1585157953343 0.9401307702064514 1408
1585157986554 0.9362983107566833 1409
1585158021102 0.9327592849731445 1410
1585158054528 0.9411450624465942 1411
1585158088409 0.937726616859436 1412
1585158121774 0.937253475189209 1413
1585158155044 0.9297744035720825 1414
1585158187957 0.9286737442016602 1415
1585158220978 0.9323703050613403 1416
1585158253975 0.9316599369049072 1417
1585158288164 0.931300938129425 1418
1585158321125 0.9412957429885864 1419
1585158354506 0.9402828216552734 1420
1585158387841 0.9372823238372803 1421
1585158421080 0.9336239695549011 1422
1585158453510 0.9433789849281311 1423
1585158484748 0.9361042976379395 1424
1585158516811 0.9318407773971558 1425
1585158548991 0.9393395185470581 1426
1585158581636 0.9391152858734131 1427
1585158613423 0.9381498098373413 1428
1585158645693 0.9372692108154297 1429
1585158677963 0.9372823238372803 1430
1585158710765 0.9381039142608643 1431
1585158744204 0.9374644756317139 1432
1585158777512 0.9372678995132446 1433
1585158811002 0.932701587677002 1434
1585158845208 0.9357137680053711 1435
1585158878065 0.9386330842971802 1436
1585158911058 0.9287629127502441 1437
1585158944868 0.9297060966491699 1438
1585158977983 0.935969352722168 1439
1585159011231 0.9440039992332458 1440
1585159044560 0.9386174082756042 1441
1585159077975 0.9387575387954712 1442
1585159111241 0.9368551969528198 1443
1585159144185 0.9441285729408264 1444
1585159177562 0.9381588697433472 1445
1585159210705 0.9347037076950073 1446
1585159243996 0.9434891939163208 1447
1585159277395 0.9433503150939941 1448
1585159310500 0.9427279233932495 1449
1585159343956 0.9305621385574341 1450
1585159377063 0.938662052154541 1451
1585159410291 0.9370084404945374 1452
1585159443408 0.9310586452484131 1453
1585159476865 0.9399224519729614 1454
1585159509965 0.9376741647720337 1455
1585159543435 0.9324801564216614 1456
1585159576441 0.9373924136161804 1457
1585159609528 0.9339302778244019 1458
1585159643084 0.9426451921463013 1459
1585159676291 0.9440066814422607 1460
1585159709443 0.9435886144638062 1461
1585159742813 0.9394389390945435 1462
1585159776349 0.9384497404098511 1463
1585159809659 0.9380344152450562 1464
1585159842835 0.9401021003723145 1465
1585159876015 0.9352853894233704 1466
1585159909428 0.9370123744010925 1467
1585159942534 0.9458659887313843 1468
1585159975405 0.9458985924720764 1469
1585160008580 0.9369206428527832 1470
1585160041750 0.9367016553878784 1471
1585160075125 0.940273642539978 1472
1585160108462 0.9420869946479797 1473
1585160141646 0.936549723148346 1474
1585160175118 0.9372625350952148 1475
1585160209106 0.9432023763656616 1476
1585160242342 0.9403652548789978 1477
1585160275537 0.9414910078048706 1478
1585160308551 0.9491403102874756 1479
1585160341761 0.9462562799453735 1480
1585160374951 0.940255343914032 1481
1585160408308 0.9445989727973938 1482
1585160441638 0.9448846578598022 1483
1585160474895 0.9425195455551147 1484
1585160508227 0.9394376277923584 1485
1585160541354 0.9441168308258057 1486
1585160574276 0.9451558589935303 1487
1585160607294 0.9419533014297485 1488
1585160640645 0.945729672908783 1489
1585160673805 0.9448386430740356 1490
1585160706786 0.9418668746948242 1491
1585160740245 0.9465447664260864 1492
1585160773356 0.9431325793266296 1493
1585160806782 0.9428235292434692 1494
1585160840112 0.943703830242157 1495
1585160873682 0.9461055994033813 1496
1585160907082 0.9347835779190063 1497
1585160940490 0.9452790021896362 1498
1585160973901 0.9262523651123047 1499
1585161007545 0.9388100504875183 1500
