1585111710907 0.03085637465119362 0
1585111744349 1.5371994972229004 1
1585111777592 0.16991671919822693 2
1585111811439 0.001885133795440197 3
1585111845180 0.5638934373855591 4
1585111878712 0.011226566508412361 5
1585111912260 0.020856287330389023 6
1585111945783 0.0014894688501954079 7
1585111979284 0.05289419740438461 8
1585112012540 0.109381303191185 9
1585112046198 0.10171489417552948 10
1585112079950 0.02846105955541134 11
1585112113592 0.001633775420486927 12
1585112148144 0.00322314933873713 13
1585112181487 0.0011517963139340281 14
1585112215041 0.004460717551410198 15
1585112248980 0.022380344569683075 16
1585112282653 0.026898041367530823 17
1585112316002 0.027879279106855392 18
1585112349436 0.023670248687267303 19
1585112382927 0.015201356261968613 20
1585112416368 0.0056575024500489235 21
1585112449704 0.004354701843112707 22
1585112482871 0.0034530963748693466 23
1585112516196 0.0016480983467772603 24
1585112549777 0.0022794404067099094 25
1585112583429 0.0030238409526646137 26
1585112617256 0.0019175487104803324 27
1585112650551 0.002505446784198284 28
1585112684208 0.00223531574010849 29
1585112717502 0.0031425063498318195 30
1585112752967 0.002736130263656378 31
1585112786508 0.002193624619394541 32
1585112820167 0.0030253161676228046 33
1585112853467 0.00309930182993412 34
1585112888602 0.0043716346845030785 35
1585112922292 0.005403459537774324 36
1585112955435 0.006337994709610939 37
1585112989006 0.004067008383572102 38
1585113022350 0.005366901867091656 39
1585113055880 0.0021560394670814276 40
1585113089298 0.002202981151640415 41
1585113122759 0.0038305234629660845 42
1585113156147 0.00242984457872808 43
1585113190016 0.002705054124817252 44
1585113223653 0.0024633377324789762 45
1585113257285 0.0025795979890972376 46
1585113291881 0.0020070839673280716 47
1585113325274 0.0034576377365738153 48
1585113358872 0.0027389510069042444 49
1585113392371 0.003687111660838127 50
1585113425462 0.003024640027433634 51
1585113458633 0.0027740218210965395 52
1585113492514 0.004461490083485842 53
1585113525786 0.004005022346973419 54
1585113559086 0.00332851754501462 55
1585113592351 0.004129478242248297 56
1585113625988 0.003544087056070566 57
1585113659494 0.0028963552322238684 58
1585113693200 0.004033943638205528 59
1585113726514 0.005056263413280249 60
1585113760010 0.0036742202937602997 61
1585113793675 0.003369907382875681 62
1585113827731 0.003115468192845583 63
1585113861275 0.004126048646867275 64
1585113894881 0.004210247192531824 65
1585113928392 0.00418667821213603 66
1585113962008 0.003804289735853672 67
1585113996337 0.0041902149096131325 68
1585114030386 0.0034388406202197075 69
1585114063696 0.003581434953957796 70
1585114097128 0.0034901914186775684 71
1585114130625 0.0038756283465772867 72
1585114163926 0.003555179573595524 73
1585114197445 0.0033734552562236786 74
1585114231105 0.003572555258870125 75
1585114264869 0.004245423711836338 76
1585114298436 0.00462364312261343 77
1585114332070 0.00362246367149055 78
1585114365655 0.004978936165571213 79
1585114399288 0.004060748033225536 80
1585114433615 0.0037089791148900986 81
1585114466927 0.0027363800909370184 82
1585114500984 0.005954470485448837 83
1585114534285 0.004591765813529491 84
1585114567795 0.0039354912005364895 85
1585114601379 0.003985110204666853 86
1585114634928 0.0031837141141295433 87
1585114668835 0.003940032795071602 88
1585114702374 0.003318892093375325 89
1585114735678 0.0037539240438491106 90
1585114770140 0.004083812236785889 91
1585114803613 0.0048714024014770985 92
1585114836904 0.004571468569338322 93
1585114870806 0.004554091952741146 94
1585114904187 0.005543956067413092 95
1585114937494 0.00472537986934185 96
1585114971038 0.00569765642285347 97
1585115004412 0.00445742579177022 98
1585115038591 0.004344157874584198 99
1585115071802 0.004598798230290413 100
1585115105369 0.004176237154752016 101
1585115138870 0.004629672970622778 102
1585115172882 0.005121700465679169 103
1585115206720 0.004538987763226032 104
1585115241989 0.004595541395246983 105
1585115276450 0.0040763383731245995 106
1585115309753 0.0038012457080185413 107
1585115343343 0.004749238956719637 108
1585115376977 0.003943490795791149 109
1585115410702 0.004107378888875246 110
1585115444338 0.004924206528812647 111
1585115477956 0.005015803966671228 112
1585115511204 0.004815487191081047 113
1585115545021 0.004730442073196173 114
1585115578417 0.00445347698405385 115
1585115612012 0.0042432136833667755 116
1585115646024 0.004409339278936386 117
1585115679272 0.003824719926342368 118
1585115712957 0.004182112403213978 119
1585115746189 0.00419158861041069 120
1585115779491 0.004611095879226923 121
1585115812739 0.004149365238845348 122
1585115845894 0.004606297239661217 123
1585115879115 0.004781958647072315 124
1585115912863 0.0047992682084441185 125
1585115946287 0.004332561977207661 126
1585115980191 0.004143111407756805 127
1585116014862 0.0039599863812327385 128
1585116049825 0.004847820848226547 129
1585116084083 0.0043900106102228165 130
1585116117683 0.004665139131247997 131
1585116151089 0.005005990620702505 132
1585116184571 0.004630998242646456 133
1585116218129 0.004152894951403141 134
1585116251637 0.004861530847847462 135
1585116285027 0.0053299590945243835 136
1585116319059 0.0040244171395897865 137
1585116352903 0.004738256800919771 138
1585116386269 0.004646582994610071 139
1585116419416 0.0042003123089671135 140
1585116453036 0.004194566048681736 141
1585116486490 0.0048988983035087585 142
1585116520095 0.0047149695456027985 143
1585116554018 0.004345143213868141 144
1585116587366 0.0040397341363132 145
1585116621037 0.004762404598295689 146
1585116655626 0.004387185908854008 147
1585116689126 0.004560887813568115 148
1585116722528 0.004315646830946207 149
1585116756063 0.004064806271344423 150
1585116789720 0.004878100473433733 151
1585116823133 0.004496379289776087 152
1585116857007 0.004391532391309738 153
1585116890293 0.004337514750659466 154
1585116923852 0.004632809665054083 155
1585116957341 0.00441009784117341 156
1585116991148 0.004462993238121271 157
1585117025619 0.004374019801616669 158
1585117058932 0.004344210494309664 159
1585117092544 0.004252048674970865 160
1585117125926 0.004792000632733107 161
1585117159226 0.004330066032707691 162
1585117192664 0.00496105570346117 163
1585117225863 0.005014905706048012 164
1585117259376 0.004963170737028122 165
1585117292912 0.004086275119334459 166
1585117326287 0.004508867859840393 167
1585117360203 0.0039868224412202835 168
1585117393324 0.005530179478228092 169
1585117427770 0.004096097778528929 170
1585117461458 0.004162206780165434 171
1585117497262 0.004769534803926945 172
1585117530699 0.004629423841834068 173
1585117563906 0.004043946973979473 174
1585117597810 0.004367833957076073 175
1585117631296 0.004594483412802219 176
1585117664397 0.00392567552626133 177
1585117698285 0.004488157108426094 178
1585117731467 0.004112711176276207 179
1585117764898 0.004604792688041925 180
1585117798391 0.00390973687171936 181
1585117831757 0.005112862214446068 182
1585117865387 0.0036261295899748802 183
1585117898702 0.004153276327997446 184
1585117932364 0.004003402777016163 185
1585117966368 0.004957346245646477 186
1585117999860 0.005221720784902573 187
1585118033686 0.004339068196713924 188
1585118067199 0.005230056121945381 189
1585118100693 0.003762326668947935 190
1585118133800 0.0037287441082298756 191
1585118167291 0.00473800441250205 192
1585118200876 0.003700270550325513 193
1585118234264 0.004289030097424984 194
1585118267978 0.004159619100391865 195
1585118301488 0.004584349691867828 196
1585118334681 0.0032120244577527046 197
1585118368282 0.004538843408226967 198
1585118401862 0.003885123413056135 199
1585118435276 0.0041490234434604645 200
1585118468902 0.004507271572947502 201
1585118502500 0.005376484245061874 202
1585118536548 0.004439619369804859 203
1585118569943 0.004506266210228205 204
1585118604659 0.004354760982096195 205
1585118638132 0.004163471981883049 206
1585118671598 0.004606432281434536 207
1585118705294 0.0046255504712462425 208
1585118738821 0.004149707034230232 209
1585118772087 0.004587586037814617 210
1585118805653 0.004370543174445629 211
1585118839860 0.004249559249728918 212
1585118873273 0.005126171745359898 213
1585118906821 0.0033190217800438404 214
1585118940183 0.004508521407842636 215
1585118973723 0.0044341785833239555 216
1585119007507 0.003996324725449085 217
1585119040850 0.00439122598618269 218
1585119074490 0.005213852506130934 219
1585119108056 0.0051721008494496346 220
1585119141572 0.004468142986297607 221
1585119175026 0.004053029697388411 222
1585119209951 0.0041878847405314445 223
1585119243919 0.004457681439816952 224
1585119277466 0.0035117510706186295 225
1585119310837 0.004733290057629347 226
1585119344294 0.004506949335336685 227
1585119378234 0.0038104879204183817 228
1585119411566 0.004635739140212536 229
1585119444951 0.0038306633941829205 230
1585119478641 0.004221025854349136 231
1585119511941 0.003617533016949892 232
1585119546158 0.004491410218179226 233
1585119580449 0.00412024836987257 234
1585119614145 0.004389064386487007 235
1585119647861 0.003925320692360401 236
1585119681156 0.004587502218782902 237
1585119714385 0.004552801139652729 238
1585119747698 0.005233831703662872 239
1585119781364 0.0038268021307885647 240
1585119815653 0.003920894581824541 241
1585119848773 0.0042879702523350716 242
1585119882256 0.004418893717229366 243
1585119915704 0.0039031244814395905 244
1585119949333 0.004214184358716011 245
1585119983692 0.004349328577518463 246
1585120017550 0.003952776547521353 247
1585120050933 0.004753208719193935 248
1585120084188 0.0036161146126687527 249
1585120117596 0.004926891066133976 250
1585120151061 0.004289725329726934 251
1585120184450 0.00406233686953783 252
1585120218942 0.004326866939663887 253
1585120252611 0.004217128735035658 254
1585120285852 0.004457538016140461 255
1585120319051 0.004494198597967625 256
1585120352605 0.004303206689655781 257
1585120386076 0.003662623232230544 258
1585120419446 0.004668684676289558 259
1585120453093 0.0036663697101175785 260
1585120486601 0.0037480304017663 261
1585120520285 0.003596943337470293 262
1585120554313 0.004698439501225948 263
1585120588000 0.004906675778329372 264
1585120621244 0.004089524038136005 265
1585120654838 0.0043375794775784016 266
1585120689748 0.003957110457122326 267
1585120723108 0.005040150135755539 268
1585120756548 0.00430388655513525 269
1585120790418 0.004169370047748089 270
1585120823965 0.0047979471273720264 271
1585120858146 0.003633262822404504 272
1585120891655 0.004229784943163395 273
1585120925050 0.004562752321362495 274
1585120959960 0.004362276289612055 275
1585120993291 0.0035818596370518208 276
1585121026751 0.004266942851245403 277
1585121060421 0.0037480215542018414 278
1585121093782 0.004136069677770138 279
1585121127585 0.0037444187328219414 280
1585121161372 0.003964568953961134 281
1585121194982 0.0038590142503380775 282
1585121228465 0.003733820514753461 283
1585121263400 0.00393156660720706 284
1585121297190 0.004547095391899347 285
1585121330862 0.0039459639228880405 286
1585121364420 0.0037985490635037422 287
1585121398115 0.004349758382886648 288
1585121431592 0.004258261993527412 289
1585121465057 0.004664617590606213 290
1585121498654 0.0037960833869874477 291
1585121532130 0.00417658407241106 292
1585121566040 0.003932436462491751 293
1585121599748 0.0038110478781163692 294
1585121633292 0.00394004862755537 295
1585121666699 0.004271623212844133 296
1585121700150 0.0039573730900883675 297
1585121733576 0.004372953437268734 298
1585121767364 0.004564986564218998 299
1585121800946 0.004360103514045477 300
1585121834393 0.0042607481591403484 301
1585121867991 0.004184971563518047 302
1585121901473 0.00431807292625308 303
1585121935880 0.0039803991094231606 304
1585121969483 0.004330150783061981 305
1585122002617 0.004186606965959072 306
1585122035763 0.0038257897831499577 307
1585122069221 0.0039823949337005615 308
1585122103188 0.0035157231613993645 309
1585122136750 0.0036507435142993927 310
1585122170352 0.003903052769601345 311
1585122203740 0.003951677121222019 312
1585122237413 0.004447351209819317 313
1585122270451 0.004532107152044773 314
1585122303703 0.004454633221030235 315
1585122337428 0.0040899356827139854 316
1585122370930 0.004051495343446732 317
1585122405365 0.0034141282085329294 318
1585122439060 0.0034903474152088165 319
1585122473146 0.003995812032371759 320
1585122507044 0.00435987301170826 321
1585122540301 0.004353535361588001 322
1585122573602 0.00409567030146718 323
1585122608372 0.004226971417665482 324
1585122641742 0.003628539852797985 325
1585122675466 0.004216284956783056 326
1585122709351 0.004528221674263477 327
1585122742917 0.0040161688812077045 328
1585122776406 0.0033187291119247675 329
1585122810302 0.00405439268797636 330
1585122844694 0.004055449273437262 331
1585122877944 0.0040845419280231 332
1585122911323 0.003648117184638977 333
1585122944827 0.004417310934513807 334
1585122978329 0.0036391387693583965 335
1585123012466 0.003008380066603422 336
1585123046166 0.0040970053523778915 337
1585123079782 0.004048403352499008 338
1585123114022 0.0036856273654848337 339
1585123147351 0.0038904771208763123 340
1585123180979 0.0031525646336376667 341
1585123214814 0.004457343835383654 342
1585123249565 0.004289732780307531 343
1585123283146 0.0037290621548891068 344
1585123316338 0.004221581853926182 345
1585123350188 0.0033841640688478947 346
1585123384038 0.004286174662411213 347
1585123417408 0.003454169724136591 348
1585123450738 0.0035045859403908253 349
1585123484428 0.003577152732759714 350
1585123517871 0.004157376009970903 351
1585123551074 0.004093783907592297 352
1585123584713 0.003685516770929098 353
1585123618082 0.004119425546377897 354
1585123652300 0.004169294144958258 355
1585123686530 0.004004973452538252 356
1585123719771 0.003926941193640232 357
1585123754369 0.004004699643701315 358
1585123787837 0.004392830189317465 359
1585123821373 0.004205184523016214 360
1585123854729 0.00490759639069438 361
1585123887831 0.004409873858094215 362
1585123921111 0.0036647808738052845 363
1585123954301 0.004069822374731302 364
1585123987484 0.0038104518316686153 365
1585124022442 0.0036045038141310215 366
1585124056112 0.0043894387781620026 367
1585124090377 0.003892427310347557 368
1585124124268 0.004175442270934582 369
1585124158882 0.0039629084058105946 370
1585124192225 0.004789066035300493 371
1585124226607 0.004259299486875534 372
1585124260361 0.004429930821061134 373
1585124293908 0.0037167754489928484 374
1585124327523 0.003828588407486677 375
1585124361541 0.004122462589293718 376
1585124395919 0.003858718555420637 377
1585124429067 0.004105988424271345 378
1585124462110 0.004145021550357342 379
1585124495080 0.003981545567512512 380
1585124527591 0.003406402189284563 381
1585124560203 0.004029357805848122 382
1585124592659 0.0037223135586827993 383
1585124624903 0.004017421044409275 384
1585124657266 0.0032489565201103687 385
1585124689744 0.0038593700155615807 386
1585124723110 0.003814883064478636 387
1585124756015 0.003918115980923176 388
1585124789583 0.003477430669590831 389
1585124822989 0.003593582659959793 390
1585124855664 0.0037237629294395447 391
1585124888305 0.0037959322798997164 392
1585124920524 0.0036492934450507164 393
1585124952979 0.004384888336062431 394
1585124985963 0.004524766001850367 395
1585125018306 0.0034393882378935814 396
1585125050877 0.0038837052416056395 397
1585125083648 0.0033247657120227814 398
1585125116111 0.004136641509830952 399
1585125149209 0.004159554839134216 400
1585125181740 0.003703589318320155 401
1585125214104 0.0036323731765151024 402
1585125246416 0.003751051612198353 403
1585125279009 0.003934633452445269 404
1585125311798 0.003575981594622135 405
1585125344476 0.003825599327683449 406
1585125377394 0.0035511518362909555 407
1585125409845 0.0030259389895945787 408
1585125442433 0.003406735835596919 409
1585125475123 0.0035802903585135937 410
1585125507630 0.004081583581864834 411
1585125539918 0.0037370414938777685 412
1585125572467 0.003187785390764475 413
1585125605202 0.00349575188010931 414
1585125637625 0.003719990374520421 415
1585125669995 0.0037734084762632847 416
1585125703693 0.0029965804424136877 417
1585125736264 0.0032836971804499626 418
1585125768891 0.0024867362808436155 419
1585125801386 0.0027499948628246784 420
1585125833739 0.0026988168247044086 421
1585125866543 0.0028995841275900602 422
1585125899084 0.002675277879461646 423
1585125931626 0.0027789236046373844 424
1585125965327 0.002430579625070095 425
1585125997860 0.0024816379882395267 426
1585126030673 0.003078480949625373 427
1585126063225 0.002761444542557001 428
1585126095780 0.0044624763540923595 429
1585126128409 0.003344000782817602 430
1585126160642 0.002852753736078739 431
1585126193580 0.0022985972464084625 432
1585126226177 0.003883538069203496 433
1585126258669 0.002375295851379633 434
1585126291140 0.0015242134686559439 435
1585126323547 0.0018391446210443974 436
1585126356000 0.0018048074562102556 437
1585126388634 0.002024080604314804 438
1585126421088 0.001531671965494752 439
1585126453621 0.001443794695660472 440
1585126486003 0.0033394352067261934 441
1585126518586 0.0018799597164615989 442
1585126551327 0.002111379988491535 443
1585126583904 0.0032359962351620197 444
1585126616477 0.0018217238830402493 445
1585126649010 0.004479746334254742 446
1585126682154 0.0019983998499810696 447
1585126714529 0.002517014741897583 448
1585126746833 0.0026975166983902454 449
1585126779296 0.00333217391744256 450
1585126811790 0.001837096526287496 451
1585126844288 0.001659905887208879 452
1585126876826 0.0014233787078410387 453
1585126909312 0.0051849824376404285 454
1585126941790 0.0016766618937253952 455
1585126974405 0.0021267831325531006 456
1585127006946 0.0027846302837133408 457
1585127039306 0.002288686577230692 458
1585127071748 0.002227131277322769 459
1585127104298 0.00891052559018135 460
1585127136756 0.0012739894445985556 461
1585127169281 0.0016601374372839928 462
1585127201412 0.0023874309845268726 463
1585127234283 0.0020516791846603155 464
1585127267204 0.0032729897648096085 465
1585127300244 0.0031698495149612427 466
1585127333196 0.0021040632855147123 467
1585127365947 0.0020599178969860077 468
1585127398440 0.00225786492228508 469
1585127430884 0.0023047146387398243 470
1585127463404 0.0025733360089361668 471
1585127495900 0.001692195888608694 472
1585127528428 0.003680788679048419 473
1585127560820 0.002072568517178297 474
1585127593022 0.0025022197514772415 475
1585127625575 0.0014000218361616135 476
1585127658660 0.0017726512160152197 477
1585127691310 0.00250812154263258 478
1585127723814 0.003159565618261695 479
1585127756635 0.001965758390724659 480
1585127789302 0.002325782785192132 481
1585127821538 0.0040788063779473305 482
1585127853992 0.0018656727625057101 483
1585127886838 0.006381543353199959 484
1585127919467 0.002721753204241395 485
1585127952153 0.0022451928816735744 486
1585127984552 0.0018099143635481596 487
1585128017237 0.001636346336454153 488
1585128049949 0.0019536404870450497 489
1585128082446 0.002607976086437702 490
1585128114864 0.0030696073081344366 491
1585128147817 0.002339476952329278 492
1585128180440 0.0019817932043224573 493
1585128213067 0.0024914550594985485 494
1585128247110 0.0020645507611334324 495
1585128279588 0.001708789961412549 496
1585128312520 0.0019703395664691925 497
1585128344825 0.0023616424296051264 498
1585128377585 0.001814280403777957 499
1585128410271 0.0019160087686032057 500
1585128442614 0.0024081282317638397 501
1585128475346 0.0036759469658136368 502
1585128507836 0.0036628383677452803 503
1585128540347 0.0016054201405495405 504
1585128573000 0.001252785325050354 505
1585128606364 0.0011117701651528478 506
1585128638678 0.0027429552283138037 507
1585128671408 0.0019559748470783234 508
1585128704956 0.0017850820440798998 509
1585128737415 0.0011707510566338897 510
1585128769888 0.001281591597944498 511
1585128802458 0.0012745780404657125 512
1585128835048 0.0022664335556328297 513
1585128867664 0.0013073422014713287 514
1585128900319 0.001644038362428546 515
1585128932909 0.0028448840603232384 516
1585128965541 0.0023471026215702295 517
1585128999605 0.0017600404098629951 518
1585129032374 0.0021876266691833735 519
1585129064777 0.0038411079440265894 520
1585129097161 0.0016540135256946087 521
1585129129665 0.004420960787683725 522
1585129162184 0.0011550899362191558 523
1585129194668 0.002660326659679413 524
1585129228074 0.0017775521846488118 525
1585129260330 0.0023132185451686382 526
1585129292793 0.0013027688255533576 527
1585129325397 0.0029508278239518404 528
1585129357788 0.0018495612312108278 529
1585129390129 0.002302012173458934 530
1585129422495 0.002194276312366128 531
1585129454773 0.0020032632164657116 532
1585129486987 0.002504457253962755 533
1585129519254 0.0030268095433712006 534
1585129551960 0.0009076728019863367 535
1585129584426 0.0020556184463202953 536
1585129616883 0.007503508124500513 537
1585129649459 0.0017845341935753822 538
1585129682059 0.002741046715527773 539
1585129714667 0.0022889915853738785 540
1585129747280 0.0033572660759091377 541
1585129780028 0.002204282209277153 542
1585129813097 0.0034590577706694603 543
1585129845717 0.0024424493312835693 544
1585129878035 0.0021010050550103188 545
1585129911782 0.0016351891681551933 546
1585129944440 0.001728301402181387 547
1585129977316 0.0028168894350528717 548
1585130009702 0.002648135181516409 549
1585130042189 0.00227589369751513 550
1585130074705 0.0024439559783786535 551
1585130107140 0.001861075172200799 552
1585130139934 0.0016881126211956143 553
1585130172562 0.001643005176447332 554
1585130204915 0.0027628259267657995 555
1585130237559 0.0026211049407720566 556
1585130270205 0.0013899346813559532 557
1585130302643 0.0018342328257858753 558
1585130334817 0.002245282521471381 559
1585130367653 0.002858511172235012 560
1585130400449 0.002124606864526868 561
1585130432884 0.0014764079824090004 562
1585130465493 0.0012649863492697477 563
1585130497920 0.0031613062601536512 564
1585130530355 0.003967396914958954 565
1585130562909 0.0016703978180885315 566
1585130595551 0.005957791581749916 567
1585130628208 0.00412985822185874 568
1585130660758 0.003349901409819722 569
1585130693284 0.0028109210543334484 570
1585130725868 0.002984053920954466 571
1585130759615 0.0024595512077212334 572
1585130792452 0.0015717315254732966 573
1585130826607 0.001494386582635343 574
1585130859263 0.0021683592349290848 575
1585130891538 0.0021345631685107946 576
1585130923968 0.0017408528365194798 577
1585130956629 0.001411650562658906 578
1585130989988 0.00237846071831882 579
1585131022330 0.0026067786384373903 580
1585131054688 0.0012605034280568361 581
1585131087030 0.0038255611434578896 582
1585131120064 0.0023317772429436445 583
1585131152389 0.0018025964964181185 584
1585131185013 0.0024321030359715223 585
1585131217503 0.002546382136642933 586
1585131250212 0.0022712121717631817 587
1585131282783 0.0020503094419837 588
1585131315640 0.0012498870491981506 589
1585131348158 0.0017422167584300041 590
1585131380914 0.0026032482273876667 591
1585131413350 0.003193644341081381 592
1585131446642 0.001397229847498238 593
1585131479754 0.0036431546323001385 594
1585131512044 0.001715134596452117 595
1585131544923 0.0019274954684078693 596
1585131577633 0.0033119143918156624 597
1585131609870 0.0020859413780272007 598
1585131642140 0.0013714756350964308 599
1585131674590 0.0028619016520678997 600
1585131707398 0.001655738102272153 601
1585131739893 0.0015416920650750399 602
1585131772464 0.0015120081370696425 603
1585131804903 0.0028550149872899055 604
1585131837211 0.0014644163893535733 605
1585131870201 0.002761285286396742 606
1585131902715 0.0017242229077965021 607
1585131935264 0.0015197433531284332 608
1585131969112 0.002220194088295102 609
1585132002099 0.0023267953656613827 610
1585132034707 0.0018824560102075338 611
1585132067435 0.001466449466533959 612
1585132100045 0.0047970907762646675 613
1585132132385 0.0018631061539053917 614
1585132165129 0.002381322905421257 615
1585132197996 0.002449230756610632 616
1585132231104 0.003897405229508877 617
1585132263512 0.0021307491697371006 618
1585132296016 0.002987316343933344 619
1585132328773 0.0019799373112618923 620
1585132361648 0.0014604341704398394 621
1585132394172 0.0021183323115110397 622
1585132426884 0.002457253634929657 623
1585132460440 0.0020534046925604343 624
1585132493034 0.0019056034507229924 625
1585132525521 0.0020937675144523382 626
1585132558644 0.0021734838373959064 627
1585132591376 0.0039395494386553764 628
1585132624148 0.003811783157289028 629
1585132657091 0.001373841892927885 630
1585132690233 0.0015096860006451607 631
1585132722902 0.0023211766965687275 632
1585132755588 0.0017709082458168268 633
1585132789364 0.0012322863331064582 634
1585132821875 0.0017557662213221192 635
1585132854659 0.0023545753210783005 636
1585132887401 0.002647319808602333 637
1585132920155 0.0020227250643074512 638
1585132952758 0.0024205190129578114 639
1585132985569 0.0019463866483420134 640
1585133018240 0.0017841721419245005 641
1585133051392 0.001607410842552781 642
1585133084852 0.0016872684936970472 643
1585133117380 0.0014352091820910573 644
1585133150060 0.0025462263729423285 645
1585133182698 0.0018619773909449577 646
1585133215322 0.00202924944460392 647
1585133247806 0.002077155513688922 648
1585133280233 0.0015069046057760715 649
1585133312693 0.0014810339780524373 650
1585133345642 0.0031105210073292255 651
1585133378990 0.0018133550183847547 652
1585133411631 0.0023647313937544823 653
1585133444408 0.00221021706238389 654
1585133476921 0.003116332460194826 655
1585133509706 0.002068254631012678 656
1585133542405 0.0014727239031344652 657
1585133575104 0.0014103366993367672 658
1585133607815 0.0016624213894829154 659
1585133640572 0.003964196890592575 660
1585133673139 0.0031216461211442947 661
1585133705977 0.0012763761915266514 662
1585133738709 0.0021376307122409344 663
1585133771385 0.0033059981651604176 664
1585133803931 0.002090824069455266 665
1585133836566 0.0016654606442898512 666
1585133870166 0.0016769261565059423 667
1585133902515 0.0018582658376544714 668
1585133934943 0.0019943963270634413 669
1585133968025 0.0020754411816596985 670
1585134000652 0.0014031969476491213 671
1585134033066 0.002268584445118904 672
1585134066186 0.0020839106291532516 673
1585134098763 0.0018633046420291066 674
1585134131104 0.0022599997464567423 675
1585134164074 0.0016970664728432894 676
1585134197711 0.0027971994131803513 677
1585134230406 0.002469669096171856 678
1585134264122 0.0014836541377007961 679
1585134296558 0.002558499574661255 680
1585134329361 0.002879359060898423 681
1585134362197 0.0020697631407529116 682
1585134394766 0.0019400963792577386 683
1585134427443 0.002184212440624833 684
1585134460115 0.002642583567649126 685
1585134492815 0.00137233454734087 686
1585134525663 0.002179248258471489 687
1585134558547 0.0014496413059532642 688
1585134591806 0.0013972647720947862 689
1585134624656 0.0022779961582273245 690
1585134657210 0.0027645034715533257 691
1585134689792 0.0010538479546085 692
1585134722333 0.002656987402588129 693
1585134755024 0.0020305176731199026 694
1585134787803 0.002540112705901265 695
1585134820416 0.001740229083225131 696
1585134853132 0.0022137556225061417 697
1585134885535 0.0014564567245543003 698
1585134918214 0.0014006287092342973 699
1585134950795 0.0020211925730109215 700
1585134983627 0.0011451372411102057 701
1585135016515 0.0012831082567572594 702
1585135049196 0.0025336951948702335 703
1585135083111 0.0023650280199944973 704
1585135115596 0.0020346841774880886 705
1585135148386 0.002775695640593767 706
1585135182323 0.005365459248423576 707
1585135214967 0.001236090436577797 708
1585135247625 0.0019145107362419367 709
1585135280166 0.004250332713127136 710
1585135312885 0.0038058320060372353 711
1585135345721 0.0017109981272369623 712
1585135379208 0.001956512685865164 713
1585135412216 0.001968669006600976 714
1585135445116 0.0015415447996929288 715
1585135477575 0.0015723175602033734 716
1585135510050 0.0011399206705391407 717
1585135542848 0.001487024943344295 718
1585135576209 0.001743341563269496 719
1585135608867 0.0022534457966685295 720
1585135642639 0.00195507169701159 721
1585135675687 0.0016993028111755848 722
1585135708243 0.0014688288792967796 723
1585135740689 0.0017381332581862807 724
1585135773637 0.0015839929692447186 725
1585135806307 0.001379653112962842 726
1585135838609 0.0019480842165648937 727
1585135871502 0.0022550870198756456 728
1585135904026 0.0015415959060192108 729
1585135936505 0.0016214060597121716 730
1585135969146 0.0018574404530227184 731
1585136001816 0.0028060744516551495 732
1585136034530 0.001395049737766385 733
1585136067135 0.0011842140229418874 734
1585136099737 0.0008984748856164515 735
1585136132190 0.0013911740388721228 736
1585136165113 0.0028015722054988146 737
1585136197979 0.001954467501491308 738
1585136230727 0.0022370340302586555 739
1585136263506 0.002009808551520109 740
1585136296285 0.0017955377697944641 741
1585136329656 0.0014295931905508041 742
1585136362463 0.0021050614304840565 743
1585136395647 0.0028702029958367348 744
1585136428090 0.002988582942634821 745
1585136460367 0.0028325035236775875 746
1585136492852 0.0014736070297658443 747
1585136525331 0.0014538682298734784 748
1585136557769 0.0013661659322679043 749
1585136590460 0.0019412246765568852 750
1585136623590 0.0021019431296736 751
1585136656823 0.0021595805883407593 752
1585136689652 0.002928234403952956 753
1585136722782 0.0008333718869835138 754
1585136755942 0.0025975550524890423 755
1585136788659 0.001585091813467443 756
1585136821329 0.0017160011921077967 757
1585136853989 0.0024632385466247797 758
1585136886414 0.0028288199100643396 759
1585136918845 0.0030030503403395414 760
1585136951623 0.0026948791928589344 761
1585136984254 0.002136784140020609 762
1585137017598 0.00216636317782104 763
1585137050267 0.0016424909699708223 764
1585137082569 0.002570405136793852 765
1585137115310 0.0023796604946255684 766
1585137148190 0.0019167485879734159 767
1585137180864 0.0021140524186193943 768
1585137213548 0.0021286774426698685 769
1585137246075 0.0016750816721469164 770
1585137278739 0.0012184861116111279 771
1585137311414 0.0023528055753558874 772
1585137344025 0.0021847598254680634 773
1585137377177 0.0032115736976265907 774
1585137409564 0.0025488389655947685 775
1585137442034 0.0026369865518063307 776
1585137475069 0.002188493497669697 777
1585137507686 0.001213681884109974 778
1585137540285 0.0021042469888925552 779
1585137572610 0.002880415413528681 780
1585137605344 0.0015273891622200608 781
1585137637984 0.0015234737657010555 782
1585137671205 0.0016697726678103209 783
1585137704210 0.002385420259088278 784
1585137736666 0.001097366795875132 785
1585137769116 0.0020746232476085424 786
1585137801805 0.0016658452805131674 787
1585137834588 0.002653997391462326 788
1585137867179 0.0019249535398557782 789
1585137899787 0.0020638653077185154 790
1585137932759 0.002064748201519251 791
1585137965647 0.0015760775422677398 792
1585137998410 0.0018400703556835651 793
1585138030758 0.0016237749950960279 794
1585138063245 0.0018096491694450378 795
1585138096448 0.0015881676226854324 796
1585138129056 0.0017759964102879167 797
1585138161578 0.001455515157431364 798
1585138194001 0.001707204501144588 799
1585138226531 0.001015751506201923 800
1585138259090 0.0019588975701481104 801
1585138291376 0.004348961636424065 802
1585138324423 0.0017537560779601336 803
1585138356638 0.0024097133427858353 804
1585138389306 0.0012016226537525654 805
1585138422094 0.0022391655948013067 806
1585138454565 0.0028611968737095594 807
1585138487268 0.0016457447782158852 808
1585138520043 0.0011869578156620264 809
1585138552853 0.0027816579677164555 810
1585138585534 0.00166511710267514 811
1585138618138 0.0012267655692994595 812
1585138651013 0.0012935291742905974 813
1585138683389 0.0020282971672713757 814
1585138716053 0.0019024752546101809 815
1585138748938 0.0016817277064546943 816
1585138781954 0.0012199097545817494 817
1585138814435 0.0026358519680798054 818
1585138847365 0.0015540026361122727 819
1585138879968 0.0018739046063274145 820
1585138912814 0.0018092694226652384 821
1585138945574 0.0024096211418509483 822
1585138978204 0.001745912479236722 823
1585139010925 0.0010700322454795241 824
1585139043628 0.0013828384689986706 825
1585139076252 0.0019509207922965288 826
1585139108800 0.002053472911939025 827
1585139141728 0.001903800293803215 828
1585139174355 0.0009973961859941483 829
1585139206931 0.0019322759471833706 830
1585139239354 0.0013931728899478912 831
1585139272435 0.0012988082598894835 832
1585139304787 0.0010745272738859057 833
1585139337433 0.0028073126450181007 834
1585139369977 0.001479495083913207 835
1585139403917 0.0015649241395294666 836
1585139436509 0.0024634338915348053 837
1585139469091 0.0022329918574541807 838
1585139502013 0.002548803808167577 839
1585139534620 0.0009231138392351568 840
1585139567755 0.0020237178541719913 841
1585139600459 0.0017292555421590805 842
1585139633279 0.0015489620855078101 843
1585139665676 0.001716148341074586 844
1585139699321 0.0024300855584442616 845
1585139731903 0.0018527002539485693 846
1585139764601 0.001826131483539939 847
1585139797246 0.0021779220551252365 848
1585139829966 0.0018619627226144075 849
1585139862530 0.0017894769553095102 850
1585139895478 0.001700201304629445 851
1585139928227 0.0017226480413228273 852
1585139960675 0.001142857363447547 853
1585139993125 0.0011302034836262465 854
1585140025524 0.001529959961771965 855
1585140057813 0.0012682739179581404 856
1585140091236 0.0014252227265387774 857
1585140124147 0.0010684881126508117 858
1585140156732 0.0013991543091833591 859
1585140189035 0.0027515755500644445 860
1585140221765 0.0028240266256034374 861
1585140254540 0.0016358820721507072 862
1585140286889 0.0010986921843141317 863
1585140319832 0.0025025452487170696 864
1585140352515 0.0026865587569773197 865
1585140385387 0.002870445605367422 866
1585140418076 0.001980879809707403 867
1585140450548 0.0019467211095616221 868
1585140483576 0.0025837072171270847 869
1585140516128 0.0029527449514716864 870
1585140548753 0.0015622160863131285 871
1585140581045 0.0021923105232417583 872
1585140613840 0.0023495883215218782 873
1585140646784 0.0017529488541185856 874
1585140679849 0.0017530336044728756 875
1585140712395 0.0015321343671530485 876
1585140745019 0.0016963157104328275 877
1585140777898 0.001811908558011055 878
1585140810623 0.0018317049834877253 879
1585140846109 0.0012201718054711819 880
1585140878946 0.0014399451902136207 881
1585140911954 0.0014816747279837728 882
1585140944806 0.001014041481539607 883
1585140977524 0.0024369736202061176 884
1585141010523 0.0006547620287165046 885
1585141043148 0.0012860428541898727 886
1585141075463 0.0016288799233734608 887
1585141107735 0.0017384992679581046 888
1585141141130 0.0017132435459643602 889
1585141173739 0.0016706963069736958 890
1585141206197 0.0014645319897681475 891
1585141239128 0.0015419572591781616 892
1585141271765 0.001784896245226264 893
1585141304203 0.005473882891237736 894
1585141336895 0.0035364681389182806 895
1585141369609 0.002060192171484232 896
1585141402121 0.0011100575793534517 897
1585141434289 0.0022745744790881872 898
1585141467093 0.0013838002923876047 899
1585141499290 0.0018629245460033417 900
1585141531662 0.0010947363916784525 901
1585141564431 0.0011074389331042767 902
1585141596803 0.0021001503337174654 903
1585141629076 0.0014269081875681877 904
1585141661062 0.0012873957166448236 905
1585141692971 0.002228396711871028 906
1585141725088 0.0011103178840130568 907
1585141756984 0.0027147517539560795 908
1585141788941 0.0013202412519603968 909
1585141820775 0.001042508170939982 910
1585141852730 0.0016106097027659416 911
1585141884724 0.002281993394717574 912
1585141916798 0.0019137018825858831 913
1585141949094 0.0018418084364384413 914
1585141980712 0.0013264295412227511 915
1585142012766 0.0010933084413409233 916
1585142044793 0.002771225990727544 917
1585142077034 0.0022079937625676394 918
1585142108772 0.002662516897544265 919
1585142140689 0.0010084955720230937 920
1585142172827 0.0019533801823854446 921
1585142205026 0.0016835618298500776 922
1585142237088 0.0009015004034154117 923
1585142269595 0.0025096351746469736 924
1585142301599 0.0012627597898244858 925
1585142333816 0.0023962564300745726 926
1585142365937 0.0017591523937880993 927
1585142397771 0.0007504461682401597 928
1585142430185 0.002069748705253005 929
1585142461837 0.001909822691231966 930
1585142494257 0.0014742317143827677 931
1585142526357 0.0019980031065642834 932
1585142558149 0.0019541161600500345 933
1585142589969 0.002307350281625986 934
1585142622202 0.0024406593292951584 935
1585142654275 0.0026554977521300316 936
1585142686276 0.0012679691426455975 937
1585142718417 0.0018615389708429575 938
1585142750482 0.002350687514990568 939
1585142782666 0.0013945093378424644 940
1585142816024 0.0014660044107586145 941
1585142848006 0.0011504560243338346 942
1585142880123 0.001995296450331807 943
1585142913296 0.001149796531535685 944
1585142945539 0.0017381811048835516 945
1585142977739 0.0017820713110268116 946
1585143009829 0.0019735917448997498 947
1585143042067 0.0016344946343451738 948
1585143073920 0.0010155679192394018 949
1585143105873 0.0022606775164604187 950
1585143138407 0.0013367787469178438 951
1585143170724 0.0009196888422593474 952
1585143202801 0.0006401281571015716 953
1585143234713 0.0015117372386157513 954
1585143266823 0.001134395250119269 955
1585143298970 0.00526317348703742 956
1585143330663 0.0015374214854091406 957
1585143362761 0.0024006387684494257 958
1585143394653 0.0015936491545289755 959
1585143426609 0.001343021634966135 960
1585143459627 0.002321729902178049 961
1585143491775 0.0008993131341412663 962
1585143523966 0.0005579782882705331 963
1585143556065 0.0016167114954441786 964
1585143588417 0.001950624631717801 965
1585143620061 0.002102624624967575 966
1585143652610 0.0016298125265166163 967
1585143684774 0.002441306598484516 968
1585143716887 0.0016977658960968256 969
1585143748766 0.002902255393564701 970
1585143780556 0.0020536708179861307 971
1585143812816 0.0010966098634526134 972
1585143844685 0.0017347077373415232 973
1585143876567 0.0015844242880120873 974
1585143908630 0.0015863198786973953 975
1585143940821 0.001593298395164311 976
1585143972825 0.0011176038533449173 977
1585144005037 0.0013134338660165668 978
1585144037423 0.001478229882195592 979
1585144069658 0.00143661058973521 980
1585144101546 0.001255485462024808 981
1585144133501 0.002390712732449174 982
1585144165569 0.0006970301037654281 983
1585144197610 0.0023510269820690155 984
1585144229596 0.0008976200479082763 985
1585144261580 0.0019332763040438294 986
1585144293859 0.0008770707063376904 987
1585144325880 0.002429923741146922 988
1585144358078 0.0015525856288149953 989
1585144389936 0.0032123893033713102 990
1585144422126 0.001976246014237404 991
1585144453841 0.001117585226893425 992
1585144485619 0.0011498744133859873 993
1585144517946 0.000887756235897541 994
1585144550109 0.001575365662574768 995
1585144582049 0.0015147828962653875 996
1585144613770 0.002297745319083333 997
1585144646156 0.0014711394906044006 998
1585144678380 0.0024686837568879128 999
1585144711153 0.0010042628273367882 1000
1585144742934 0.0019137937342748046 1001
1585144774749 0.0019217492081224918 1002
1585144807234 0.001970052719116211 1003
1585144839230 0.002098772209137678 1004
1585144871402 0.0019133356399834156 1005
1585144903229 0.001547300722450018 1006
1585144934902 0.0026333711575716734 1007
1585144967087 0.0027888347394764423 1008
1585144999064 0.0012717160861939192 1009
1585145031359 0.0014917681692168117 1010
1585145063308 0.0012996250297874212 1011
1585145095258 0.0013129797298461199 1012
1585145127193 0.0011775970924645662 1013
1585145159320 0.0019617846701294184 1014
1585145191549 0.0016211775364354253 1015
1585145223879 0.001955996034666896 1016
1585145255835 0.002270129509270191 1017
1585145287970 0.002155028283596039 1018
1585145320079 0.0009368191240355372 1019
1585145351876 0.001262559788301587 1020
1585145384001 0.001847042702138424 1021
1585145416102 0.0013555255718529224 1022
1585145448483 0.0014462691033259034 1023
1585145480776 0.0024552682880312204 1024
1585145512679 0.003165638539940119 1025
1585145545564 0.0015150303952395916 1026
1585145577450 0.0014912048354744911 1027
1585145609456 0.002537580206990242 1028
1585145641573 0.0015653010923415422 1029
1585145673492 0.001264316844753921 1030
1585145705301 0.003454158315435052 1031
1585145737394 0.0011724948417395353 1032
1585145769384 0.0016477502649649978 1033
1585145801523 0.0012182993814349174 1034
1585145833442 0.0010899738408625126 1035
1585145865714 0.0013760838191956282 1036
1585145897742 0.0013333514798432589 1037
1585145929642 0.0010508948471397161 1038
1585145961651 0.001139385742135346 1039
1585145993489 0.0037514586001634598 1040
1585146025997 0.002985919825732708 1041
1585146057962 0.0024724865797907114 1042
1585146089951 0.0021926735062152147 1043
1585146122170 0.0033322302624583244 1044
1585146154185 0.0010009235702455044 1045
1585146186421 0.0012544982600957155 1046
1585146218289 0.001373685896396637 1047
1585146249825 0.001272090245038271 1048
1585146282343 0.0016802371246740222 1049
1585146314468 0.002753410255536437 1050
1585146346865 0.00236122845672071 1051
1585146379042 0.0012852454092353582 1052
1585146410693 0.0010679285041987896 1053
1585146442725 0.0012996699661016464 1054
1585146475001 0.0017102668061852455 1055
1585146506834 0.00265622534789145 1056
1585146539935 0.0013832640834152699 1057
1585146571964 0.002100376645103097 1058
1585146604168 0.002122254343703389 1059
1585146636381 0.0011645732447504997 1060
1585146668575 0.003989195451140404 1061
1585146700597 0.0013438218738883734 1062
1585146733153 0.001326954923570156 1063
1585146765617 0.0012446476612240076 1064
1585146797734 0.001977303298190236 1065
1585146829750 0.00155723060015589 1066
1585146862099 0.002345466986298561 1067
1585146893784 0.0012335431529209018 1068
1585146925910 0.001996357226744294 1069
1585146957794 0.0029908001888543367 1070
1585146989635 0.0013171439059078693 1071
1585147021560 0.001683607930317521 1072
1585147053671 0.0010222364217042923 1073
1585147085673 0.0020376553293317556 1074
1585147118874 0.0018311941530555487 1075
1585147151691 0.0019655374344438314 1076
1585147184584 0.0015191661659628153 1077
1585147217398 0.0012790984474122524 1078
1585147249751 0.0012860986171290278 1079
1585147281744 0.0016907543176785111 1080
1585147314028 0.0018110326491296291 1081
1585147346274 0.0023216274566948414 1082
1585147378137 0.0014606377808377147 1083
1585147410258 0.001708438852801919 1084
1585147443776 0.0017133683431893587 1085
1585147476196 0.0015440022107213736 1086
1585147509432 0.0019436883740127087 1087
1585147541543 0.00214804382994771 1088
1585147573609 0.001230820780619979 1089
1585147605625 0.0018213733565062284 1090
1585147637526 0.001654149149544537 1091
1585147669512 0.0019673213828355074 1092
1585147701828 0.0014919404638931155 1093
1585147734225 0.0013438011519610882 1094
1585147766426 0.0016397128347307444 1095
1585147798483 0.001962618436664343 1096
1585147830544 0.0014256942085921764 1097
1585147862542 0.0006329565076157451 1098
1585147894218 0.0014576244866475463 1099
1585147926392 0.0015599238686263561 1100
1585147958237 0.0015227815601974726 1101
1585147990188 0.0011424520052969456 1102
1585148022381 0.0029559938702732325 1103
1585148054288 0.0018735462799668312 1104
1585148086363 0.001590043306350708 1105
1585148118251 0.0016759498976171017 1106
1585148151246 0.0016835564747452736 1107
1585148183319 0.0009625305538065732 1108
1585148215396 0.0013878550380468369 1109
1585148247694 0.0016786442138254642 1110
1585148279942 0.001885601319372654 1111
1585148311836 0.0013959674397483468 1112
1585148343874 0.0013255614321678877 1113
1585148376470 0.0011802123626694083 1114
1585148408597 0.0020978173706680536 1115
1585148440306 0.000970947090536356 1116
1585148472116 0.0017218331340700388 1117
1585148504007 0.0016544540412724018 1118
1585148536029 0.002351021161302924 1119
1585148568509 0.0009239220526069403 1120
1585148602157 0.0023222900927066803 1121
1585148634378 0.0012311869068071246 1122
1585148666207 0.0019528509583324194 1123
1585148698818 0.0019324393942952156 1124
1585148730738 0.0019170427694916725 1125
1585148762692 0.0012561149196699262 1126
1585148794990 0.001671560457907617 1127
1585148827164 0.0012173464056104422 1128
1585148860097 0.001432240242138505 1129
1585148891855 0.0018084810581058264 1130
1585148923338 0.0011165982577949762 1131
1585148955364 0.0018057521665468812 1132
1585148987379 0.0020640885923057795 1133
1585149019247 0.0013776589184999466 1134
1585149051478 0.0031791413202881813 1135
1585149083752 0.0008836283814162016 1136
1585149115820 0.0013645088765770197 1137
1585149147972 0.002984467428177595 1138
1585149180000 0.001680786837823689 1139
1585149212175 0.0014921706169843674 1140
1585149244199 0.0013546114787459373 1141
1585149276167 0.0009539616294205189 1142
1585149308272 0.001722764689475298 1143
1585149340236 0.0018719189101830125 1144
1585149372151 0.0012055083643645048 1145
1585149404091 0.001480205450206995 1146
1585149435880 0.0011229794472455978 1147
1585149468011 0.002019018167629838 1148
1585149500284 0.0036595528945326805 1149
1585149532266 0.0014751262497156858 1150
1585149564291 0.001261186902411282 1151
1585149596353 0.0016942290822044015 1152
1585149628643 0.0014957583043724298 1153
1585149660715 0.0009875096147879958 1154
1585149692719 0.0017415599431842566 1155
1585149724796 0.0021394737996160984 1156
1585149756903 0.0014817232731729746 1157
1585149788751 0.0010636445367708802 1158
1585149820779 0.0020560435950756073 1159
1585149853199 0.0017949189059436321 1160
1585149885178 0.0013046837411820889 1161
1585149917295 0.0012473450042307377 1162
1585149949003 0.0019096028991043568 1163
1585149980716 0.0013852978590875864 1164
1585150012734 0.0017895448254421353 1165
1585150044570 0.0013796045677736402 1166
1585150076743 0.0016009575920179486 1167
1585150109016 0.0006718827644363046 1168
1585150141051 0.0009626835817471147 1169
1585150173402 0.0013430350227281451 1170
1585150205236 0.001340883201919496 1171
1585150238009 0.0016130782896652818 1172
1585150269973 0.0017571020871400833 1173
1585150303607 0.001126251881942153 1174
1585150335843 0.0023180427961051464 1175
1585150369029 0.0022827587090432644 1176
1585150401207 0.00225144624710083 1177
1585150433273 0.0013506126124411821 1178
1585150465427 0.001924579031765461 1179
1585150497371 0.0019563748501241207 1180
1585150529379 0.0010254019871354103 1181
1585150561454 0.00166187877766788 1182
1585150593583 0.0014918806264176965 1183
1585150625453 0.0012359379325062037 1184
1585150659124 0.0013074672315269709 1185
1585150691157 0.002196753863245249 1186
1585150723359 0.0012279287911951542 1187
1585150755161 0.0012591888662427664 1188
1585150787167 0.0014126523165032268 1189
1585150819407 0.0009850796777755022 1190
1585150851306 0.001381576992571354 1191
1585150883505 0.0018053981475532055 1192
1585150915878 0.0010457523167133331 1193
1585150947770 0.0011952612549066544 1194
1585150979255 0.0017939829267561436 1195
1585151011325 0.0018031694926321507 1196
1585151043351 0.0015423411969095469 1197
1585151075463 0.0016969345742836595 1198
1585151108129 0.0010742555605247617 1199
1585151140446 0.0015814511571079493 1200
1585151172530 0.0006450598011724651 1201
1585151204496 0.003167490940541029 1202
1585151236441 0.0028580371290445328 1203
1585151268631 0.0010573554318398237 1204
1585151302406 0.0014444411499425769 1205
1585151334263 0.0016717887483537197 1206
1585151366304 0.001243076054379344 1207
1585151398732 0.0013509236741811037 1208
1585151430750 0.0011693474370986223 1209
1585151462509 0.0017271153628826141 1210
1585151494675 0.002101382939144969 1211
1585151526826 0.0009514268022030592 1212
1585151558703 0.0008306512609124184 1213
1585151591067 0.001608051243238151 1214
1585151622856 0.0017499665264040232 1215
1585151654944 0.0013898879988119006 1216
1585151686863 0.0016141647938638926 1217
1585151719081 0.0011498958338052034 1218
1585151751051 0.0011683562770485878 1219
1585151783090 0.0011430421145632863 1220
1585151815413 0.0015668070409446955 1221
1585151847423 0.001367584802210331 1222
1585151879457 0.001185145927593112 1223
1585151911593 0.0007170505123212934 1224
1585151943375 0.001674374914728105 1225
1585151975409 0.0017460208619013429 1226
1585152007192 0.0008760484051890671 1227
1585152039355 0.00262168375775218 1228
1585152071264 0.0016902257921174169 1229
1585152104131 0.002355958102270961 1230
1585152136524 0.0018729422008618712 1231
1585152168352 0.0010892614955082536 1232
1585152200184 0.0012205236125737429 1233
1585152232060 0.002035240177065134 1234
1585152264514 0.0014458182267844677 1235
1585152296148 0.0015057215932756662 1236
1585152328469 0.00228987168520689 1237
1585152360511 0.0016882610507309437 1238
1585152392681 0.0009113925043493509 1239
1585152424974 0.0013818969018757343 1240
1585152456693 0.0015770411118865013 1241
1585152488136 0.0009305436396971345 1242
1585152520193 0.0013112991582602262 1243
1585152552475 0.001376559492200613 1244
1585152585426 0.001301368116401136 1245
1585152617745 0.0015430741477757692 1246
1585152650404 0.0013009831309318542 1247
1585152682445 0.0008072913624346256 1248
1585152714362 0.0011684381170198321 1249
1585152747024 0.0008355262689292431 1250
1585152779292 0.0029432966839522123 1251
1585152811148 0.003782497486099601 1252
1585152843109 0.0011307154782116413 1253
1585152876040 0.0015194998122751713 1254
1585152908820 0.001482524210587144 1255
1585152940919 0.001752208569087088 1256
1585152973227 0.0012195580638945103 1257
1585153005409 0.00137690722476691 1258
1585153037324 0.0009967456571757793 1259
1585153069298 0.0017514924984425306 1260
1585153101274 0.001805745530873537 1261
1585153133166 0.0012980529572814703 1262
1585153165002 0.0009058618452399969 1263
1585153197603 0.0012065465562045574 1264
1585153229779 0.0016092027071863413 1265
1585153262790 0.0009403594303876162 1266
1585153294774 0.0009610943961888552 1267
1585153326777 0.001453706994652748 1268
1585153358656 0.001422807457856834 1269
1585153390417 0.0011098437244072556 1270
1585153422376 0.0017436116468161345 1271
1585153454232 0.0014694761484861374 1272
1585153486466 0.0015508376527577639 1273
1585153518274 0.0010056807659566402 1274
1585153550313 0.0014294194988906384 1275
1585153582491 0.001744858454912901 1276
1585153614582 0.0018602408235892653 1277
1585153646392 0.0009403230505995452 1278
1585153678189 0.001190847484394908 1279
1585153710236 0.0030069947242736816 1280
1585153742573 0.0013719412963837385 1281
1585153774750 0.0013240018161013722 1282
1585153806987 0.0015404503792524338 1283
1585153838792 0.0012604048242792487 1284
1585153870897 0.0013094358146190643 1285
1585153902654 0.0007845809450373054 1286
1585153934723 0.0010522864758968353 1287
1585153966666 0.0011418176582083106 1288
1585153998740 0.0013392427936196327 1289
1585154030911 0.0013681112322956324 1290
1585154062927 0.0012342113768681884 1291
1585154095077 0.0011799130588769913 1292
1585154127063 0.0012769351014867425 1293
1585154159118 0.0013234644429758191 1294
1585154190898 0.0007778098224662244 1295
1585154222810 0.0015356726944446564 1296
1585154254875 0.0010212105698883533 1297
1585154286944 0.001290717045776546 1298
1585154318717 0.0020538875833153725 1299
1585154350903 0.0017454572953283787 1300
1585154383719 0.0007344118785113096 1301
1585154416532 0.000696642673574388 1302
1585154450043 0.0018821408739313483 1303
1585154483101 0.0014617289416491985 1304
1585154516888 0.0019768632482737303 1305
1585154550444 0.0013550095027312636 1306
1585154583671 0.0019813990220427513 1307
1585154616868 0.0015727621503174305 1308
1585154649981 0.0014644601615145802 1309
1585154683108 0.003284299746155739 1310
1585154716265 0.0016408753581345081 1311
1585154749574 0.0016013334970921278 1312
1585154782566 0.0013984664110466838 1313
1585154815744 0.0013443189673125744 1314
1585154849284 0.0014616978587582707 1315
1585154882430 0.001131223514676094 1316
1585154916131 0.001411893405020237 1317
1585154950095 0.0016945472452789545 1318
1585154983679 0.0010258953552693129 1319
1585155016886 0.0010738541604951024 1320
1585155049898 0.001521431840956211 1321
1585155082841 0.001431002514436841 1322
1585155116262 0.0014650688972324133 1323
1585155149380 0.002386649139225483 1324
1585155182703 0.0017415814800187945 1325
1585155216112 0.0011691327672451735 1326
1585155249421 0.0017716821748763323 1327
1585155282973 0.0014477050863206387 1328
1585155316037 0.0009385665180161595 1329
1585155350328 0.001832243986427784 1330
1585155383276 0.001006770646199584 1331
1585155416852 0.0015853176591917872 1332
1585155450136 0.002105237450450659 1333
1585155483291 0.0022271182388067245 1334
1585155516385 0.0014703815104439855 1335
1585155549677 0.001042909687384963 1336
1585155582929 0.0011057513765990734 1337
1585155616442 0.0012231830041855574 1338
1585155649500 0.0023129903711378574 1339
1585155682758 0.0019910521805286407 1340
1585155716254 0.0012404437875375152 1341
1585155749445 0.0014189410721883178 1342
1585155782479 0.0014307742239907384 1343
1585155815478 0.001245326129719615 1344
1585155848491 0.0008261598413810134 1345
1585155881719 0.0022321464493870735 1346
1585155914967 0.001839420641772449 1347
1585155948199 0.0016273529035970569 1348
1585155981519 0.000770037469919771 1349
1585156014654 0.001862362027168274 1350
1585156048065 0.0017397351330146194 1351
1585156081152 0.001345092779956758 1352
1585156114578 0.0013283374719321728 1353
1585156148888 0.0016160353552550077 1354
1585156182031 0.001031509367749095 1355
1585156215320 0.0009466632036492229 1356
1585156249856 0.0011815691832453012 1357
1585156282992 0.0019169205334037542 1358
1585156316431 0.0014398114290088415 1359
1585156349967 0.0011485244613140821 1360
1585156383214 0.0009021108271554112 1361
1585156416600 0.0010792395332828164 1362
1585156449990 0.0020365878008306026 1363
1585156483292 0.0008617568528279662 1364
1585156516282 0.0012955646961927414 1365
1585156550422 0.0013953008456155658 1366
1585156583396 0.000899205100722611 1367
1585156617175 0.0006808112375438213 1368
1585156650423 0.0010558529756963253 1369
1585156683853 0.001711952849291265 1370
1585156716852 0.0014090316835790873 1371
1585156750098 0.0010518338531255722 1372
1585156783429 0.0018420640844851732 1373
1585156816744 0.0015761757967993617 1374
1585156849624 0.0013809730298817158 1375
1585156883111 0.0013747496996074915 1376
1585156916584 0.0007498604245483875 1377
1585156949816 0.0021889968775212765 1378
1585156983183 0.0035596813540905714 1379
1585157016557 0.001545502571389079 1380
1585157050190 0.0015363768907263875 1381
1585157084423 0.001283759018406272 1382
1585157117467 0.0009803802240639925 1383
1585157150736 0.0010858732275664806 1384
1585157183695 0.0016622466500848532 1385
1585157217236 0.001346278004348278 1386
1585157250448 0.001490738708525896 1387
1585157283989 0.0012174011208117008 1388
1585157317844 0.0012715647462755442 1389
1585157351146 0.0017371358117088675 1390
1585157384596 0.0008556290995329618 1391
1585157417691 0.0011860374361276627 1392
1585157451051 0.0012939496664330363 1393
1585157485067 0.0013559109065681696 1394
1585157518191 0.0010886348318308592 1395
1585157551870 0.0009384335135109723 1396
1585157585118 0.0012120960745960474 1397
1585157619354 0.0009656227775849402 1398
1585157652518 0.001064211712218821 1399
1585157685619 0.0010227987077087164 1400
1585157718847 0.0009988389210775495 1401
1585157752082 0.0010141044622287154 1402
1585157786436 0.001506381668150425 1403
1585157820190 0.0009223337983712554 1404
1585157853571 0.0011093810899183154 1405
1585157886976 0.0010946523398160934 1406
1585157920061 0.0012437482364475727 1407
1585157953343 0.0010865249205380678 1408
1585157986554 0.0006002164445817471 1409
1585158021102 0.0014395599719136953 1410
1585158054528 0.0008106366731226444 1411
1585158088409 0.0009365115547552705 1412
1585158121774 0.001552763395011425 1413
1585158155044 0.001071764389052987 1414
1585158187957 0.0010422100313007832 1415
1585158220978 0.0012306425487622619 1416
1585158253975 0.0013470889534801245 1417
1585158288164 0.0008510417537763715 1418
1585158321125 0.0015050382353365421 1419
1585158354506 0.0021512131206691265 1420
1585158387841 0.0017249564407393336 1421
1585158421080 0.0013201874680817127 1422
1585158453510 0.0011582961305975914 1423
1585158484748 0.002096171025186777 1424
1585158516811 0.0010823654010891914 1425
1585158548991 0.0012741207610815763 1426
1585158581636 0.0016838118899613619 1427
1585158613423 0.000989257823675871 1428
1585158645693 0.001585901714861393 1429
1585158677963 0.0009279373334720731 1430
1585158710765 0.0012100490275770426 1431
1585158744204 0.001034330576658249 1432
1585158777512 0.001009391387924552 1433
1585158811002 0.0007303096354007721 1434
1585158845208 0.0013280106941238046 1435
1585158878065 0.001211162656545639 1436
1585158911058 0.001015244983136654 1437
1585158944868 0.0017119144322350621 1438
1585158977983 0.0006486682686954737 1439
1585159011231 0.001238674041815102 1440
1585159044560 0.0013167440192773938 1441
1585159077975 0.001019876915961504 1442
1585159111241 0.0021653990261256695 1443
1585159144185 0.001002984936349094 1444
1585159177562 0.0014027582947164774 1445
1585159210705 0.0013717315159738064 1446
1585159243996 0.0011729832040145993 1447
1585159277395 0.0008466100553050637 1448
1585159310500 0.0008844925323501229 1449
1585159343956 0.0011267169611528516 1450
1585159377063 0.0009753810008987784 1451
1585159410291 0.0010058763436973095 1452
1585159443408 0.0013875975273549557 1453
1585159476865 0.001045052893459797 1454
1585159509965 0.0008526536403223872 1455
1585159543435 0.001207104418426752 1456
1585159576441 0.000932242488488555 1457
1585159609528 0.0019563515670597553 1458
1585159643084 0.0009390587219968438 1459
1585159676291 0.0016863729106262326 1460
1585159709443 0.001114599290303886 1461
1585159742813 0.0011290599359199405 1462
1585159776349 0.001235482282936573 1463
1585159809659 0.0017546728486195207 1464
1585159842835 0.0009686058619990945 1465
1585159876015 0.000725258607417345 1466
1585159909428 0.0006380369886755943 1467
1585159942534 0.0011940853437408805 1468
1585159975405 0.0023592431098222733 1469
1585160008580 0.001525726867839694 1470
1585160041750 0.001516540301963687 1471
1585160075125 0.0016800585435703397 1472
1585160108462 0.001242157886736095 1473
1585160141646 0.0017797356704249978 1474
1585160175118 0.0028357801493257284 1475
1585160209106 0.0013717302354052663 1476
1585160242342 0.0006573411519639194 1477
1585160275537 0.0008753666188567877 1478
1585160308551 0.0013154055923223495 1479
1585160341761 0.0013224446447566152 1480
1585160374951 0.0009428194025531411 1481
1585160408308 0.0013134132605046034 1482
1585160441638 0.0017871044110506773 1483
1585160474895 0.0009671434527263045 1484
1585160508227 0.0016282054129987955 1485
1585160541354 0.001242196187376976 1486
1585160574276 0.0011394030880182981 1487
1585160607294 0.0011705056531354785 1488
1585160640645 0.0012863947777077556 1489
1585160673805 0.0008264329517260194 1490
1585160706786 0.0011087332386523485 1491
1585160740245 0.0009081769967451692 1492
1585160773356 0.0015788087621331215 1493
1585160806782 0.0006626087706536055 1494
1585160840112 0.002201297553256154 1495
1585160873682 0.0013810733798891306 1496
1585160907082 0.0008967426838353276 1497
1585160940490 0.0014816226903349161 1498
1585160973901 0.000777709879912436 1499
1585161007545 0.001202455023303628 1500
