1585006996866 0.8505749702453613 0
1585007030112 0.7585116624832153 1
1585007063340 0.7089470028877258 2
1585007095920 0.6807082295417786 3
1585007128819 0.674106240272522 4
1585007161652 0.6565452218055725 5
1585007194389 0.6397882103919983 6
1585007226996 0.6151897311210632 7
1585007260393 0.5986522436141968 8
1585007293124 0.5684323906898499 9
1585007325773 0.5553660988807678 10
1585007358632 0.5339029431343079 11
1585007391536 0.5198601484298706 12
1585007424294 0.506274938583374 13
1585007457111 0.49064505100250244 14
1585007490169 0.47962135076522827 15
1585007522889 0.46864187717437744 16
1585007555583 0.4581456780433655 17
1585007588184 0.4508223533630371 18
1585007621112 0.43744340538978577 19
1585007653602 0.43292465806007385 20
1585007686281 0.42328906059265137 21
1585007719007 0.4203903079032898 22
1585007751720 0.41304123401641846 23
1585007784412 0.40301600098609924 24
1585007817268 0.4023699164390564 25
1585007849769 0.395912766456604 26
1585007882728 0.39316362142562866 27
1585007915485 0.38746052980422974 28
1585007949244 0.38242197036743164 29
1585007981771 0.3762267827987671 30
1585008014680 0.37420931458473206 31
1585008047462 0.37446290254592896 32
1585008080287 0.36484843492507935 33
1585008113679 0.3601154088973999 34
1585008146566 0.35502317547798157 35
1585008179369 0.35827669501304626 36
1585008212218 0.3489896357059479 37
1585008244833 0.3458871841430664 38
1585008277731 0.3422679007053375 39
1585008310705 0.34353354573249817 40
1585008344360 0.3384924829006195 41
1585008376988 0.33826199173927307 42
1585008409785 0.3365025222301483 43
1585008442390 0.3327013850212097 44
1585008475204 0.33698350191116333 45
1585008507932 0.3337990343570709 46
1585008540473 0.3336719572544098 47
1585008573281 0.3282320201396942 48
1585008606103 0.3282967209815979 49
1585008638879 0.32719510793685913 50
1585008671527 0.322846919298172 51
1585008704372 0.32886409759521484 52
1585008737521 0.31862619519233704 53
1585008770299 0.32820025086402893 54
1585008803260 0.328861802816391 55
1585008835723 0.3262898027896881 56
1585008868870 0.32286325097084045 57
1585008902058 0.32276391983032227 58
1585008934978 0.3239573836326599 59
1585008967763 0.3195103704929352 60
1585009001902 0.31560298800468445 61
1585009035021 0.32233327627182007 62
1585009067734 0.33004269003868103 63
1585009100580 0.3188244700431824 64
1585009133124 0.3229001760482788 65
1585009166240 0.3240031898021698 66
1585009199205 0.3190961480140686 67
1585009232060 0.32252010703086853 68
1585009265083 0.3217707872390747 69
1585009300024 0.32773557305336 70
1585009332694 0.3169604539871216 71
1585009365740 0.3272629678249359 72
1585009398425 0.3215470314025879 73
1585009431328 0.32025983929634094 74
1585009463963 0.3225844204425812 75
1585009496745 0.32305142283439636 76
1585009529292 0.3240356743335724 77
1585009562227 0.3284774422645569 78
1585009595667 0.32439377903938293 79
1585009628587 0.3175644874572754 80
1585009661341 0.3283231556415558 81
1585009694494 0.3318101167678833 82
1585009727342 0.3429422676563263 83
1585009760142 0.3286356031894684 84
1585009792898 0.3328600823879242 85
1585009825697 0.32424500584602356 86
1585009859404 0.3320585787296295 87
1585009892309 0.3234739303588867 88
1585009924836 0.33025631308555603 89
1585009957440 0.33085694909095764 90
1585009990123 0.3319951295852661 91
1585010024054 0.33532729744911194 92
1585010056527 0.33581823110580444 93
1585010089316 0.3372862935066223 94
1585010122607 0.3336593210697174 95
1585010155356 0.3397219181060791 96
1585010188445 0.3378945291042328 97
1585010221247 0.347038596868515 98
1585010253861 0.3457029163837433 99
1585010286289 0.34350815415382385 100
1585010318991 0.35013729333877563 101
1585010351409 0.35327020287513733 102
1585010384082 0.3561248481273651 103
1585010416875 0.3538179397583008 104
1585010449753 0.36062324047088623 105
1585010482419 0.3565196394920349 106
1585010515062 0.3609752058982849 107
1585010547670 0.3576963245868683 108
1585010580274 0.3582572042942047 109
1585010612743 0.3592357635498047 110
1585010645336 0.357160747051239 111
1585010678120 0.35972556471824646 112
1585010710812 0.36339226365089417 113
1585010743460 0.3592042922973633 114
1585010776220 0.3624936044216156 115
1585010810802 0.36253178119659424 116
1585010843498 0.3572345972061157 117
1585010875874 0.3640718162059784 118
1585010908440 0.3571637272834778 119
1585010941055 0.3527158796787262 120
1585010973723 0.3553846776485443 121
1585011006908 0.35593557357788086 122
1585011039771 0.35434120893478394 123
1585011072609 0.3488635718822479 124
1585011105731 0.357712060213089 125
1585011138654 0.34840577840805054 126
1585011171736 0.3545770049095154 127
1585011204731 0.3527873456478119 128
1585011238890 0.3475504219532013 129
1585011271526 0.35399484634399414 130
1585011304045 0.35017645359039307 131
1585011336886 0.34963932633399963 132
1585011369610 0.35674217343330383 133
1585011402337 0.3525482416152954 134
1585011434923 0.34758448600769043 135
1585011467929 0.34919002652168274 136
1585011500453 0.35334959626197815 137
1585011533204 0.34259912371635437 138
1585011565812 0.35157647728919983 139
1585011598548 0.3466262221336365 140
1585011631474 0.34573522210121155 141
1585011664096 0.3457096517086029 142
1585011697700 0.34668222069740295 143
1585011731142 0.35027191042900085 144
1585011764414 0.3460325300693512 145
1585011797284 0.341813862323761 146
1585011829911 0.34686413407325745 147
1585011862824 0.34550079703330994 148
1585011895684 0.35759833455085754 149
1585011928505 0.34938329458236694 150
1585011961669 0.34934091567993164 151
1585011994646 0.3467884659767151 152
1585012027274 0.3487185537815094 153
1585012060181 0.3491450548171997 154
1585012092950 0.3464324474334717 155
1585012125744 0.3498986065387726 156
1585012158237 0.34996333718299866 157
1585012190640 0.3503488600254059 158
1585012223368 0.34774988889694214 159
1585012256192 0.34173762798309326 160
1585012288967 0.353804349899292 161
1585012323088 0.351435124874115 162
1585012356204 0.3508802056312561 163
1585012389001 0.3534814119338989 164
1585012421754 0.34644681215286255 165
1585012454389 0.34759458899497986 166
1585012487636 0.3533206284046173 167
1585012520698 0.35413822531700134 168
1585012553641 0.34642094373703003 169
1585012586567 0.349383682012558 170
1585012619483 0.3477759063243866 171
1585012652298 0.3498559892177582 172
1585012685206 0.34665048122406006 173
1585012720399 0.34632009267807007 174
1585012753485 0.3407818078994751 175
1585012786504 0.34707361459732056 176
1585012819460 0.3535016179084778 177
1585012852315 0.3506365716457367 178
1585012886528 0.341937780380249 179
1585012919552 0.34783950448036194 180
1585012952531 0.34331271052360535 181
1585012985712 0.34449177980422974 182
1585013018347 0.349226176738739 183
1585013051159 0.34440967440605164 184
1585013083787 0.3511843979358673 185
1585013116649 0.34713345766067505 186
1585013149637 0.34463822841644287 187
1585013182487 0.34262707829475403 188
1585013215044 0.3473571836948395 189
1585013248279 0.34930238127708435 190
1585013281114 0.34448689222335815 191
1585013314113 0.34954532980918884 192
1585013347050 0.343473881483078 193
1585013379725 0.34186699986457825 194
1585013412483 0.3412535786628723 195
1585013445146 0.348874032497406 196
1585013477727 0.3502861559391022 197
1585013511442 0.3427456319332123 198
1585013543948 0.33985206484794617 199
1585013576700 0.3513908386230469 200
1585013609393 0.3398025631904602 201
1585013642000 0.3490680158138275 202
1585013674811 0.34756484627723694 203
1585013707740 0.33816832304000854 204
1585013740293 0.3455658257007599 205
1585013773126 0.3456462025642395 206
1585013806123 0.34843364357948303 207
1585013839110 0.34774845838546753 208
1585013871980 0.34674373269081116 209
1585013904904 0.34458127617836 210
1585013937782 0.34409546852111816 211
1585013970452 0.34140825271606445 212
1585014002937 0.34351107478141785 213
1585014035906 0.3483831584453583 214
1585014068653 0.34145596623420715 215
1585014101588 0.34485578536987305 216
1585014134410 0.34279003739356995 217
1585014167386 0.3435782492160797 218
1585014200291 0.34105032682418823 219
1585014232855 0.35077208280563354 220
1585014265713 0.3454435169696808 221
1585014298913 0.33516746759414673 222
1585014332717 0.3460572361946106 223
1585014365396 0.3428698778152466 224
1585014398230 0.3439810276031494 225
1585014430868 0.34391704201698303 226
1585014463669 0.3526152968406677 227
1585014496308 0.34472599625587463 228
1585014528764 0.34383338689804077 229
1585014561174 0.3520420789718628 230
1585014593728 0.3432006537914276 231
1585014626135 0.3450111746788025 232
1585014659205 0.3484381437301636 233
1585014693145 0.3440481722354889 234
1585014725968 0.34135016798973083 235
1585014758782 0.3404027223587036 236
1585014791836 0.3436357080936432 237
1585014824873 0.34680962562561035 238
1585014857672 0.3432876467704773 239
1585014890679 0.34647220373153687 240
1585014923576 0.33994191884994507 241
1585014956294 0.34127214550971985 242
1585014989723 0.34184083342552185 243
1585015022323 0.3418320417404175 244
1585015055334 0.3418578505516052 245
1585015088395 0.3433956205844879 246
1585015120969 0.3386927843093872 247
1585015153911 0.33336731791496277 248
1585015186598 0.346880704164505 249
1585015219713 0.3444591164588928 250
1585015252811 0.34206971526145935 251
1585015285627 0.3492812216281891 252
1585015318570 0.3495268225669861 253
1585015351457 0.34507879614830017 254
1585015384252 0.3450412452220917 255
1585015416872 0.346666157245636 256
1585015449803 0.33569175004959106 257
1585015482689 0.3537243902683258 258
1585015515875 0.34423890709877014 259
1585015549766 0.34552788734436035 260
1585015583355 0.3461202383041382 261
1585015616777 0.34598416090011597 262
1585015650581 0.33885684609413147 263
1585015683741 0.33894774317741394 264
1585015717231 0.34362685680389404 265
1585015750695 0.33836987614631653 266
1585015784039 0.33709990978240967 267
1585015817370 0.33802348375320435 268
1585015851250 0.34779930114746094 269
1585015885771 0.3430173695087433 270
1585015918988 0.3409197926521301 271
1585015951982 0.35354846715927124 272
1585015985515 0.3418751358985901 273
1585016018954 0.3448752760887146 274
1585016052092 0.33940404653549194 275
1585016087346 0.34580108523368835 276
1585016120918 0.3422815203666687 277
1585016155393 0.3480927050113678 278
1585016189493 0.34741896390914917 279
1585016223317 0.34132155776023865 280
1585016258304 0.34895089268684387 281
1585016292181 0.3427395522594452 282
1585016326632 0.34741488099098206 283
1585016360080 0.34077751636505127 284
1585016393864 0.3428783416748047 285
1585016427608 0.3388216197490692 286
1585016461023 0.33933237195014954 287
1585016495356 0.34685641527175903 288
1585016529078 0.3393903970718384 289
1585016562900 0.33974114060401917 290
1585016596238 0.34224316477775574 291
1585016629721 0.3431831896305084 292
1585016663172 0.34088221192359924 293
1585016697988 0.3409713804721832 294
1585016731637 0.3376554250717163 295
1585016765309 0.34040072560310364 296
1585016798720 0.3389315903186798 297
1585016832669 0.3455069065093994 298
1585016865993 0.348644882440567 299
1585016899996 0.3384776711463928 300
1585016933703 0.34008899331092834 301
1585016968367 0.34486156702041626 302
1585017002010 0.34628966450691223 303
1585017035657 0.3487771451473236 304
1585017069616 0.33863481879234314 305
1585017104085 0.34249570965766907 306
1585017137698 0.33339378237724304 307
1585017171248 0.3419261574745178 308
1585017205027 0.3438517451286316 309
1585017238542 0.345429390668869 310
1585017272110 0.33751508593559265 311
1585017305867 0.3405962288379669 312
1585017339491 0.3388548791408539 313
1585017373335 0.33940747380256653 314
1585017406818 0.33657482266426086 315
1585017440464 0.33985117077827454 316
1585017474142 0.3383132815361023 317
1585017507905 0.34785857796669006 318
1585017541772 0.342629075050354 319
1585017576223 0.3395210802555084 320
1585017610685 0.34008654952049255 321
1585017644729 0.34005188941955566 322
1585017678576 0.3421598970890045 323
1585017712321 0.3392620384693146 324
1585017746104 0.34597140550613403 325
1585017779977 0.3401671051979065 326
1585017813733 0.3447554111480713 327
1585017847147 0.33693474531173706 328
1585017881038 0.3423018753528595 329
1585017914726 0.3369077742099762 330
1585017948275 0.3363845944404602 331
1585017981945 0.3408025801181793 332
1585018015805 0.33374446630477905 333
1585018049560 0.3414853811264038 334
1585018083066 0.33642706274986267 335
1585018117193 0.34937578439712524 336
1585018150698 0.3395809829235077 337
1585018184571 0.34827813506126404 338
1585018218397 0.3403412699699402 339
1585018252144 0.34719452261924744 340
1585018285583 0.34461796283721924 341
1585018319212 0.3406301736831665 342
1585018353253 0.34009885787963867 343
1585018387485 0.3454963266849518 344
1585018421681 0.3400948643684387 345
1585018455742 0.3503548204898834 346
1585018489896 0.3404465317726135 347
1585018523834 0.340860515832901 348
1585018557267 0.33785784244537354 349
1585018591081 0.33199676871299744 350
1585018625606 0.3343659043312073 351
1585018659167 0.33894050121307373 352
1585018692557 0.33418136835098267 353
1585018726261 0.3414222300052643 354
1585018760028 0.339815616607666 355
1585018794283 0.3419147729873657 356
1585018828328 0.3378475308418274 357
1585018861935 0.3416403532028198 358
1585018895447 0.3407796621322632 359
1585018929267 0.3360201418399811 360
1585018963459 0.33944764733314514 361
1585018997247 0.3417811989784241 362
1585019030969 0.3422141969203949 363
1585019064396 0.3381462097167969 364
1585019097880 0.348653644323349 365
1585019131652 0.3459109365940094 366
1585019165645 0.34308764338493347 367
1585019199786 0.3387269675731659 368
1585019233945 0.34198465943336487 369
1585019267764 0.34516435861587524 370
1585019301190 0.3347749710083008 371
1585019334879 0.346943199634552 372
1585019368792 0.33033204078674316 373
1585019402165 0.34184080362319946 374
1585019435921 0.34266066551208496 375
1585019469895 0.3449469208717346 376
1585019503582 0.3453787863254547 377
1585019537291 0.3408280313014984 378
1585019571331 0.34225985407829285 379
1585019604964 0.344857782125473 380
1585019638418 0.3440987765789032 381
1585019672277 0.33950531482696533 382
1585019705979 0.33921802043914795 383
1585019740016 0.33331191539764404 384
1585019773606 0.34389421343803406 385
1585019807046 0.3392641246318817 386
1585019841000 0.3434178829193115 387
1585019875102 0.33818474411964417 388
1585019908732 0.33532336354255676 389
1585019942635 0.3425332307815552 390
1585019976347 0.3442326486110687 391
1585020010129 0.3488067388534546 392
1585020043873 0.3389281630516052 393
1585020077723 0.3431433141231537 394
1585020111528 0.33645907044410706 395
1585020145015 0.33811214566230774 396
1585020178894 0.34325113892555237 397
1585020212882 0.3475717008113861 398
1585020246724 0.34219732880592346 399
1585020280267 0.3393141031265259 400
1585020314111 0.3403230905532837 401
1585020348404 0.34008365869522095 402
1585020381900 0.34228506684303284 403
1585020415270 0.33456671237945557 404
1585020449017 0.3399261236190796 405
1585020482605 0.34662961959838867 406
1585020515972 0.3448537290096283 407
1585020549626 0.34556564688682556 408
1585020583445 0.33554521203041077 409
1585020616788 0.33447057008743286 410
1585020650902 0.33611854910850525 411
1585020684733 0.33997878432273865 412
1585020719498 0.34624987840652466 413
1585020754465 0.33945170044898987 414
1585020787992 0.33868408203125 415
1585020822527 0.34444671869277954 416
1585020856638 0.34933409094810486 417
1585020890366 0.3428787589073181 418
1585020923846 0.35138824582099915 419
1585020957568 0.34177035093307495 420
1585020991529 0.33197271823883057 421
1585021025119 0.3347603380680084 422
1585021060212 0.3370738923549652 423
1585021094019 0.3411223292350769 424
1585021127666 0.3420233726501465 425
1585021161186 0.3387141227722168 426
1585021194710 0.34446510672569275 427
1585021228480 0.33433252573013306 428
1585021262379 0.33920159935951233 429
1585021295890 0.3367510139942169 430
1585021329606 0.34171172976493835 431
1585021363421 0.3465556204319 432
1585021397196 0.3388570547103882 433
1585021430618 0.3438485264778137 434
1585021464174 0.34126201272010803 435
1585021498481 0.33566516637802124 436
1585021533203 0.34053102135658264 437
1585021567763 0.342569500207901 438
1585021601261 0.33864879608154297 439
1585021634607 0.3359658718109131 440
1585021668459 0.346423476934433 441
1585021701918 0.3363279402256012 442
1585021735306 0.340964674949646 443
1585021770034 0.3425450325012207 444
1585021803713 0.3419244587421417 445
1585021837955 0.3439581096172333 446
1585021872054 0.3477051556110382 447
1585021906097 0.34501904249191284 448
1585021940054 0.3369755148887634 449
1585021973522 0.3491434156894684 450
1585022007169 0.33686259388923645 451
1585022040866 0.3382211923599243 452
1585022074758 0.34475329518318176 453
1585022108564 0.3486274182796478 454
1585022142519 0.34137576818466187 455
1585022176164 0.34143707156181335 456
1585022209927 0.33974489569664 457
1585022243629 0.34498193860054016 458
1585022277233 0.34707698225975037 459
1585022310693 0.3363426923751831 460
1585022344768 0.3378501236438751 461
1585022378368 0.34365811944007874 462
1585022412271 0.34767594933509827 463
1585022445982 0.3397975564002991 464
1585022479359 0.33746302127838135 465
1585022513021 0.34827920794487 466
1585022546925 0.34135308861732483 467
1585022580533 0.3427165448665619 468
1585022614267 0.3539596498012543 469
1585022647701 0.3444472551345825 470
1585022681653 0.34205999970436096 471
1585022715310 0.3394881784915924 472
1585022749102 0.3458806872367859 473
1585022782575 0.3475894629955292 474
1585022816381 0.3493545353412628 475
1585022849872 0.33835145831108093 476
1585022884312 0.3413873016834259 477
1585022918168 0.34569481015205383 478
1585022952255 0.34440505504608154 479
1585022985543 0.3454360067844391 480
1585023019665 0.34713903069496155 481
1585023053616 0.34840747714042664 482
1585023087380 0.3642813265323639 483
1585023121124 0.35676833987236023 484
1585023155474 0.3472751975059509 485
1585023188853 0.3444439768791199 486
1585023222515 0.34736159443855286 487
1585023256147 0.3462267220020294 488
1585023289881 0.3442344069480896 489
1585023323753 0.34553587436676025 490
1585023358195 0.3486219644546509 491
1585023391705 0.34197908639907837 492
1585023425571 0.3530794680118561 493
1585023459811 0.3482789695262909 494
1585023493613 0.3605389893054962 495
1585023527329 0.34338417649269104 496
1585023560985 0.34522175788879395 497
1585023595363 0.34542104601860046 498
1585023628719 0.3546859920024872 499
1585023662396 0.3541547358036041 500
