1585007009017 0.8315979242324829 0
1585007041736 0.7384952306747437 1
1585007074907 0.6887212991714478 2
1585007107497 0.6601724624633789 3
1585007140440 0.6443091034889221 4
1585007173196 0.6354579925537109 5
1585007205785 0.6134381890296936 6
1585007238731 0.5819135904312134 7
1585007271850 0.5667967796325684 8
1585007304649 0.5498716831207275 9
1585007337555 0.5233531594276428 10
1585007370413 0.5119046568870544 11
1585007402949 0.49418047070503235 12
1585007436060 0.47899940609931946 13
1585007468559 0.4668614864349365 14
1585007501761 0.4554387629032135 15
1585007534406 0.44550999999046326 16
1585007567184 0.4336460530757904 17
1585007599911 0.420783668756485 18
1585007632647 0.413210391998291 19
1585007665254 0.4005080461502075 20
1585007697764 0.39590972661972046 21
1585007730604 0.3935951292514801 22
1585007763106 0.37979426980018616 23
1585007795999 0.3792198598384857 24
1585007828810 0.36621057987213135 25
1585007861389 0.36276310682296753 26
1585007894434 0.3579680919647217 27
1585007927924 0.35575973987579346 28
1585007960705 0.35071003437042236 29
1585007993568 0.35204508900642395 30
1585008026257 0.34353333711624146 31
1585008059012 0.3406102657318115 32
1585008091941 0.329974889755249 33
1585008125152 0.3273528814315796 34
1585008158180 0.32781079411506653 35
1585008191008 0.31928494572639465 36
1585008223782 0.31437569856643677 37
1585008256328 0.30876684188842773 38
1585008289471 0.3079606592655182 39
1585008322299 0.3086010217666626 40
1585008355774 0.3013606667518616 41
1585008388521 0.30382153391838074 42
1585008421313 0.30694568157196045 43
1585008453763 0.2958061099052429 44
1585008486767 0.30290985107421875 45
1585008519276 0.2990056276321411 46
1585008551931 0.298921138048172 47
1585008584933 0.2922511100769043 48
1585008617703 0.29816460609436035 49
1585008650356 0.29972341656684875 50
1585008683138 0.2902974486351013 51
1585008716272 0.29176685214042664 52
1585008749050 0.29540249705314636 53
1585008781977 0.2876715064048767 54
1585008814709 0.2892846465110779 55
1585008847336 0.29070261120796204 56
1585008880511 0.2900576889514923 57
1585008913595 0.30050188302993774 58
1585008946691 0.2917672395706177 59
1585008980798 0.29655471444129944 60
1585009013670 0.29626211524009705 61
1585009046460 0.2912825345993042 62
1585009079521 0.2920547127723694 63
1585009112167 0.2923927903175354 64
1585009144771 0.2851906418800354 65
1585009178024 0.29671183228492737 66
1585009210839 0.2939966917037964 67
1585009243756 0.2882210612297058 68
1585009278615 0.2876574695110321 69
1585009311471 0.28651151061058044 70
1585009344430 0.29032039642333984 71
1585009377281 0.294268935918808 72
1585009410015 0.2904723286628723 73
1585009442860 0.2901802361011505 74
1585009475582 0.28409165143966675 75
1585009508176 0.29189035296440125 76
1585009540914 0.2938573360443115 77
1585009573888 0.28608137369155884 78
1585009607244 0.28982990980148315 79
1585009640023 0.2907831072807312 80
1585009672846 0.2927698791027069 81
1585009706059 0.2813044488430023 82
1585009738925 0.29118478298187256 83
1585009771770 0.29670384526252747 84
1585009804445 0.289301335811615 85
1585009837263 0.28540146350860596 86
1585009870970 0.28836002945899963 87
1585009903784 0.2934744954109192 88
1585009936265 0.2933012843132019 89
1585009968861 0.29256099462509155 90
1585010002572 0.30148428678512573 91
1585010035547 0.2964361608028412 92
1585010068052 0.28889936208724976 93
1585010101123 0.30260294675827026 94
1585010134174 0.2995959222316742 95
1585010167030 0.30903175473213196 96
1585010199983 0.2967115342617035 97
1585010232717 0.29941657185554504 98
1585010265282 0.3134559988975525 99
1585010297951 0.3093401789665222 100
1585010330474 0.3045012354850769 101
1585010362956 0.3081408441066742 102
1585010395527 0.3188726007938385 103
1585010428319 0.3065366744995117 104
1585010461216 0.3046392798423767 105
1585010493891 0.309255450963974 106
1585010526534 0.31349027156829834 107
1585010559102 0.313505619764328 108
1585010591637 0.31651023030281067 109
1585010624248 0.3144262433052063 110
1585010657066 0.31848928332328796 111
1585010689644 0.31414464116096497 112
1585010722292 0.3177315592765808 113
1585010754927 0.30856335163116455 114
1585010787710 0.31184259057044983 115
1585010822387 0.3081710934638977 116
1585010854925 0.31264728307724 117
1585010887502 0.31674203276634216 118
1585010919969 0.30865058302879333 119
1585010952635 0.3087063431739807 120
1585010985385 0.31322482228279114 121
1585011018467 0.31642699241638184 122
1585011051347 0.30932727456092834 123
1585011084493 0.3062920868396759 124
1585011117313 0.3138855993747711 125
1585011150574 0.30964401364326477 126
1585011183313 0.30542874336242676 127
1585011216540 0.3074585199356079 128
1585011250350 0.3052315413951874 129
1585011283008 0.30725279450416565 130
1585011315519 0.30100783705711365 131
1585011348340 0.3094176948070526 132
1585011381054 0.3118745982646942 133
1585011413760 0.3161630928516388 134
1585011446579 0.3072173595428467 135
1585011479554 0.3041699528694153 136
1585011511997 0.30311059951782227 137
1585011544747 0.3128172755241394 138
1585011577247 0.30977663397789 139
1585011610244 0.3072187900543213 140
1585011642908 0.3162115216255188 141
1585011676557 0.3043035864830017 142
1585011710185 0.300533652305603 143
1585011742914 0.30038535594940186 144
1585011776099 0.30419647693634033 145
1585011808693 0.3075617551803589 146
1585011841648 0.30778130888938904 147
1585011874510 0.2987898886203766 148
1585011907399 0.30280593037605286 149
1585011940278 0.3090474605560303 150
1585011973139 0.2972705662250519 151
1585012006117 0.303203284740448 152
1585012038939 0.3056872487068176 153
1585012071686 0.30082938075065613 154
1585012104475 0.30833160877227783 155
1585012137340 0.3061847686767578 156
1585012169628 0.2996552884578705 157
1585012202175 0.30390703678131104 158
1585012234932 0.29972580075263977 159
1585012267885 0.3080165982246399 160
1585012300572 0.30511027574539185 161
1585012334665 0.3109593987464905 162
1585012367816 0.31380388140678406 163
1585012400503 0.2964714467525482 164
1585012433354 0.3062012195587158 165
1585012466473 0.31099945306777954 166
1585012499468 0.3018608093261719 167
1585012532215 0.31651121377944946 168
1585012565230 0.3210139274597168 169
1585012598234 0.30769801139831543 170
1585012631064 0.3104178309440613 171
1585012663761 0.31497564911842346 172
1585012699033 0.31728899478912354 173
1585012732256 0.31409597396850586 174
1585012765147 0.3066469132900238 175
1585012798234 0.30771082639694214 176
1585012831080 0.3084494471549988 177
1585012865255 0.30056414008140564 178
1585012898250 0.3011213541030884 179
1585012931294 0.30710840225219727 180
1585012964213 0.3015673756599426 181
1585012997252 0.30054688453674316 182
1585013029914 0.30696022510528564 183
1585013062625 0.3045635223388672 184
1585013095362 0.3075280487537384 185
1585013128187 0.3081071078777313 186
1585013161173 0.3064141869544983 187
1585013194017 0.3062317371368408 188
1585013226695 0.30001649260520935 189
1585013259891 0.31662118434906006 190
1585013292612 0.3061647117137909 191
1585013325672 0.3138398230075836 192
1585013358654 0.301491379737854 193
1585013391253 0.30524665117263794 194
1585013424040 0.3087519407272339 195
1585013456602 0.30212223529815674 196
1585013490275 0.31025034189224243 197
1585013522931 0.304339200258255 198
1585013555523 0.3027094006538391 199
1585013588290 0.30105313658714294 200
1585013620856 0.3108828067779541 201
1585013653428 0.30791130661964417 202
1585013686500 0.2983165979385376 203
1585013719319 0.2988026738166809 204
1585013751933 0.297456830739975 205
1585013784818 0.304797500371933 206
1585013817636 0.3028945326805115 207
1585013850692 0.3036595582962036 208
1585013883643 0.3031826615333557 209
1585013916514 0.30733293294906616 210
1585013949376 0.29684630036354065 211
1585013981892 0.3018764853477478 212
1585014014504 0.3205002248287201 213
1585014047468 0.3081032335758209 214
1585014080188 0.2993357479572296 215
1585014113151 0.30700942873954773 216
1585014145938 0.3021170198917389 217
1585014179137 0.30741551518440247 218
1585014211770 0.2978343665599823 219
1585014244412 0.30053845047950745 220
1585014277723 0.3041413128376007 221
1585014310366 0.3052060604095459 222
1585014344314 0.31281983852386475 223
1585014377299 0.3047644793987274 224
1585014409672 0.30612725019454956 225
1585014442409 0.30584168434143066 226
1585014475154 0.30345067381858826 227
1585014507771 0.30941158533096313 228
1585014540068 0.3100578784942627 229
1585014572712 0.29802635312080383 230
1585014605137 0.30033811926841736 231
1585014637606 0.30575114488601685 232
1585014671336 0.296489417552948 233
1585014704664 0.2989725172519684 234
1585014737554 0.30107688903808594 235
1585014770336 0.31263604760169983 236
1585014803452 0.30121099948883057 237
1585014836553 0.3028108775615692 238
1585014869203 0.3102303147315979 239
1585014902336 0.30290183424949646 240
1585014935212 0.3053673803806305 241
1585014967966 0.2992504835128784 242
1585015001154 0.3021140694618225 243
1585015033932 0.2983408272266388 244
1585015067116 0.3131605386734009 245
1585015099774 0.3015604615211487 246
1585015132636 0.3018205463886261 247
1585015165417 0.3033694624900818 248
1585015198212 0.30267342925071716 249
1585015231247 0.3035365343093872 250
1585015264369 0.30237290263175964 251
1585015297161 0.30051952600479126 252
1585015330143 0.3050582706928253 253
1585015363053 0.3026803135871887 254
1585015395763 0.29652485251426697 255
1585015428498 0.29951876401901245 256
1585015461307 0.3102181553840637 257
1585015494408 0.305725634098053 258
1585015527673 0.3068366050720215 259
1585015561619 0.30597183108329773 260
1585015595068 0.30718207359313965 261
1585015628646 0.3012104630470276 262
1585015662340 0.29171112179756165 263
1585015695457 0.30617696046829224 264
1585015728986 0.30011704564094543 265
1585015762421 0.29887792468070984 266
1585015795768 0.29943424463272095 267
1585015829284 0.3158329725265503 268
1585015863193 0.2992502450942993 269
1585015897654 0.30017563700675964 270
1585015930530 0.31521204113960266 271
1585015963829 0.30038386583328247 272
1585015997391 0.3008408546447754 273
1585016030616 0.3154134750366211 274
1585016064706 0.30371513962745667 275
1585016099266 0.30494606494903564 276
1585016132678 0.3027178645133972 277
1585016167720 0.3083034157752991 278
1585016201245 0.30053818225860596 279
1585016236259 0.30440181493759155 280
1585016270325 0.30275049805641174 281
1585016304962 0.3045252561569214 282
1585016338468 0.2985059916973114 283
1585016371928 0.29425448179244995 284
1585016405640 0.29654744267463684 285
1585016439335 0.2985435724258423 286
1585016472834 0.29972293972969055 287
1585016507105 0.29891929030418396 288
1585016541064 0.2956397533416748 289
1585016574635 0.29154103994369507 290
1585016607954 0.2982436418533325 291
1585016641495 0.30142390727996826 292
1585016674880 0.30570295453071594 293
1585016709807 0.30883651971817017 294
1585016743374 0.30100294947624207 295
1585016777015 0.29904264211654663 296
1585016810459 0.3000757098197937 297
1585016844422 0.2943339943885803 298
1585016877897 0.3100992739200592 299
1585016911931 0.30998581647872925 300
1585016945450 0.29559290409088135 301
1585016980131 0.29710593819618225 302
1585017013720 0.29668501019477844 303
1585017047512 0.30071839690208435 304
1585017081460 0.3008333444595337 305
1585017115934 0.29740265011787415 306
1585017149433 0.3012075126171112 307
1585017183038 0.2996123135089874 308
1585017216773 0.2989438474178314 309
1585017250324 0.3008977472782135 310
1585017283840 0.29069000482559204 311
1585017317805 0.3006041646003723 312
1585017351463 0.3047865033149719 313
1585017384992 0.2938273251056671 314
1585017418693 0.2917301058769226 315
1585017452273 0.2965691387653351 316
1585017485914 0.299059122800827 317
1585017519790 0.2993101477622986 318
1585017553623 0.3051961362361908 319
1585017588381 0.3007254898548126 320
1585017622542 0.30200180411338806 321
1585017656543 0.30128493905067444 322
1585017690497 0.29341238737106323 323
1585017724265 0.302550345659256 324
1585017758032 0.29896679520606995 325
1585017791855 0.2991088926792145 326
1585017825470 0.2876019775867462 327
1585017859088 0.30040469765663147 328
1585017892858 0.3034760057926178 329
1585017926614 0.30608808994293213 330
1585017960085 0.3006089925765991 331
1585017993845 0.3035884499549866 332
1585018027634 0.2962380647659302 333
1585018061445 0.29778921604156494 334
1585018095130 0.29310142993927 335
1585018128978 0.2977292835712433 336
1585018162460 0.30319610238075256 337
1585018196491 0.3039182126522064 338
1585018230340 0.29511383175849915 339
1585018263910 0.2926364541053772 340
1585018297377 0.29091352224349976 341
1585018331218 0.29757368564605713 342
1585018365099 0.2952895164489746 343
1585018400089 0.297944575548172 344
1585018433698 0.30750152468681335 345
1585018467802 0.2947407066822052 346
1585018501952 0.29674991965293884 347
1585018535555 0.3004284203052521 348
1585018569301 0.29675865173339844 349
1585018603039 0.29628047347068787 350
1585018637526 0.2902628779411316 351
1585018670890 0.30464285612106323 352
1585018704397 0.3049412965774536 353
1585018738100 0.30137673020362854 354
1585018771905 0.291693776845932 355
1585018806022 0.29984068870544434 356
1585018840170 0.2928471565246582 357
1585018873712 0.30320894718170166 358
1585018907491 0.2929575443267822 359
1585018941318 0.3022063076496124 360
1585018975338 0.30388695001602173 361
1585019009322 0.2918435335159302 362
1585019042737 0.30460894107818604 363
1585019076248 0.29123950004577637 364
1585019109612 0.29734474420547485 365
1585019143520 0.29804977774620056 366
1585019177589 0.29277485609054565 367
1585019211557 0.3074733316898346 368
1585019245939 0.30110180377960205 369
1585019279517 0.2962440252304077 370
1585019312998 0.284344881772995 371
1585019346782 0.3026050329208374 372
1585019380596 0.29556742310523987 373
1585019414122 0.29474201798439026 374
1585019448245 0.2944524884223938 375
1585019481837 0.30598998069763184 376
1585019515662 0.29512351751327515 377
1585019549634 0.30483540892601013 378
1585019583355 0.2976091802120209 379
1585019616719 0.2966201603412628 380
1585019650236 0.3033984899520874 381
1585019684165 0.29185420274734497 382
1585019717880 0.2938920557498932 383
1585019751939 0.29394665360450745 384
1585019785465 0.29808509349823 385
1585019818971 0.2966383993625641 386
1585019853090 0.29705575108528137 387
1585019887104 0.29664286971092224 388
1585019921015 0.2987516224384308 389
1585019954661 0.292341411113739 390
1585019988586 0.30117708444595337 391
1585020022007 0.2955799102783203 392
1585020055854 0.2902151048183441 393
1585020089611 0.3016259968280792 394
1585020123238 0.2920818626880646 395
1585020156962 0.29134124517440796 396
1585020190991 0.2965964376926422 397
1585020224915 0.3030601143836975 398
1585020258600 0.29601049423217773 399
1585020292082 0.30419597029685974 400
1585020325999 0.2915594279766083 401
1585020360163 0.29654034972190857 402
1585020393621 0.29757148027420044 403
1585020427193 0.2945787012577057 404
1585020460968 0.3046295642852783 405
1585020494343 0.2946777641773224 406
1585020527928 0.2926824688911438 407
1585020561536 0.3095160722732544 408
1585020595276 0.30269595980644226 409
1585020629094 0.292960524559021 410
1585020662958 0.2907257378101349 411
1585020697818 0.29843372106552124 412
1585020732781 0.3008092939853668 413
1585020766269 0.2904720902442932 414
1585020800880 0.299612820148468 415
1585020834947 0.2954358458518982 416
1585020868573 0.2987409830093384 417
1585020902277 0.29822802543640137 418
1585020935979 0.28823262453079224 419
1585020969615 0.30459365248680115 420
1585021003334 0.2958899140357971 421
1585021038287 0.29218995571136475 422
1585021072195 0.28411179780960083 423
1585021106048 0.29495176672935486 424
1585021139537 0.2902456820011139 425
1585021173055 0.2913520634174347 426
1585021206491 0.3036560118198395 427
1585021240667 0.2886722981929779 428
1585021274321 0.299419641494751 429
1585021308028 0.2948382794857025 430
1585021341423 0.29264065623283386 431
1585021375490 0.2981713116168976 432
1585021409010 0.2986072599887848 433
1585021442476 0.2977181673049927 434
1585021476185 0.2948690354824066 435
1585021510612 0.2962096035480499 436
1585021546063 0.2931339144706726 437
1585021579700 0.2936915457248688 438
1585021612989 0.30010345578193665 439
1585021646382 0.29764312505722046 440
1585021680346 0.2943912446498871 441
1585021713669 0.2963203489780426 442
1585021748067 0.2995923161506653 443
1585021781844 0.29238590598106384 444
1585021815492 0.2959182858467102 445
1585021850176 0.30121588706970215 446
1585021884114 0.2998211085796356 447
1585021917974 0.291814923286438 448
1585021951928 0.30012577772140503 449
1585021985280 0.30195119976997375 450
1585022019117 0.3020038306713104 451
1585022052741 0.29945164918899536 452
1585022086708 0.28967413306236267 453
1585022120433 0.3031262457370758 454
1585022154476 0.2901678681373596 455
1585022188083 0.2897292971611023 456
1585022221925 0.2908802628517151 457
1585022255453 0.289705753326416 458
1585022289102 0.30029529333114624 459
1585022322631 0.3076082766056061 460
1585022356620 0.2905605137348175 461
1585022390399 0.2970874309539795 462
1585022424103 0.29393163323402405 463
1585022457718 0.2832898795604706 464
1585022491167 0.2969800531864166 465
1585022524794 0.3067672550678253 466
1585022558826 0.30173856019973755 467
1585022592531 0.2954294681549072 468
1585022626029 0.2909160852432251 469
1585022659865 0.2989127039909363 470
1585022693408 0.29669660329818726 471
1585022727365 0.2909542918205261 472
1585022760851 0.2926834523677826 473
1585022794713 0.2928880453109741 474
1585022828250 0.2907375395298004 475
1585022861835 0.2906947731971741 476
1585022896200 0.29731637239456177 477
1585022930409 0.299051970243454 478
1585022964029 0.2935349643230438 479
1585022997447 0.30319276452064514 480
1585023031582 0.3011915683746338 481
1585023065349 0.3022054135799408 482
1585023099180 0.29500582814216614 483
1585023132958 0.2879854440689087 484
1585023167242 0.3005824089050293 485
1585023200654 0.29541444778442383 486
1585023234261 0.300210565328598 487
1585023267944 0.2937985360622406 488
1585023301853 0.29926493763923645 489
1585023335491 0.3057510554790497 490
1585023369918 0.2991699278354645 491
1585023403518 0.2986394166946411 492
1585023437448 0.29261690378189087 493
1585023471773 0.3014780282974243 494
1585023505455 0.30533501505851746 495
1585023539232 0.2959669530391693 496
1585023572849 0.3005232810974121 497
1585023607097 0.30034348368644714 498
1585023640368 0.30914321541786194 499
1585023674266 0.28943192958831787 500
