1585007009017 0.3327358365058899 0
1585007041736 0.45575475692749023 1
1585007074907 0.6072877049446106 2
1585007107497 0.6711556911468506 3
1585007140440 0.683089554309845 4
1585007173196 0.6742216944694519 5
1585007205785 0.677688717842102 6
1585007238731 0.6865566372871399 7
1585007271850 0.6810141801834106 8
1585007304649 0.6765801906585693 9
1585007337555 0.6876651048660278 10
1585007370413 0.6767216920852661 11
1585007402949 0.6981132626533508 12
1585007436060 0.7204481363296509 13
1585007468559 0.7607311010360718 14
1585007501761 0.7886556386947632 15
1585007534406 0.7928065657615662 16
1585007567184 0.8247405290603638 17
1585007599911 0.8241744637489319 18
1585007632647 0.8312735557556152 19
1585007665254 0.8280660510063171 20
1585007697764 0.8144810795783997 21
1585007730604 0.8050471544265747 22
1585007763106 0.8336321115493774 23
1585007795999 0.8021225929260254 24
1585007828810 0.8205659985542297 25
1585007861389 0.8126650452613831 26
1585007894434 0.8237736225128174 27
1585007927924 0.8175235986709595 28
1585007960705 0.832382082939148 29
1585007993568 0.8229480385780334 30
1585008026257 0.8364151120185852 31
1585008059012 0.8515565395355225 32
1585008091941 0.8695990443229675 33
1585008125152 0.8673820495605469 34
1585008158180 0.8484905958175659 35
1585008191008 0.8633490800857544 36
1585008223782 0.8694576025009155 37
1585008256328 0.8794574737548828 38
1585008289471 0.8683490753173828 39
1585008322299 0.8794574737548828 40
1585008355774 0.8768159747123718 41
1585008388521 0.8722405433654785 42
1585008421313 0.8698821067810059 43
1585008453763 0.8805660009384155 44
1585008486767 0.8775235414505005 45
1585008519276 0.8757075071334839 46
1585008551931 0.8809905648231506 47
1585008584933 0.8815329074859619 48
1585008617703 0.8794575929641724 49
1585008650356 0.870707631111145 50
1585008683138 0.874457597732544 51
1585008716272 0.8769575357437134 52
1585008749050 0.8748820424079895 53
1585008781977 0.8754244446754456 54
1585008814709 0.8744574785232544 55
1585008847336 0.875990629196167 56
1585008880511 0.8770990967750549 57
1585008913595 0.8857074975967407 58
1585008946691 0.869316041469574 59
1585008980798 0.8786320686340332 60
1585009013670 0.8725235462188721 61
1585009046460 0.865165114402771 62
1585009079521 0.8725236058235168 63
1585009112167 0.8786320686340332 64
1585009144771 0.8780660033226013 65
1585009178024 0.8757075071334839 66
1585009210839 0.8782075643539429 67
1585009243756 0.8757076263427734 68
1585009278615 0.8830659985542297 69
1585009311471 0.8830659985542297 70
1585009344430 0.8703065514564514 71
1585009377281 0.8772405982017517 72
1585009410015 0.8833490610122681 73
1585009442860 0.8725236058235168 74
1585009475582 0.882924497127533 75
1585009508176 0.8739150762557983 76
1585009540914 0.8751651048660278 77
1585009573888 0.8818159699440002 78
1585009607244 0.8695990443229675 79
1585009640023 0.8770990967750549 80
1585009672846 0.8772406578063965 81
1585009706059 0.8816745281219482 82
1585009738925 0.8784905672073364 83
1585009771770 0.8689150810241699 84
1585009804445 0.8783490657806396 85
1585009837263 0.8794575929641724 86
1585009870970 0.8807075023651123 87
1585009903784 0.8784905672073364 88
1585009936265 0.8773820996284485 89
1585009968861 0.8834905624389648 90
1585010002572 0.8747406005859375 91
1585010035547 0.8772405982017517 92
1585010068052 0.8791744709014893 93
1585010101123 0.8808490633964539 94
1585010134174 0.8739151358604431 95
1585010167030 0.8723820447921753 96
1585010199983 0.8794575929641724 97
1585010232717 0.8805660009384155 98
1585010265282 0.8680896162986755 99
1585010297951 0.8758490085601807 100
1585010330474 0.8782075643539429 101
1585010362956 0.8769575357437134 102
1585010395527 0.8737736344337463 103
1585010428319 0.8772405982017517 104
1585010461216 0.8793160319328308 105
1585010493891 0.8807076215744019 106
1585010526534 0.8748821020126343 107
1585010559102 0.874599039554596 108
1585010591637 0.8736320734024048 109
1585010624248 0.874457597732544 110
1585010657066 0.8675236105918884 111
1585010689644 0.8761321306228638 112
1585010722292 0.8722406029701233 113
1585010754927 0.8768160343170166 114
1585010787710 0.8734905123710632 115
1585010822387 0.8732075691223145 116
1585010854925 0.8733490705490112 117
1585010887502 0.8684905767440796 118
1585010919969 0.879315972328186 119
1585010952635 0.8784905672073364 120
1585010985385 0.8745990991592407 121
1585011018467 0.8758490681648254 122
1585011051347 0.8736320734024048 123
1585011084493 0.8769575357437134 124
1585011117313 0.8783490657806396 125
1585011150574 0.8709905743598938 126
1585011183313 0.8782075643539429 127
1585011216540 0.8795990943908691 128
1585011250350 0.8782075643539429 129
1585011283008 0.8783490061759949 130
1585011315519 0.879315972328186 131
1585011348340 0.8819575309753418 132
1585011381054 0.8736320734024048 133
1585011413760 0.8715565800666809 134
1585011446579 0.8794574737548828 135
1585011479554 0.8783490657806396 136
1585011511997 0.8723821043968201 137
1585011544747 0.8748820424079895 138
1585011577247 0.8750235438346863 139
1585011610244 0.8759905695915222 140
1585011642908 0.8703065514564514 141
1585011676557 0.8805660009384155 142
1585011710185 0.8841745257377625 143
1585011742914 0.8807075023651123 144
1585011776099 0.8780660033226013 145
1585011808693 0.8678065538406372 146
1585011841648 0.8783491253852844 147
1585011874510 0.8794574737548828 148
1585011907399 0.8832075595855713 149
1585011940278 0.8759905695915222 150
1585011973139 0.8791744709014893 151
1585012006117 0.8782075643539429 152
1585012038939 0.8757075071334839 153
1585012071686 0.879315972328186 154
1585012104475 0.874599039554596 155
1585012137340 0.8748821020126343 156
1585012169628 0.8768160343170166 157
1585012202175 0.8768159747123718 158
1585012234932 0.8794575929641724 159
1585012267885 0.8786320090293884 160
1585012300572 0.8805660009384155 161
1585012334665 0.8770990371704102 162
1585012367816 0.8726650476455688 163
1585012400503 0.8779245018959045 164
1585012433354 0.8720990419387817 165
1585012466473 0.8786320686340332 166
1585012499468 0.8782074451446533 167
1585012532215 0.8714151382446289 168
1585012565230 0.8689151406288147 169
1585012598234 0.8770990967750549 170
1585012631064 0.8736321330070496 171
1585012663761 0.8728066086769104 172
1585012699033 0.8805660009384155 173
1585012732256 0.8739150762557983 174
1585012765147 0.8745990991592407 175
1585012798234 0.8759905695915222 176
1585012831080 0.8769575357437134 177
1585012865255 0.8805659413337708 178
1585012898250 0.8794574737548828 179
1585012931294 0.8747405409812927 180
1585012964213 0.8805659413337708 181
1585012997252 0.8757075071334839 182
1585013029914 0.8720991015434265 183
1585013062625 0.8809905648231506 184
1585013095362 0.8748820424079895 185
1585013128187 0.870990514755249 186
1585013161173 0.8794575929641724 187
1585013194017 0.8736320734024048 188
1585013226695 0.8768159747123718 189
1585013259891 0.8686320781707764 190
1585013292612 0.8770990371704102 191
1585013325672 0.8723820447921753 192
1585013358654 0.8772405982017517 193
1585013391253 0.8722406029701233 194
1585013424040 0.8711320757865906 195
1585013456602 0.8745990991592407 196
1585013490275 0.8745990991592407 197
1585013522931 0.8723821043968201 198
1585013555523 0.8769575357437134 199
1585013588290 0.8733490705490112 200
1585013620856 0.8678065538406372 201
1585013653428 0.8723821043968201 202
1585013686500 0.8784905076026917 203
1585013719319 0.8780660033226013 204
1585013751933 0.881816029548645 205
1585013784818 0.8712735772132874 206
1585013817636 0.8759905695915222 207
1585013850692 0.8782075643539429 208
1585013883643 0.8732075691223145 209
1585013916514 0.8709906339645386 210
1585013949376 0.8818159699440002 211
1585013981892 0.8745990991592407 212
1585014014504 0.8655896186828613 213
1585014047468 0.8737735152244568 214
1585014080188 0.881816029548645 215
1585014113151 0.8723821043968201 216
1585014145938 0.8709906339645386 217
1585014179137 0.875023603439331 218
1585014211770 0.879174530506134 219
1585014244412 0.879174530506134 220
1585014277723 0.8722405433654785 221
1585014310366 0.8757075071334839 222
1585014344314 0.8654481172561646 223
1585014377299 0.8772405982017517 224
1585014409672 0.8757075071334839 225
1585014442409 0.8745990991592407 226
1585014475154 0.8722405433654785 227
1585014507771 0.865165114402771 228
1585014540068 0.8714150786399841 229
1585014572712 0.8744574785232544 230
1585014605137 0.8757075071334839 231
1585014637606 0.8670991063117981 232
1585014671336 0.8830659985542297 233
1585014704664 0.8759905695915222 234
1585014737554 0.87363201379776 235
1585014770336 0.8714150190353394 236
1585014803452 0.8766745328903198 237
1585014836553 0.8747406005859375 238
1585014869203 0.8654481172561646 239
1585014902336 0.8722406029701233 240
1585014935212 0.8732075691223145 241
1585014967966 0.8705660104751587 242
1585015001154 0.8737735748291016 243
1585015033932 0.8673820495605469 244
1585015067116 0.8698820471763611 245
1585015099774 0.8748821020126343 246
1585015132636 0.870849072933197 247
1585015165417 0.8686320781707764 248
1585015198212 0.8747405409812927 249
1585015231247 0.8725235462188721 250
1585015264369 0.8758490681648254 251
1585015297161 0.8744574785232544 252
1585015330143 0.8650236129760742 253
1585015363053 0.8695991039276123 254
1585015395763 0.8757075071334839 255
1585015428498 0.873490571975708 256
1585015461307 0.8698820471763611 257
1585015494408 0.8783490657806396 258
1585015527673 0.8673821091651917 259
1585015561619 0.8711320757865906 260
1585015595068 0.8698821067810059 261
1585015628646 0.8733490705490112 262
1585015662340 0.8755660057067871 263
1585015695457 0.867806613445282 264
1585015728986 0.871957540512085 265
1585015762421 0.8733490705490112 266
1585015795768 0.8754245638847351 267
1585015829284 0.8687735795974731 268
1585015863193 0.8722406029701233 269
1585015897654 0.8720990419387817 270
1585015930530 0.8711320757865906 271
1585015963829 0.8720990419387817 272
1585015997391 0.8768159747123718 273
1585016030616 0.8662735223770142 274
1585016064706 0.8709905743598938 275
1585016099266 0.8736321330070496 276
1585016132678 0.8720991015434265 277
1585016167720 0.8659905195236206 278
1585016201245 0.8732075691223145 279
1585016236259 0.8723820447921753 280
1585016270325 0.873490571975708 281
1585016304962 0.8686320781707764 282
1585016338468 0.8733490705490112 283
1585016371928 0.8743159770965576 284
1585016405640 0.8720991015434265 285
1585016439335 0.8686320781707764 286
1585016472834 0.8680660128593445 287
1585016507105 0.8700236082077026 288
1585016541064 0.8695991039276123 289
1585016574635 0.8732075691223145 290
1585016607954 0.8709905743598938 291
1585016641495 0.8673821091651917 292
1585016674880 0.8623820543289185 293
1585016709807 0.8628066182136536 294
1585016743374 0.8664150834083557 295
1585016777015 0.870849072933197 296
1585016810459 0.8684905767440796 297
1585016844422 0.8758490681648254 298
1585016877897 0.8690565824508667 299
1585016911931 0.8665565848350525 300
1585016945450 0.8658490180969238 301
1585016980131 0.8683490753173828 302
1585017013720 0.8741745352745056 303
1585017047512 0.8675236105918884 304
1585017081460 0.8683490753173828 305
1585017115934 0.8695990443229675 306
1585017149433 0.8722405433654785 307
1585017183038 0.8759905695915222 308
1585017216773 0.8730660080909729 309
1585017250324 0.8661320805549622 310
1585017283840 0.8754245042800903 311
1585017317805 0.8723821043968201 312
1585017351463 0.8687735795974731 313
1585017384992 0.8743159770965576 314
1585017418693 0.8730660080909729 315
1585017452273 0.8694576025009155 316
1585017485914 0.8661320805549622 317
1585017519790 0.8736320734024048 318
1585017553623 0.8625235557556152 319
1585017588381 0.8661320805549622 320
1585017622542 0.8708491325378418 321
1585017656543 0.8662735819816589 322
1585017690497 0.8670990467071533 323
1585017724265 0.860023558139801 324
1585017758032 0.8698820471763611 325
1585017791855 0.863632082939148 326
1585017825470 0.8729245662689209 327
1585017859088 0.8628066182136536 328
1585017892858 0.8672405481338501 329
1585017926614 0.8604481220245361 330
1585017960085 0.870707631111145 331
1585017993845 0.8612735867500305 332
1585018027634 0.8684905767440796 333
1585018061445 0.8673821091651917 334
1585018095130 0.8684906363487244 335
1585018128978 0.8683490753173828 336
1585018162460 0.8732075691223145 337
1585018196491 0.8628065586090088 338
1585018230340 0.8698821067810059 339
1585018263910 0.8707075119018555 340
1585018297377 0.8741745352745056 341
1585018331218 0.8697405457496643 342
1585018365099 0.8672405481338501 343
1585018400089 0.8589150905609131 344
1585018433698 0.8593396544456482 345
1585018467802 0.8695991039276123 346
1585018501952 0.869457483291626 347
1585018535555 0.8603065609931946 348
1585018569301 0.8647405505180359 349
1585018603039 0.8757075071334839 350
1585018637526 0.8672405481338501 351
1585018670890 0.8684905767440796 352
1585018704397 0.8673821091651917 353
1585018738100 0.8612735867500305 354
1585018771905 0.869316041469574 355
1585018806022 0.8614150881767273 356
1585018840170 0.868207573890686 357
1585018873712 0.8648821115493774 358
1585018907491 0.8647405505180359 359
1585018941318 0.865165114402771 360
1585018975338 0.8593395948410034 361
1585019009322 0.8683490753173828 362
1585019042737 0.8645991086959839 363
1585019076248 0.8644576072692871 364
1585019109612 0.8673820495605469 365
1585019143520 0.8650235533714294 366
1585019177589 0.8620990514755249 367
1585019211557 0.8580896258354187 368
1585019245939 0.8623821139335632 369
1585019279517 0.8673820495605469 370
1585019312998 0.8729245066642761 371
1585019346782 0.8639150857925415 372
1585019380596 0.8680660724639893 373
1585019414122 0.8659905791282654 374
1585019448245 0.863632082939148 375
1585019481837 0.8590565919876099 376
1585019515662 0.865707516670227 377
1585019549634 0.8626651167869568 378
1585019583355 0.8675235509872437 379
1585019616719 0.8669575452804565 380
1585019650236 0.8623820543289185 381
1585019684165 0.871957540512085 382
1585019717880 0.870849072933197 383
1585019751939 0.8643159866333008 384
1585019785465 0.8584905862808228 385
1585019818971 0.8658490777015686 386
1585019853090 0.8637735843658447 387
1585019887104 0.8659905791282654 388
1585019921015 0.8684905767440796 389
1585019954661 0.8672405481338501 390
1585019988586 0.8626651167869568 391
1585020022007 0.8623820543289185 392
1585020055854 0.869457483291626 393
1585020089611 0.8587735891342163 394
1585020123238 0.8648820519447327 395
1585020156962 0.8669575452804565 396
1585020190991 0.8650236129760742 397
1585020224915 0.8591980934143066 398
1585020258600 0.863632082939148 399
1585020292082 0.8672405481338501 400
1585020325999 0.8683490753173828 401
1585020360163 0.8661320805549622 402
1585020393621 0.870707631111145 403
1585020427193 0.8650235533714294 404
1585020460968 0.8614150881767273 405
1585020494343 0.8618395924568176 406
1585020527928 0.8659905791282654 407
1585020561536 0.8562735915184021 408
1585020595276 0.8579481244087219 409
1585020629094 0.868207573890686 410
1585020662958 0.868207573890686 411
1585020697818 0.8648820519447327 412
1585020732781 0.8611320853233337 413
1585020766269 0.8707075119018555 414
1585020800880 0.8647405505180359 415
1585020834947 0.860023558139801 416
1585020868573 0.8633490800857544 417
1585020902277 0.8614151477813721 418
1585020935979 0.871957540512085 419
1585020969615 0.8601651191711426 420
1585021003334 0.8672405481338501 421
1585021038287 0.8680660724639893 422
1585021072195 0.8741744756698608 423
1585021106048 0.8612735867500305 424
1585021139537 0.8658490777015686 425
1585021173055 0.8707075119018555 426
1585021206491 0.8587735891342163 427
1585021240667 0.8697406053543091 428
1585021274321 0.8591980934143066 429
1585021308028 0.8647405505180359 430
1585021341423 0.8661320209503174 431
1585021375490 0.8661320805549622 432
1585021409010 0.8634905815124512 433
1585021442476 0.8572405576705933 434
1585021476185 0.865707516670227 435
1585021510612 0.8608490824699402 436
1585021546063 0.8669575452804565 437
1585021579700 0.8672406077384949 438
1585021612989 0.8639151453971863 439
1585021646382 0.8625235557556152 440
1585021680346 0.8670990467071533 441
1585021713669 0.8645991086959839 442
1585021748067 0.8648821115493774 443
1585021781844 0.8709905743598938 444
1585021815492 0.8680660128593445 445
1585021850176 0.8647405505180359 446
1585021884114 0.8639150857925415 447
1585021917974 0.863632082939148 448
1585021951928 0.8548820614814758 449
1585021985280 0.8661320209503174 450
1585022019117 0.8543395400047302 451
1585022052741 0.8611320853233337 452
1585022086708 0.868207573890686 453
1585022120433 0.8564150929450989 454
1585022154476 0.8597405552864075 455
1585022188083 0.8679245114326477 456
1585022221925 0.8669575452804565 457
1585022255453 0.8694576025009155 458
1585022289102 0.862665057182312 459
1585022322631 0.8550236225128174 460
1585022356620 0.8632075786590576 461
1585022390399 0.8620991110801697 462
1585022424103 0.8695990443229675 463
1585022457718 0.8668160438537598 464
1585022491167 0.8584905862808228 465
1585022524794 0.8593395948410034 466
1585022558826 0.8604480624198914 467
1585022592531 0.8562735319137573 468
1585022626029 0.8630660176277161 469
1585022659865 0.860990583896637 470
1585022693408 0.8512735962867737 471
1585022727365 0.8582074642181396 472
1585022760851 0.859882116317749 473
1585022794713 0.8658490777015686 474
1585022828250 0.8680660128593445 475
1585022861835 0.8570991158485413 476
1585022896200 0.8598820567131042 477
1585022930409 0.8575235605239868 478
1585022964029 0.8605659604072571 479
1585022997447 0.8548820614814758 480
1585023031582 0.858349084854126 481
1585023065349 0.8483490943908691 482
1585023099180 0.8561321496963501 483
1585023132958 0.8555660247802734 484
1585023167242 0.8548821210861206 485
1585023200654 0.8620991110801697 486
1585023234261 0.8537735939025879 487
1585023267944 0.8570990562438965 488
1585023301853 0.8526650667190552 489
1585023335491 0.8511321544647217 490
1585023369918 0.8537735939025879 491
1585023403518 0.8548820614814758 492
1585023437448 0.8620990514755249 493
1585023471773 0.8598820567131042 494
1585023505455 0.8525235652923584 495
1585023539232 0.8633490800857544 496
1585023572849 0.858349084854126 497
1585023607097 0.8464150428771973 498
1585023640368 0.8348820805549622 499
1585023674266 0.8627830147743225 500
