1585006996866 0.28348657488822937 0
1585007030112 0.42678162455558777 1
1585007063340 0.6097701191902161 2
1585007095920 0.6762068867683411 3
1585007128819 0.676436722278595 4
1585007161652 0.6772413849830627 5
1585007194389 0.677241325378418 6
1585007226996 0.6796551942825317 7
1585007260393 0.676436722278595 8
1585007293124 0.6812644004821777 9
1585007325773 0.6756321787834167 10
1585007358632 0.6852107644081116 11
1585007391536 0.700766384601593 12
1585007424294 0.6980459690093994 13
1585007457111 0.7150958180427551 14
1585007490169 0.7324903607368469 15
1585007522889 0.7373180389404297 16
1585007555583 0.7441762089729309 17
1585007588184 0.7490421533584595 18
1585007621112 0.7568965554237366 19
1585007653602 0.7641761898994446 20
1585007686281 0.7600383758544922 21
1585007719007 0.7397701740264893 22
1585007751720 0.7590421438217163 23
1585007784412 0.7633715867996216 24
1585007817268 0.7601532340049744 25
1585007849769 0.7651723623275757 26
1585007882728 0.7642912268638611 27
1585007915485 0.7654022574424744 28
1585007949244 0.7844827771186829 29
1585007981771 0.8032566905021667 30
1585008014680 0.8059003949165344 31
1585008047462 0.7986589670181274 32
1585008080287 0.8205364346504211 33
1585008113679 0.8203448057174683 34
1585008146566 0.8346743583679199 35
1585008179369 0.8294252753257751 36
1585008212218 0.8286206722259521 37
1585008244833 0.8384292125701904 38
1585008277731 0.837011456489563 39
1585008310705 0.8311493992805481 40
1585008344360 0.8385440111160278 41
1585008376988 0.8463984727859497 42
1585008409785 0.8394253253936768 43
1585008442390 0.8503448963165283 44
1585008475204 0.8376244902610779 45
1585008507932 0.8365134000778198 46
1585008540473 0.8383141756057739 47
1585008573281 0.8463984727859497 48
1585008606103 0.8391187787055969 49
1585008638879 0.8405364155769348 50
1585008671527 0.8594253659248352 51
1585008704372 0.8372030258178711 52
1585008737521 0.8610345125198364 53
1585008770299 0.8477011919021606 54
1585008803260 0.8413410186767578 55
1585008835723 0.8500382900238037 56
1585008868870 0.8513410687446594 57
1585008902058 0.8524520993232727 58
1585008934978 0.8580076694488525 59
1585008967763 0.8554789423942566 60
1585009001902 0.8596168756484985 61
1585009035021 0.8462835550308228 62
1585009067734 0.8513409495353699 63
1585009100580 0.8477010726928711 64
1585009133124 0.8427585959434509 65
1585009166240 0.8496168255805969 66
1585009199205 0.8510344624519348 67
1585009232060 0.8594253659248352 68
1585009265083 0.8440612554550171 69
1585009300024 0.8328736424446106 70
1585009332694 0.8499233722686768 71
1585009365740 0.8360918760299683 72
1585009398425 0.8568965196609497 73
1585009431328 0.8527586460113525 74
1585009463963 0.8467049598693848 75
1585009496745 0.8519540429115295 76
1585009529292 0.8446743488311768 77
1585009562227 0.837701141834259 78
1585009595667 0.8422605395317078 79
1585009628587 0.8529502749443054 80
1585009661341 0.8350958228111267 81
1585009694494 0.8327586650848389 82
1585009727342 0.815632164478302 83
1585009760142 0.8350957632064819 84
1585009792898 0.8306514024734497 85
1585009825697 0.8499233722686768 86
1585009859404 0.8362069129943848 87
1585009892309 0.8418391346931458 88
1585009924836 0.8405364155769348 89
1585009957440 0.8322604894638062 90
1585009990123 0.8360919952392578 91
1585010024054 0.8319540023803711 92
1585010056527 0.8322605490684509 93
1585010089316 0.8286207318305969 94
1585010122607 0.83003830909729 95
1585010155356 0.8244827389717102 96
1585010188445 0.82478928565979 97
1585010221247 0.8200382590293884 98
1585010253861 0.8327586054801941 99
1585010286289 0.8213409781455994 100
1585010318991 0.8188121914863586 101
1585010351409 0.8157087564468384 102
1585010384082 0.8149808049201965 103
1585010416875 0.8152874112129211 104
1585010449753 0.8162068724632263 105
1585010482419 0.8202298283576965 106
1585010515062 0.8197318315505981 107
1585010547670 0.8167049884796143 108
1585010580274 0.8163984417915344 109
1585010612743 0.8204214572906494 110
1585010645336 0.8145977258682251 111
1585010678120 0.8167049884796143 112
1585010710812 0.8111494183540344 113
1585010743460 0.8136780858039856 114
1585010776220 0.8112643957138062 115
1585010810802 0.8122604489326477 116
1585010843498 0.8183141946792603 117
1585010875874 0.8167049884796143 118
1585010908440 0.820842981338501 119
1585010941055 0.8221455812454224 120
1585010973723 0.8141762614250183 121
1585011006908 0.8205364346504211 122
1585011039771 0.8150957822799683 123
1585011072609 0.8203448057174683 124
1585011105731 0.8208428621292114 125
1585011138654 0.8197317719459534 126
1585011171736 0.8178160190582275 127
1585011204731 0.8218390941619873 128
1585011238890 0.8240612745285034 129
1585011271526 0.8208428621292114 130
1585011304045 0.8207279443740845 131
1585011336886 0.8197318315505981 132
1585011369610 0.8133716583251953 133
1585011402337 0.8180077075958252 134
1585011434923 0.8225669860839844 135
1585011467929 0.8224521279335022 136
1585011500453 0.8203447461128235 137
1585011533204 0.8281991481781006 138
1585011565812 0.8205364346504211 139
1585011598548 0.8186206817626953 140
1585011631474 0.819233775138855 141
1585011664096 0.8246743679046631 142
1585011697700 0.8230651021003723 143
1585011731142 0.8239846229553223 144
1585011764414 0.816705048084259 145
1585011797284 0.8229501247406006 146
1585011829911 0.8213409781455994 147
1585011862824 0.8221455812454224 148
1585011895684 0.8165133595466614 149
1585011928505 0.8236781358718872 150
1585011961669 0.8233717083930969 151
1585011994646 0.8178160786628723 152
1585012027274 0.8192337155342102 153
1585012060181 0.8200382590293884 154
1585012092950 0.8273945450782776 155
1585012125744 0.8227586150169373 156
1585012158237 0.8186206817626953 157
1585012190640 0.8173180818557739 158
1585012223368 0.8213409781455994 159
1585012256192 0.8221455812454224 160
1585012288967 0.818429172039032 161
1585012323088 0.8238697648048401 162
1585012356204 0.8159003853797913 163
1585012389001 0.8200383186340332 164
1585012421754 0.8200382590293884 165
1585012454389 0.8216474652290344 166
1585012487636 0.8159003853797913 167
1585012520698 0.8117624521255493 168
1585012553641 0.8243678212165833 169
1585012586567 0.8213410377502441 170
1585012619483 0.8181225657463074 171
1585012652298 0.8208428621292114 172
1585012685206 0.8149042129516602 173
1585012720399 0.8232567310333252 174
1585012753485 0.8197317719459534 175
1585012786504 0.8170115351676941 176
1585012819460 0.815095841884613 177
1585012852315 0.8187355995178223 178
1585012886528 0.8251724243164062 179
1585012919552 0.8195403218269348 180
1585012952531 0.8241761922836304 181
1585012985712 0.8195403218269348 182
1585013018347 0.8190421462059021 183
1585013051159 0.8200382590293884 184
1585013083787 0.81954026222229 185
1585013116649 0.8162068724632263 186
1585013149637 0.8294252753257751 187
1585013182487 0.8194252848625183 188
1585013215044 0.821149468421936 189
1585013248279 0.8200383186340332 190
1585013281114 0.8235632181167603 191
1585013314113 0.8195403218269348 192
1585013347050 0.8232567310333252 193
1585013379725 0.8304213881492615 194
1585013412483 0.8265900015830994 195
1585013445146 0.8192337155342102 196
1585013477727 0.8236781358718872 197
1585013511442 0.8238697052001953 198
1585013543948 0.8229501247406006 199
1585013576700 0.8184291124343872 200
1585013609393 0.8208429217338562 201
1585013642000 0.8334482312202454 202
1585013674811 0.8203448057174683 203
1585013707740 0.8208428621292114 204
1585013740293 0.828007698059082 205
1585013773126 0.8178160786628723 206
1585013806123 0.8186206817626953 207
1585013839110 0.8170115351676941 208
1585013871980 0.8217624425888062 209
1585013904904 0.8155938386917114 210
1585013937782 0.8291187286376953 211
1585013970452 0.8265900015830994 212
1585014002937 0.819233775138855 213
1585014035906 0.8197317719459534 214
1585014068653 0.8244827389717102 215
1585014101588 0.8214559555053711 216
1585014134410 0.8233716487884521 217
1585014167386 0.8170115351676941 218
1585014200291 0.8205363750457764 219
1585014232855 0.8225669860839844 220
1585014265713 0.8186206817626953 221
1585014298913 0.8241762518882751 222
1585014332717 0.823563277721405 223
1585014365396 0.8241761922836304 224
1585014398230 0.8314560055732727 225
1585014430868 0.8209578990936279 226
1585014463669 0.8166283369064331 227
1585014496308 0.8255938291549683 228
1585014528764 0.8222605586051941 229
1585014561174 0.8173180222511292 230
1585014593728 0.8213409781455994 231
1585014626135 0.8235632181167603 232
1585014659205 0.8176244497299194 233
1585014693145 0.8216474652290344 234
1585014725968 0.823563277721405 235
1585014758782 0.8335632681846619 236
1585014791836 0.821149468421936 237
1585014824873 0.8234865665435791 238
1585014857672 0.8231800198554993 239
1585014890679 0.8141762614250183 240
1585014923576 0.8252872824668884 241
1585014956294 0.8335631489753723 242
1585014989723 0.8249808549880981 243
1585015022323 0.8224521279335022 244
1585015055334 0.8233715891838074 245
1585015088395 0.8179309964179993 246
1585015120969 0.8294252753257751 247
1585015153911 0.8315325975418091 248
1585015186598 0.8227586150169373 249
1585015219713 0.8159003853797913 250
1585015252811 0.825287401676178 251
1585015285627 0.8198468089103699 252
1585015318570 0.8176244497299194 253
1585015351457 0.8219540119171143 254
1585015384252 0.827203094959259 255
1585015416872 0.826092004776001 256
1585015449803 0.8251723647117615 257
1585015482689 0.8167049884796143 258
1585015515875 0.8286207318305969 259
1585015549766 0.8249808549880981 260
1585015583355 0.8179309964179993 261
1585015616777 0.8275095820426941 262
1585015650581 0.8299234509468079 263
1585015683741 0.8238697052001953 264
1585015717231 0.8209578394889832 265
1585015750695 0.8318390846252441 266
1585015784039 0.8307279348373413 267
1585015817370 0.8275095224380493 268
1585015851250 0.8244827389717102 269
1585015885771 0.8252872824668884 270
1585015918988 0.8222604990005493 271
1585015951982 0.8181226849555969 272
1585015985515 0.8250957727432251 273
1585016018954 0.8214558362960815 274
1585016052092 0.8291187882423401 275
1585016087346 0.822758674621582 276
1585016120918 0.827203094959259 277
1585016155393 0.8260919451713562 278
1585016189493 0.8198468089103699 279
1585016223317 0.8321455717086792 280
1585016258304 0.8192337155342102 281
1585016292181 0.8246743083000183 282
1585016326632 0.8159003853797913 283
1585016360080 0.8197317719459534 284
1585016393864 0.8238697052001953 285
1585016427608 0.833256721496582 286
1585016461023 0.8241761922836304 287
1585016495356 0.8297317624092102 288
1585016529078 0.8275095820426941 289
1585016562900 0.8267049789428711 290
1585016596238 0.8240612745285034 291
1585016629721 0.8311493992805481 292
1585016663172 0.8172031044960022 293
1585016697988 0.8311493992805481 294
1585016731637 0.8219540119171143 295
1585016765309 0.8268965482711792 296
1585016798720 0.8302298784255981 297
1585016832669 0.8232567310333252 298
1585016865993 0.822873592376709 299
1585016899996 0.8289271593093872 300
1585016933703 0.8314560055732727 301
1585016968367 0.8294252753257751 302
1585017002010 0.8275095224380493 303
1585017035657 0.823180079460144 304
1585017069616 0.8244827389717102 305
1585017104085 0.8187355995178223 306
1585017137698 0.8207279443740845 307
1585017171248 0.8297317624092102 308
1585017205027 0.8235632181167603 309
1585017238542 0.8252873420715332 310
1585017272110 0.8232567310333252 311
1585017305867 0.8222605586051941 312
1585017339491 0.8338697552680969 313
1585017373335 0.8241762518882751 314
1585017406818 0.8291187286376953 315
1585017440464 0.826819896697998 316
1585017474142 0.8281225562095642 317
1585017507905 0.8230651021003723 318
1585017541772 0.8230651021003723 319
1585017576223 0.8327586054801941 320
1585017610685 0.8250958323478699 321
1585017644729 0.8354790210723877 322
1585017678576 0.8186206817626953 323
1585017712321 0.8283141255378723 324
1585017746104 0.823180079460144 325
1585017779977 0.8291189074516296 326
1585017813733 0.8241762518882751 327
1585017847147 0.834980845451355 328
1585017881038 0.8325670957565308 329
1585017914726 0.8244827389717102 330
1585017948275 0.831647515296936 331
1585017981945 0.8254788517951965 332
1585018015805 0.8291187882423401 333
1585018049560 0.8259003758430481 334
1585018083066 0.8300383687019348 335
1585018117193 0.8228735327720642 336
1585018150698 0.8249809145927429 337
1585018184571 0.8222605586051941 338
1585018218397 0.8192337155342102 339
1585018252144 0.8209578990936279 340
1585018285583 0.8259003758430481 341
1585018319212 0.8244827389717102 342
1585018353253 0.8257854580879211 343
1585018387485 0.8225671052932739 344
1585018421681 0.8221455812454224 345
1585018455742 0.8024904727935791 346
1585018489896 0.8249808549880981 347
1585018523834 0.8259003758430481 348
1585018557267 0.825287401676178 349
1585018591081 0.8368965983390808 350
1585018625606 0.8289271593093872 351
1585018659167 0.8327586650848389 352
1585018692557 0.828927218914032 353
1585018726261 0.832567036151886 354
1585018760028 0.8234482407569885 355
1585018794283 0.8270115256309509 356
1585018828328 0.8372030854225159 357
1585018861935 0.829233705997467 358
1585018895447 0.8265900015830994 359
1585018929267 0.8268965482711792 360
1585018963459 0.8296168446540833 361
1585018997247 0.8262068629264832 362
1585019030969 0.822873592376709 363
1585019064396 0.8257854580879211 364
1585019097880 0.8198468089103699 365
1585019131652 0.8238697052001953 366
1585019165645 0.8203448057174683 367
1585019199786 0.8329501152038574 368
1585019233945 0.832452118396759 369
1585019267764 0.8214559555053711 370
1585019301190 0.8299233317375183 371
1585019334879 0.830536425113678 372
1585019368792 0.8281992077827454 373
1585019402165 0.8321455717086792 374
1585019435921 0.828927218914032 375
1585019469895 0.8246743679046631 376
1585019503582 0.8257854580879211 377
1585019537291 0.8283141255378723 378
1585019571331 0.822873592376709 379
1585019604964 0.8241762518882751 380
1585019638418 0.8198468089103699 381
1585019672277 0.8270115256309509 382
1585019705979 0.8267049789428711 383
1585019740016 0.8346743583679199 384
1585019773606 0.8168199062347412 385
1585019807046 0.8283141255378723 386
1585019841000 0.8317624926567078 387
1585019875102 0.827203094959259 388
1585019908732 0.8307279348373413 389
1585019942635 0.8252872824668884 390
1585019976347 0.8295402526855469 391
1585020010129 0.8233716487884521 392
1585020043873 0.8246743083000183 393
1585020077723 0.827203094959259 394
1585020111528 0.8291187882423401 395
1585020145015 0.8291187882423401 396
1585020178894 0.825593888759613 397
1585020212882 0.8193486332893372 398
1585020246724 0.828007698059082 399
1585020280267 0.8267049193382263 400
1585020314111 0.8273946046829224 401
1585020348404 0.8308428525924683 402
1585020381900 0.8330650925636292 403
1585020415270 0.8283142447471619 404
1585020449017 0.8391188383102417 405
1585020482605 0.8204597234725952 406
1585020515972 0.8241761922836304 407
1585020549626 0.8180077075958252 408
1585020583445 0.8310344815254211 409
1585020616788 0.836896538734436 410
1585020650902 0.834980845451355 411
1585020684733 0.8260919451713562 412
1585020719498 0.8295402526855469 413
1585020754465 0.8333715796470642 414
1585020787992 0.827318012714386 415
1585020822527 0.8275095820426941 416
1585020856638 0.8104597926139832 417
1585020890366 0.834176242351532 418
1585020923846 0.81429123878479 419
1585020957568 0.8278160691261292 420
1585020991529 0.8456705212593079 421
1585021025119 0.8319540023803711 422
1585021060212 0.826398491859436 423
1585021094019 0.821954071521759 424
1585021127666 0.8214559555053711 425
1585021161186 0.8190420866012573 426
1585021194710 0.8270115256309509 427
1585021228480 0.8326436877250671 428
1585021262379 0.8245977163314819 429
1585021295890 0.8294252753257751 430
1585021329606 0.8278161287307739 431
1585021363421 0.81954026222229 432
1585021397196 0.8230651021003723 433
1585021430618 0.8271263837814331 434
1585021464174 0.8311493992805481 435
1585021498481 0.8346742987632751 436
1585021533203 0.8242911696434021 437
1585021567763 0.8283142447471619 438
1585021601261 0.83528733253479 439
1585021634607 0.8329501748085022 440
1585021668459 0.8303448557853699 441
1585021701918 0.8237931132316589 442
1585021735306 0.8362835049629211 443
1585021770034 0.8263984322547913 444
1585021803713 0.8225671052932739 445
1585021837955 0.8323754668235779 446
1585021872054 0.8275095224380493 447
1585021906097 0.8286207318305969 448
1585021940054 0.828927218914032 449
1585021973522 0.8197318315505981 450
1585022007169 0.8327586054801941 451
1585022040866 0.8313410878181458 452
1585022074758 0.8295402526855469 453
1585022108564 0.8244827389717102 454
1585022142519 0.828007698059082 455
1585022176164 0.8303447365760803 456
1585022209927 0.8277010321617126 457
1585022243629 0.8228735327720642 458
1585022277233 0.819233775138855 459
1585022310693 0.829731822013855 460
1585022344768 0.8321455717086792 461
1585022378368 0.824482798576355 462
1585022412271 0.8198467493057251 463
1585022445982 0.8241761326789856 464
1585022479359 0.8232567310333252 465
1585022513021 0.8201149106025696 466
1585022546925 0.8233716487884521 467
1585022580533 0.8257854580879211 468
1585022614267 0.8111494183540344 469
1585022647701 0.821954071521759 470
1585022681653 0.82850581407547 471
1585022715310 0.8265900015830994 472
1585022749102 0.8154789805412292 473
1585022782575 0.8201532959938049 474
1585022816381 0.8130651116371155 475
1585022849872 0.8364750742912292 476
1585022884312 0.8306513428688049 477
1585022918168 0.8104597926139832 478
1585022952255 0.8195402026176453 479
1585022985543 0.8241762518882751 480
1585023019665 0.8323754668235779 481
1585023053616 0.8175095319747925 482
1585023087380 0.7916092276573181 483
1585023121124 0.805517315864563 484
1585023155474 0.8244827389717102 485
1585023188853 0.8251724243164062 486
1585023222515 0.8083141446113586 487
1585023256147 0.8212643265724182 488
1585023289881 0.8181226849555969 489
1585023323753 0.8208429217338562 490
1585023358195 0.821954071521759 491
1585023391705 0.8204214572906494 492
1585023425571 0.8033716082572937 493
1585023459811 0.8036782145500183 494
1585023493613 0.8041761517524719 495
1585023527329 0.8163984417915344 496
1585023560985 0.81954026222229 497
1585023595363 0.8216475248336792 498
1585023628719 0.8192337155342102 499
1585023662396 0.7991188168525696 500
