1585006996866 0.03446386754512787 0
1585007030112 0.00872707087546587 1
1585007063340 0.006109172012656927 2
1585007095920 0.009392562322318554 3
1585007128819 0.013821033760905266 4
1585007161652 0.018103163689374924 5
1585007194389 0.015930524095892906 6
1585007226996 0.007306827697902918 7
1585007260393 0.004953581374138594 8
1585007293124 0.0018094953848049045 9
1585007325773 0.0023316810838878155 10
1585007358632 0.003064873395487666 11
1585007391536 0.0052277385257184505 12
1585007424294 0.007812274154275656 13
1585007457111 0.010297452099621296 14
1585007490169 0.011695245280861855 15
1585007522889 0.012949653901159763 16
1585007555583 0.013875805772840977 17
1585007588184 0.013529224321246147 18
1585007621112 0.013809174299240112 19
1585007653602 0.013000774197280407 20
1585007686281 0.011601967737078667 21
1585007719007 0.010426986031234264 22
1585007751720 0.009490149095654488 23
1585007784412 0.009379999712109566 24
1585007817268 0.008078070357441902 25
1585007849769 0.008551022969186306 26
1585007882728 0.007102102041244507 27
1585007915485 0.0069264802150428295 28
1585007949244 0.007523783482611179 29
1585007981771 0.008011101745069027 30
1585008014680 0.0073691862635314465 31
1585008047462 0.007983947172760963 32
1585008080287 0.008677252568304539 33
1585008113679 0.00844729132950306 34
1585008146566 0.008928847499191761 35
1585008179369 0.009093505330383778 36
1585008212218 0.009765650145709515 37
1585008244833 0.009889734908938408 38
1585008277731 0.009583169594407082 39
1585008310705 0.008667975664138794 40
1585008344360 0.009189775213599205 41
1585008376988 0.008702637627720833 42
1585008409785 0.008603938855230808 43
1585008442390 0.008582323789596558 44
1585008475204 0.007966314442455769 45
1585008507932 0.007798092905431986 46
1585008540473 0.0072425371035933495 47
1585008573281 0.007676017936319113 48
1585008606103 0.0071437060832977295 49
1585008638879 0.007049958687275648 50
1585008671527 0.007384170312434435 51
1585008704372 0.006522893439978361 52
1585008737521 0.007664990145713091 53
1585008770299 0.006644456181675196 54
1585008803260 0.006039055529981852 55
1585008835723 0.006278397981077433 56
1585008868870 0.006491159554570913 57
1585008902058 0.006596342660486698 58
1585008934978 0.00612609414383769 59
1585008967763 0.007352479733526707 60
1585009001902 0.006816984154284 61
1585009035021 0.005743712652474642 62
1585009067734 0.006036160979419947 63
1585009100580 0.005718572530895472 64
1585009133124 0.005247112829238176 65
1585009166240 0.005672710482031107 66
1585009199205 0.005602798890322447 67
1585009232060 0.005131627898663282 68
1585009265083 0.005272107198834419 69
1585009300024 0.004881287459284067 70
1585009332694 0.005487456917762756 71
1585009365740 0.00428183376789093 72
1585009398425 0.004659845493733883 73
1585009431328 0.0050461930222809315 74
1585009463963 0.00429032975807786 75
1585009496745 0.0047397431917488575 76
1585009529292 0.0043496862053871155 77
1585009562227 0.004102928563952446 78
1585009595667 0.003995997831225395 79
1585009628587 0.004591920413076878 80
1585009661341 0.0043931263498961926 81
1585009694494 0.00275709037669003 82
1585009727342 0.00321509363129735 83
1585009760142 0.0033067085314542055 84
1585009792898 0.003538360120728612 85
1585009825697 0.0032544201239943504 86
1585009859404 0.0030637262389063835 87
1585009892309 0.003937708679586649 88
1585009924836 0.002367566106840968 89
1585009957440 0.002706361236050725 90
1585009990123 0.0031794693786650896 91
1585010024054 0.0037030838429927826 92
1585010056527 0.001961694797500968 93
1585010089316 0.0020192109514027834 94
1585010122607 0.0027844528667628765 95
1585010155356 0.001342853531241417 96
1585010188445 0.002977972151711583 97
1585010221247 0.0022810203954577446 98
1585010253861 0.0024441529531031847 99
1585010286289 0.0014825047692283988 100
1585010318991 0.002772438107058406 101
1585010351409 0.0017596464604139328 102
1585010384082 0.001229548710398376 103
1585010416875 0.0010956438491120934 104
1585010449753 0.00288887950591743 105
1585010482419 0.001593800145201385 106
1585010515062 0.0030609529931098223 107
1585010547670 0.002071885857731104 108
1585010580274 0.0006844090530648828 109
1585010612743 0.00276987929828465 110
1585010645336 0.002275141654536128 111
1585010678120 0.0014933027559891343 112
1585010710812 0.002293414669111371 113
1585010743460 0.0007041060016490519 114
1585010776220 0.0010498311603441834 115
1585010810802 0.0019226454896852374 116
1585010843498 0.0006554715218953788 117
1585010875874 0.003133990801870823 118
1585010908440 0.0028148326091468334 119
1585010941055 0.0014318018220365047 120
1585010973723 0.004094036761671305 121
1585011006908 0.0036141755990684032 122
1585011039771 0.0014626982156187296 123
1585011072609 0.0019715114030987024 124
1585011105731 0.0012235732283443213 125
1585011138654 0.0004136631905566901 126
1585011171736 0.0011905159335583448 127
1585011204731 0.0023760986514389515 128
1585011238890 0.0011408887803554535 129
1585011271526 0.0016371009405702353 130
1585011304045 0.003500583814457059 131
1585011336886 0.0014078300446271896 132
1585011369610 0.0027914117090404034 133
1585011402337 0.0009135226137004793 134
1585011434923 0.0009539914899505675 135
1585011467929 0.000970253546256572 136
1585011500453 0.002177394228056073 137
1585011533204 0.0016497918404638767 138
1585011565812 0.001406948547810316 139
1585011598548 0.0011406791163608432 140
1585011631474 0.001712020835839212 141
1585011664096 0.0016718471888452768 142
1585011697700 0.0013961696531623602 143
1585011731142 0.002661634236574173 144
1585011764414 0.0009602713980711997 145
1585011797284 0.0036188880912959576 146
1585011829911 0.0027130187954753637 147
1585011862824 0.0019519968191161752 148
1585011895684 0.0012157801538705826 149
1585011928505 0.0022907161619514227 150
1585011961669 0.0025432445108890533 151
1585011994646 0.0008392049348913133 152
1585012027274 0.0019588146824389696 153
1585012060181 0.001758983009494841 154
1585012092950 0.0011648591607809067 155
1585012125744 0.0023821324575692415 156
1585012158237 0.001614737557247281 157
1585012190640 0.0006419367273338139 158
1585012223368 0.00254293461330235 159
1585012256192 0.0016052722930908203 160
1585012288967 0.0017488212324678898 161
1585012323088 0.0008257257286459208 162
1585012356204 0.00151520362123847 163
1585012389001 0.0013254712102934718 164
1585012421754 0.001245997380465269 165
1585012454389 0.0007848272216506302 166
1585012487636 0.001706942799501121 167
1585012520698 0.002029484836384654 168
1585012553641 0.001413899241015315 169
1585012586567 0.0029117560479789972 170
1585012619483 0.0007242209394462407 171
1585012652298 0.001003786688670516 172
1585012685206 0.0012377051170915365 173
1585012720399 0.000844801717903465 174
1585012753485 0.0010782456956803799 175
1585012786504 0.0008793384185992181 176
1585012819460 0.00283227046020329 177
1585012852315 0.002703998703509569 178
1585012886528 0.0023171224165707827 179
1585012919552 0.002162673743441701 180
1585012952531 0.0024460956919938326 181
1585012985712 0.001306371297687292 182
1585013018347 0.0018167862435802817 183
1585013051159 0.0005064906436018646 184
1585013083787 0.00322247133590281 185
1585013116649 0.0011820230865851045 186
1585013149637 0.001094434759579599 187
1585013182487 0.0019670543260872364 188
1585013215044 0.0011335797607898712 189
1585013248279 0.0011668034130707383 190
1585013281114 0.0008615028928034008 191
1585013314113 0.0024939801078289747 192
1585013347050 0.0028634746558964252 193
1585013379725 0.0021284371614456177 194
1585013412483 0.002053993521258235 195
1585013445146 0.0013850624673068523 196
1585013477727 0.0020148232579231262 197
1585013511442 0.0023561574053019285 198
1585013543948 0.002096914453431964 199
1585013576700 0.00220426800660789 200
1585013609393 0.0024286527186632156 201
1585013642000 0.0030920780263841152 202
1585013674811 0.0015654191374778748 203
1585013707740 0.0017627693014219403 204
1585013740293 0.0020308394450694323 205
1585013773126 0.000986168161034584 206
1585013806123 0.0020848868880420923 207
1585013839110 0.0017885541310533881 208
1585013871980 0.0012296495260670781 209
1585013904904 0.0005345548270270228 210
1585013937782 0.002677587326616049 211
1585013970452 0.001787668908946216 212
1585014002937 0.001629116595722735 213
1585014035906 0.0023498511873185635 214
1585014068653 0.001389560871757567 215
1585014101588 0.00177935475949198 216
1585014134410 0.0007138747605495155 217
1585014167386 0.0008140234858728945 218
1585014200291 0.0007985334959812462 219
1585014232855 0.002424015663564205 220
1585014265713 0.0020817096810787916 221
1585014298913 0.001225257758051157 222
1585014332717 0.0017516749212518334 223
1585014365396 0.0008545551099814475 224
1585014398230 0.001770384842529893 225
1585014430868 0.0016419871244579554 226
1585014463669 0.002859200583770871 227
1585014496308 0.0021125462371855974 228
1585014528764 0.0012399806873872876 229
1585014561174 0.003462603548541665 230
1585014593728 0.0016469435067847371 231
1585014626135 0.002735069254413247 232
1585014659205 0.001527040614746511 233
1585014693145 0.002073823707178235 234
1585014725968 0.0024120095185935497 235
1585014758782 0.0016718547558411956 236
1585014791836 0.0011300899786874652 237
1585014824873 0.002216675551608205 238
1585014857672 0.0010260996641591191 239
1585014890679 0.0013949422864243388 240
1585014923576 0.0006231621955521405 241
1585014956294 0.0016153479227796197 242
1585014989723 0.0020856037735939026 243
1585015022323 0.0019291011849418283 244
1585015055334 0.0011235014535486698 245
1585015088395 0.0012029052013531327 246
1585015120969 0.0008703193161636591 247
1585015153911 0.0026923432014882565 248
1585015186598 0.0015907128108665347 249
1585015219713 0.0014844111865386367 250
1585015252811 0.0005985347670502961 251
1585015285627 0.002484631724655628 252
1585015318570 0.0031330292113125324 253
1585015351457 0.0011067080777138472 254
1585015384252 0.001215288881212473 255
1585015416872 0.0032553456258028746 256
1585015449803 0.0012377952225506306 257
1585015482689 0.003720915177837014 258
1585015515875 0.0018019076669588685 259
1585015549766 0.0016370886005461216 260
1585015583355 0.001108839875087142 261
1585015616777 0.0015602981438860297 262
1585015650581 0.0019527924014255404 263
1585015683741 0.0012897250708192587 264
1585015717231 0.002633006079122424 265
1585015750695 0.0017602978041395545 266
1585015784039 0.0009493710822425783 267
1585015817370 0.0018119713058695197 268
1585015851250 0.001173557946458459 269
1585015885771 0.0002892868360504508 270
1585015918988 0.0004915496683679521 271
1585015951982 0.005201844032853842 272
1585015985515 0.0008152980590239167 273
1585016018954 0.0017499851528555155 274
1585016052092 0.0006533256964758039 275
1585016087346 0.0018088275101035833 276
1585016120918 0.0016535226022824645 277
1585016155393 0.00184723234269768 278
1585016189493 0.001978861866518855 279
1585016223317 0.001570400083437562 280
1585016258304 0.001430461765266955 281
1585016292181 0.0011890551541000605 282
1585016326632 0.001372308237478137 283
1585016360080 0.0005313633591867983 284
1585016393864 0.003100420581176877 285
1585016427608 0.001977247651666403 286
1585016461023 0.0011051543988287449 287
1585016495356 0.0026958759408444166 288
1585016529078 0.0014462396502494812 289
1585016562900 0.0012849689228460193 290
1585016596238 0.0010297989938408136 291
1585016629721 0.0015307277208194137 292
1585016663172 0.0011953517096117139 293
1585016697988 0.0010846802033483982 294
1585016731637 0.0010957426857203245 295
1585016765309 0.00458198506385088 296
1585016798720 0.001641736482270062 297
1585016832669 0.0017786611570045352 298
1585016865993 0.003868286032229662 299
1585016899996 0.0009392493520863354 300
1585016933703 0.0006076630088500679 301
1585016968367 0.0022794322576373816 302
1585017002010 0.00177531479857862 303
1585017035657 0.001638799556531012 304
1585017069616 0.0024031412322074175 305
1585017104085 0.0026958934031426907 306
1585017137698 0.0018195644952356815 307
1585017171248 0.0013477822067216039 308
1585017205027 0.0015832640929147601 309
1585017238542 0.001395763480104506 310
1585017272110 0.0007947582635097206 311
1585017305867 0.0010609081946313381 312
1585017339491 0.0013487698743119836 313
1585017373335 0.0029937096405774355 314
1585017406818 0.0009388226317241788 315
1585017440464 0.000957406242378056 316
1585017474142 0.001162439351901412 317
1585017507905 0.001472678268328309 318
1585017541772 0.0012583426432684064 319
1585017576223 0.0011678090086206794 320
1585017610685 0.002170945517718792 321
1585017644729 0.0016983021050691605 322
1585017678576 0.0012350014876574278 323
1585017712321 0.0005987987970001996 324
1585017746104 0.0016447603702545166 325
1585017779977 0.0017155648674815893 326
1585017813733 0.0014863848919048905 327
1585017847147 0.001347985933534801 328
1585017881038 0.0010902804788202047 329
1585017914726 0.0004888601251877844 330
1585017948275 0.0013262806460261345 331
1585017981945 0.0026303830090910196 332
1585018015805 0.0015288045397028327 333
1585018049560 0.0013585496926680207 334
1585018083066 0.0011872280156239867 335
1585018117193 0.0030683886725455523 336
1585018150698 0.0014412003802135587 337
1585018184571 0.0012950064847245812 338
1585018218397 0.0017032428877428174 339
1585018252144 0.0025359794963151217 340
1585018285583 0.0019465970108285546 341
1585018319212 0.0007474298472516239 342
1585018353253 0.002601632848381996 343
1585018387485 0.001161947613582015 344
1585018421681 0.0011680552270263433 345
1585018455742 0.0014760742196813226 346
1585018489896 0.0018684217939153314 347
1585018523834 0.0011428974103182554 348
1585018557267 0.0014011175371706486 349
1585018591081 0.0012410670751705766 350
1585018625606 0.0015845666639506817 351
1585018659167 0.001902878051623702 352
1585018692557 0.001235771575011313 353
1585018726261 0.001960222376510501 354
1585018760028 0.0008185221231542528 355
1585018794283 0.001659040804952383 356
1585018828328 0.0005832822644151747 357
1585018861935 0.0015507997013628483 358
1585018895447 0.001551203546114266 359
1585018929267 0.0008652723045088351 360
1585018963459 0.0014650231460109353 361
1585018997247 0.0014005436096340418 362
1585019030969 0.000531543861143291 363
1585019064396 0.0008300482877530158 364
1585019097880 0.0016227371525019407 365
1585019131652 0.002187441335991025 366
1585019165645 0.0008245642529800534 367
1585019199786 0.0010258014081045985 368
1585019233945 0.0017518041422590613 369
1585019267764 0.0010367508511990309 370
1585019301190 0.0017706580692902207 371
1585019334879 0.002882037777453661 372
1585019368792 0.0014248968800529838 373
1585019402165 0.0019576498307287693 374
1585019435921 0.0012131906114518642 375
1585019469895 0.003558660624548793 376
1585019503582 0.0015581866027787328 377
1585019537291 0.0009070386295206845 378
1585019571331 0.001306869788095355 379
1585019604964 0.0006415932439267635 380
1585019638418 0.0017936237854883075 381
1585019672277 0.0008844995172694325 382
1585019705979 0.001114408252760768 383
1585019740016 0.0009690460283309221 384
1585019773606 0.0007076447946019471 385
1585019807046 0.0010367246577516198 386
1585019841000 0.0009592678397893906 387
1585019875102 0.0011713061248883605 388
1585019908732 0.0008948652539402246 389
1585019942635 0.001044781762175262 390
1585019976347 0.0006200621137395501 391
1585020010129 0.0021767213474959135 392
1585020043873 0.001857346505858004 393
1585020077723 0.00219922442920506 394
1585020111528 0.0013090644497424364 395
1585020145015 0.0013899069745093584 396
1585020178894 0.0012609234545379877 397
1585020212882 0.002875859383493662 398
1585020246724 0.001548333908431232 399
1585020280267 0.0006426398758776486 400
1585020314111 0.0010801930911839008 401
1585020348404 0.0006234982865862548 402
1585020381900 0.0013430966064333916 403
1585020415270 0.0016002487391233444 404
1585020449017 0.0011539177503436804 405
1585020482605 0.001235988806001842 406
1585020515972 0.0007610830944031477 407
1585020549626 0.0013523977249860764 408
1585020583445 0.0008540878188796341 409
1585020616788 0.0015939119039103389 410
1585020650902 0.000808265816885978 411
1585020684733 0.0008573739905841649 412
1585020719498 0.002360801910981536 413
1585020754465 0.0008994655800051987 414
1585020787992 0.000887130678165704 415
1585020822527 0.0011633603135123849 416
1585020856638 0.0017805761890485883 417
1585020890366 0.0009163745562545955 418
1585020923846 0.002235898980870843 419
1585020957568 0.001131883473135531 420
1585020991529 0.0034121479839086533 421
1585021025119 0.0015908075729385018 422
1585021060212 0.0015963393962010741 423
1585021094019 0.0008527900208719075 424
1585021127666 0.0011834076140075922 425
1585021161186 0.001533588394522667 426
1585021194710 0.0020171403884887695 427
1585021228480 0.0012667354894801974 428
1585021262379 0.0009457737323828042 429
1585021295890 0.0009635643218643963 430
1585021329606 0.0016118927160277963 431
1585021363421 0.0006879534339532256 432
1585021397196 0.0010297715198248625 433
1585021430618 0.0007391884573735297 434
1585021464174 0.0006356049561873078 435
1585021498481 0.0013186767464503646 436
1585021533203 0.0008351953001692891 437
1585021567763 0.001284689991734922 438
1585021601261 0.000701885495800525 439
1585021634607 0.00122558930888772 440
1585021668459 0.0005304779042489827 441
1585021701918 0.001511082984507084 442
1585021735306 0.0008666351204738021 443
1585021770034 0.0017463599797338247 444
1585021803713 0.0007530301809310913 445
1585021837955 0.0013838425511494279 446
1585021872054 0.0006023040623404086 447
1585021906097 0.0006295466446317732 448
1585021940054 0.0007321195444092155 449
1585021973522 0.0012938720174133778 450
1585022007169 0.0009754947968758643 451
1585022040866 0.0014038924127817154 452
1585022074758 0.0013051144778728485 453
1585022108564 0.0011234726989641786 454
1585022142519 0.0007011658744886518 455
1585022176164 0.0008608086500316858 456
1585022209927 0.0013601562241092324 457
1585022243629 0.0015644954983144999 458
1585022277233 0.000690435350406915 459
1585022310693 0.0011469991877675056 460
1585022344768 0.0007044905796647072 461
1585022378368 0.0006400782731361687 462
1585022412271 0.0006342449341900647 463
1585022445982 0.0006434841197915375 464
1585022479359 0.0006394024239853024 465
1585022513021 0.0012508893851190805 466
1585022546925 0.0005499584367498755 467
1585022580533 0.0005393868777900934 468
1585022614267 0.0005669112433679402 469
1585022647701 0.0010521392105147243 470
1585022681653 0.0015051377704367042 471
1585022715310 0.0007026868406683207 472
1585022749102 0.0010597832733765244 473
1585022782575 0.0013227260205894709 474
1585022816381 0.001011114101856947 475
1585022849872 0.0013834735145792365 476
1585022884312 0.000577750091906637 477
1585022918168 0.000566236674785614 478
1585022952255 0.0015753161860629916 479
1585022985543 0.0008305861265398562 480
1585023019665 0.0014470868045464158 481
1585023053616 0.000706399092450738 482
1585023087380 0.00239129108376801 483
1585023121124 0.004145713523030281 484
1585023155474 0.0008012276375666261 485
1585023188853 0.000697598559781909 486
1585023222515 0.0008299318724311888 487
1585023256147 0.001496053533628583 488
1585023289881 0.001022196956910193 489
1585023323753 0.0008908617892302573 490
1585023358195 0.0009389816550537944 491
1585023391705 0.0013120645890012383 492
1585023425571 0.0008621304878033698 493
1585023459811 0.0008393091266043484 494
1585023493613 0.0008532339707016945 495
1585023527329 0.0008835538174025714 496
1585023560985 0.0011788838310167193 497
1585023595363 0.0016901292838156223 498
1585023628719 0.0003719872038345784 499
1585023662396 0.0005473334458656609 500
