1585007009017 0.027248883619904518 0
1585007041736 0.0051950919441878796 1
1585007074907 0.002842918736860156 2
1585007107497 0.004186602775007486 3
1585007140440 0.007154326420277357 4
1585007173196 0.010270440019667149 5
1585007205785 0.00832584872841835 6
1585007238731 0.004029661882668734 7
1585007271850 0.0019249331671744585 8
1585007304649 0.0009818400721997023 9
1585007337555 0.004953898023813963 10
1585007370413 0.006399425212293863 11
1585007402949 0.009429310448467731 12
1585007436060 0.013539775274693966 13
1585007468559 0.01641278900206089 14
1585007501761 0.018537767231464386 15
1585007534406 0.019847970455884933 16
1585007567184 0.021075788885354996 17
1585007599911 0.022096728906035423 18
1585007632647 0.02001669816672802 19
1585007665254 0.01991729810833931 20
1585007697764 0.018058273941278458 21
1585007730604 0.01585688441991806 22
1585007763106 0.01554941013455391 23
1585007795999 0.014172178693115711 24
1585007828810 0.014581115916371346 25
1585007861389 0.012750016525387764 26
1585007894434 0.012444324791431427 27
1585007927924 0.010970319621264935 28
1585007960705 0.01060222927480936 29
1585007993568 0.010518212802708149 30
1585008026257 0.011320722289383411 31
1585008059012 0.010868648067116737 32
1585008091941 0.01207573153078556 33
1585008125152 0.012297844514250755 34
1585008158180 0.012236286886036396 35
1585008191008 0.0124254385009408 36
1585008223782 0.012696555815637112 37
1585008256328 0.01317288912832737 38
1585008289471 0.013088072650134563 39
1585008322299 0.011270119808614254 40
1585008355774 0.01214594952762127 41
1585008388521 0.010532118380069733 42
1585008421313 0.00949103944003582 43
1585008453763 0.010726859793066978 44
1585008486767 0.009481221437454224 45
1585008519276 0.009627729654312134 46
1585008551931 0.009028274565935135 47
1585008584933 0.011074362322688103 48
1585008617703 0.008783292956650257 49
1585008650356 0.008498083800077438 50
1585008683138 0.00859789177775383 51
1585008716272 0.008314622566103935 52
1585008749050 0.0075955516658723354 53
1585008781977 0.00847971998155117 54
1585008814709 0.008211152628064156 55
1585008847336 0.008432078175246716 56
1585008880511 0.007196631748229265 57
1585008913595 0.006027912255376577 58
1585008946691 0.007035930175334215 59
1585008980798 0.00677774241194129 60
1585009013670 0.005562779493629932 61
1585009046460 0.00608523003757 62
1585009079521 0.0054652635008096695 63
1585009112167 0.007042244542390108 64
1585009144771 0.006812566891312599 65
1585009178024 0.006245918571949005 66
1585009210839 0.005453352816402912 67
1585009243756 0.006116264965385199 68
1585009278615 0.005827402696013451 69
1585009311471 0.006616824306547642 70
1585009344430 0.004935906734317541 71
1585009377281 0.005422158166766167 72
1585009410015 0.005970222409814596 73
1585009442860 0.004428028594702482 74
1585009475582 0.005648629739880562 75
1585009508176 0.004637398757040501 76
1585009540914 0.004411256406456232 77
1585009573888 0.005325863137841225 78
1585009607244 0.004926060326397419 79
1585009640023 0.004298156592994928 80
1585009672846 0.003724323585629463 81
1585009706059 0.0054867141880095005 82
1585009738925 0.004189713858067989 83
1585009771770 0.003919367212802172 84
1585009804445 0.004088596906512976 85
1585009837263 0.0057814172469079494 86
1585009870970 0.003441285341978073 87
1585009903784 0.0041510420851409435 88
1585009936265 0.003076310269534588 89
1585009968861 0.002579417312517762 90
1585010002572 0.0032097334042191505 91
1585010035547 0.0036820932291448116 92
1585010068052 0.004144889302551746 93
1585010101123 0.003294328460469842 94
1585010134174 0.004243143834173679 95
1585010167030 0.0028102202340960503 96
1585010199983 0.003932669758796692 97
1585010232717 0.003530009649693966 98
1585010265282 0.004007322713732719 99
1585010297951 0.0019279631087556481 100
1585010330474 0.0016891880659386516 101
1585010362956 0.0015185391530394554 102
1585010395527 0.003940170165151358 103
1585010428319 0.0025565247051417828 104
1585010461216 0.00246187811717391 105
1585010493891 0.003471407573670149 106
1585010526534 0.002166483551263809 107
1585010559102 0.0020253818947821856 108
1585010591637 0.0018598473398014903 109
1585010624248 0.002978775417432189 110
1585010657066 0.0021071843802928925 111
1585010689644 0.00210531591437757 112
1585010722292 0.0010810482781380415 113
1585010754927 0.0026916516944766045 114
1585010787710 0.0028133008163422346 115
1585010822387 0.0019609893206506968 116
1585010854925 0.0022797647397965193 117
1585010887502 0.0011812894372269511 118
1585010919969 0.0014227936044335365 119
1585010952635 0.0015914265532046556 120
1585010985385 0.0042696669697761536 121
1585011018467 0.003389514982700348 122
1585011051347 0.0014600246213376522 123
1585011084493 0.0016084465896710753 124
1585011117313 0.002010698663070798 125
1585011150574 0.0017905631102621555 126
1585011183313 0.0015281308442354202 127
1585011216540 0.002478815382346511 128
1585011250350 0.004256704822182655 129
1585011283008 0.001866629347205162 130
1585011315519 0.004343971144407988 131
1585011348340 0.0027350811287760735 132
1585011381054 0.002678899560123682 133
1585011413760 0.0028533833101391792 134
1585011446579 0.004502973984926939 135
1585011479554 0.0052233049646019936 136
1585011511997 0.0026385781820863485 137
1585011544747 0.00405602902173996 138
1585011577247 0.001654182095080614 139
1585011610244 0.0013804167974740267 140
1585011642908 0.001991838915273547 141
1585011676557 0.0027834209613502026 142
1585011710185 0.0035558599047362804 143
1585011742914 0.0026946966536343098 144
1585011776099 0.0023220572620630264 145
1585011808693 0.001380068133585155 146
1585011841648 0.003984175156801939 147
1585011874510 0.0028285766020417213 148
1585011907399 0.002368655987083912 149
1585011940278 0.0011222170433029532 150
1585011973139 0.003921914380043745 151
1585012006117 0.002240582602098584 152
1585012038939 0.0015839638654142618 153
1585012071686 0.0024602338671684265 154
1585012104475 0.0035933677572757006 155
1585012137340 0.0019402533071115613 156
1585012169628 0.0018081394955515862 157
1585012202175 0.001485037850216031 158
1585012234932 0.004366637207567692 159
1585012267885 0.002219200599938631 160
1585012300572 0.0015317946672439575 161
1585012334665 0.0007759458967484534 162
1585012367816 0.002988551277667284 163
1585012400503 0.003380349837243557 164
1585012433354 0.0017218554858118296 165
1585012466473 0.0014999002451077104 166
1585012499468 0.002863739151507616 167
1585012532215 0.0027473578229546547 168
1585012565230 0.0041211796924471855 169
1585012598234 0.0012782694539055228 170
1585012631064 0.0014747459208592772 171
1585012663761 0.004478120245039463 172
1585012699033 0.00232679839245975 173
1585012732256 0.0036907645408064127 174
1585012765147 0.0015616569435223937 175
1585012798234 0.0027378234080970287 176
1585012831080 0.0015157671878114343 177
1585012865255 0.0021804827265441418 178
1585012898250 0.004062416031956673 179
1585012931294 0.0034449200611561537 180
1585012964213 0.0018254697788506746 181
1585012997252 0.0021137245930731297 182
1585013029914 0.0020326420199126005 183
1585013062625 0.000738009694032371 184
1585013095362 0.0013878424651920795 185
1585013128187 0.0014376118779182434 186
1585013161173 0.0013158586807549 187
1585013194017 0.0017582426080480218 188
1585013226695 0.004189610481262207 189
1585013259891 0.0022866488434374332 190
1585013292612 0.0019311174983158708 191
1585013325672 0.004209874197840691 192
1585013358654 0.0017685979837551713 193
1585013391253 0.0007294418173842132 194
1585013424040 0.0015856748213991523 195
1585013456602 0.003654147731140256 196
1585013490275 0.0006438124109990895 197
1585013522931 0.002626036759465933 198
1585013555523 0.0016863275086507201 199
1585013588290 0.0017811961006373167 200
1585013620856 0.00288092577829957 201
1585013653428 0.002925476059317589 202
1585013686500 0.00165766931604594 203
1585013719319 0.0023805354721844196 204
1585013751933 0.001854586647823453 205
1585013784818 0.003837596857920289 206
1585013817636 0.0038242624141275883 207
1585013850692 0.00512295588850975 208
1585013883643 0.0010651269694790244 209
1585013916514 0.0023212034720927477 210
1585013949376 0.002200670540332794 211
1585013981892 0.00432428577914834 212
1585014014504 0.006853355560451746 213
1585014047468 0.0017683238256722689 214
1585014080188 0.0017212314996868372 215
1585014113151 0.0019236962543800473 216
1585014145938 0.0011368654668331146 217
1585014179137 0.0023446339182555676 218
1585014211770 0.002097854157909751 219
1585014244412 0.0033496031537652016 220
1585014277723 0.0016434794524684548 221
1585014310366 0.0015596778830513358 222
1585014344314 0.0028722502756863832 223
1585014377299 0.0021961736492812634 224
1585014409672 0.0038693188689649105 225
1585014442409 0.0012373339850455523 226
1585014475154 0.0035715196281671524 227
1585014507771 0.0012697658967226744 228
1585014540068 0.0018347612349316478 229
1585014572712 0.0014579782728105783 230
1585014605137 0.0009190543787553906 231
1585014637606 0.0025072991847991943 232
1585014671336 0.0032269065268337727 233
1585014704664 0.001676622312515974 234
1585014737554 0.0013008246896788478 235
1585014770336 0.002790318801999092 236
1585014803452 0.002030357252806425 237
1585014836553 0.0010427564848214388 238
1585014869203 0.0068199653178453445 239
1585014902336 0.0009942837059497833 240
1585014935212 0.0015205472009256482 241
1585014967966 0.002974623581394553 242
1585015001154 0.002506283111870289 243
1585015033932 0.0010401387698948383 244
1585015067116 0.002706489758566022 245
1585015099774 0.001027401420287788 246
1585015132636 0.0011396212503314018 247
1585015165417 0.00109801534563303 248
1585015198212 0.001173178548924625 249
1585015231247 0.0017207646742463112 250
1585015264369 0.0027785918209701777 251
1585015297161 0.0009291131282225251 252
1585015330143 0.003403502283617854 253
1585015363053 0.0010239074472337961 254
1585015395763 0.0011040614917874336 255
1585015428498 0.0012004915624856949 256
1585015461307 0.001800805446691811 257
1585015494408 0.003085571341216564 258
1585015527673 0.0013755032559856772 259
1585015561619 0.0016818183939903975 260
1585015595068 0.0030762306414544582 261
1585015628646 0.0008613755344413221 262
1585015662340 0.0020887453574687243 263
1585015695457 0.0012540053576231003 264
1585015728986 0.0008443914703093469 265
1585015762421 0.0009548981324769557 266
1585015795768 0.002096867887303233 267
1585015829284 0.0038793457206338644 268
1585015863193 0.002019475447013974 269
1585015897654 0.0010305691976100206 270
1585015930530 0.004547086078673601 271
1585015963829 0.0015122282784432173 272
1585015997391 0.0033503619488328695 273
1585016030616 0.003844709135591984 274
1585016064706 0.0013718177797272801 275
1585016099266 0.0033015254884958267 276
1585016132678 0.001395133207552135 277
1585016167720 0.0015245493268594146 278
1585016201245 0.0019724229350686073 279
1585016236259 0.0032889177091419697 280
1585016270325 0.0006822331342846155 281
1585016304962 0.00143148482311517 282
1585016338468 0.0019631958566606045 283
1585016371928 0.003283008001744747 284
1585016405640 0.0018551619723439217 285
1585016439335 0.001720920787192881 286
1585016472834 0.002404587808996439 287
1585016507105 0.0022022027987986803 288
1585016541064 0.002176077337935567 289
1585016574635 0.0020430691074579954 290
1585016607954 0.0029000425711274147 291
1585016641495 0.0011140047572553158 292
1585016674880 0.004919426515698433 293
1585016709807 0.0030324487015604973 294
1585016743374 0.0010659219697117805 295
1585016777015 0.0017037437064573169 296
1585016810459 0.0007949306746013463 297
1585016844422 0.002323635620996356 298
1585016877897 0.0035191900096833706 299
1585016911931 0.0015221619978547096 300
1585016945450 0.001804298721253872 301
1585016980131 0.0011390085564926267 302
1585017013720 0.0017437138594686985 303
1585017047512 0.0015562544576823711 304
1585017081460 0.001431254087947309 305
1585017115934 0.0019054908771067858 306
1585017149433 0.0009946022182703018 307
1585017183038 0.0024023614823818207 308
1585017216773 0.0019610195886343718 309
1585017250324 0.0009371559135615826 310
1585017283840 0.0018976014107465744 311
1585017317805 0.001702548237517476 312
1585017351463 0.0028571297880262136 313
1585017384992 0.003128078067675233 314
1585017418693 0.0034840465523302555 315
1585017452273 0.0006416311953216791 316
1585017485914 0.0022992489393800497 317
1585017519790 0.0012600085465237498 318
1585017553623 0.0034072045236825943 319
1585017588381 0.003295657690614462 320
1585017622542 0.002049994422122836 321
1585017656543 0.002835101680830121 322
1585017690497 0.00210430845618248 323
1585017724265 0.0017687991494312882 324
1585017758032 0.0008383456734009087 325
1585017791855 0.00429166154935956 326
1585017825470 0.002568531082943082 327
1585017859088 0.001255862065590918 328
1585017892858 0.0032431967556476593 329
1585017926614 0.002739577554166317 330
1585017960085 0.004190879873931408 331
1585017993845 0.0020824773237109184 332
1585018027634 0.000986883300356567 333
1585018061445 0.0019011155236512423 334
1585018095130 0.0017592721851542592 335
1585018128978 0.0008983673760667443 336
1585018162460 0.0007984425756148994 337
1585018196491 0.003291686065495014 338
1585018230340 0.0009242808446288109 339
1585018263910 0.0018918747082352638 340
1585018297377 0.003758643753826618 341
1585018331218 0.0012612330028787255 342
1585018365099 0.001244539045728743 343
1585018400089 0.0018635529559105635 344
1585018433698 0.00335740577429533 345
1585018467802 0.0016455416334792972 346
1585018501952 0.002179472241550684 347
1585018535555 0.0013907243264839053 348
1585018569301 0.0006743345293216407 349
1585018603039 0.0013182784896343946 350
1585018637526 0.0020347286481410265 351
1585018670890 0.001372750150039792 352
1585018704397 0.002756949048489332 353
1585018738100 0.0022167221177369356 354
1585018771905 0.0021304646506905556 355
1585018806022 0.001264897407963872 356
1585018840170 0.0016994861653074622 357
1585018873712 0.002205241471529007 358
1585018907491 0.0009307055152021348 359
1585018941318 0.004012215416878462 360
1585018975338 0.003185648936778307 361
1585019009322 0.0011965675512328744 362
1585019042737 0.00046950895921327174 363
1585019076248 0.0022593988105654716 364
1585019109612 0.001287490245886147 365
1585019143520 0.0020478726364672184 366
1585019177589 0.001515264855697751 367
1585019211557 0.0036837817169725895 368
1585019245939 0.0007635472575202584 369
1585019279517 0.0012560231843963265 370
1585019312998 0.0024579777382314205 371
1585019346782 0.0008591886144131422 372
1585019380596 0.002755439141765237 373
1585019414122 0.0017837043851613998 374
1585019448245 0.0013179713860154152 375
1585019481837 0.0019492537248879671 376
1585019515662 0.00040027161594480276 377
1585019549634 0.0014843280659988523 378
1585019583355 0.0015733534237369895 379
1585019616719 0.0019570880103856325 380
1585019650236 0.001579282688908279 381
1585019684165 0.002167000435292721 382
1585019717880 0.002273735124617815 383
1585019751939 0.001282225945033133 384
1585019785465 0.0018670079298317432 385
1585019818971 0.0013031570706516504 386
1585019853090 0.0026941471733152866 387
1585019887104 0.0015502222813665867 388
1585019921015 0.0011462559923529625 389
1585019954661 0.001135114231146872 390
1585019988586 0.0028786673210561275 391
1585020022007 0.0013992617605254054 392
1585020055854 0.0016252046916633844 393
1585020089611 0.0038331521209329367 394
1585020123238 0.0023558305110782385 395
1585020156962 0.0007820148020982742 396
1585020190991 0.002051054732874036 397
1585020224915 0.0026500942185521126 398
1585020258600 0.00039466031012125313 399
1585020292082 0.0026100927498191595 400
1585020325999 0.000691629305947572 401
1585020360163 0.00226335390470922 402
1585020393621 0.0016663719434291124 403
1585020427193 0.000841515080537647 404
1585020460968 0.0030574952252209187 405
1585020494343 0.0012084550689905882 406
1585020527928 0.0011265759821981192 407
1585020561536 0.002611352363601327 408
1585020595276 0.00358531903475523 409
1585020629094 0.0013661053963005543 410
1585020662958 0.001534728449769318 411
1585020697818 0.001368474680930376 412
1585020732781 0.0009385568555444479 413
1585020766269 0.0012641740031540394 414
1585020800880 0.002715397858992219 415
1585020834947 0.0007347797509282827 416
1585020868573 0.0005021349643357098 417
1585020902277 0.001063816947862506 418
1585020935979 0.001124613918364048 419
1585020969615 0.0022970037534832954 420
1585021003334 0.0017454427434131503 421
1585021038287 0.0010526236146688461 422
1585021072195 0.002659310819581151 423
1585021106048 0.0006455725524574518 424
1585021139537 0.0027730027213692665 425
1585021173055 0.0007820261525921524 426
1585021206491 0.0013842865591868758 427
1585021240667 0.0018024685559794307 428
1585021274321 0.0033700980711728334 429
1585021308028 0.001051647705025971 430
1585021341423 0.0009785071015357971 431
1585021375490 0.00029406032990664244 432
1585021409010 0.0021225684322416782 433
1585021442476 0.0012713737087324262 434
1585021476185 0.00157369882799685 435
1585021510612 0.0012813657522201538 436
1585021546063 0.0036989357322454453 437
1585021579700 0.0017645374173298478 438
1585021612989 0.0027742155361920595 439
1585021646382 0.0022551161237061024 440
1585021680346 0.0013353992253541946 441
1585021713669 0.0006463893805630505 442
1585021748067 0.0014784567756578326 443
1585021781844 0.002346733817830682 444
1585021815492 0.0016143042594194412 445
1585021850176 0.001086372067220509 446
1585021884114 0.0009742449619807303 447
1585021917974 0.0008722939528524876 448
1585021951928 0.001941807335242629 449
1585021985280 0.0017431528540328145 450
1585022019117 0.0017908090958371758 451
1585022052741 0.0008043574634939432 452
1585022086708 0.001109675969928503 453
1585022120433 0.0034346182364970446 454
1585022154476 0.0013772138627246022 455
1585022188083 0.0033193309791386127 456
1585022221925 0.0013642688281834126 457
1585022255453 0.0016903586219996214 458
1585022289102 0.0012258089846000075 459
1585022322631 0.0021914008539170027 460
1585022356620 0.0010009459219872952 461
1585022390399 0.0026323767378926277 462
1585022424103 0.000959169352427125 463
1585022457718 0.001248607411980629 464
1585022491167 0.0006266951095312834 465
1585022524794 0.0022255033254623413 466
1585022558826 0.0006316294893622398 467
1585022592531 0.0018352062907069921 468
1585022626029 0.0027146348729729652 469
1585022659865 0.0012517755385488272 470
1585022693408 0.0011185758048668504 471
1585022727365 0.0016815697308629751 472
1585022760851 0.0008606851333752275 473
1585022794713 0.0014302273048087955 474
1585022828250 0.0019534705206751823 475
1585022861835 0.0014171167276799679 476
1585022896200 0.0020468991715461016 477
1585022930409 0.0025253829080611467 478
1585022964029 0.0016582624521106482 479
1585022997447 0.001808876171708107 480
1585023031582 0.002342185005545616 481
1585023065349 0.0020547264721244574 482
1585023099180 0.0014128643088042736 483
1585023132958 0.002778887515887618 484
1585023167242 0.0011562432628124952 485
1585023200654 0.000908904243260622 486
1585023234261 0.0020398618653416634 487
1585023267944 0.0013344887411221862 488
1585023301853 0.0013289455091580749 489
1585023335491 0.0019140697550028563 490
1585023369918 0.002243472496047616 491
1585023403518 0.0014403326204046607 492
1585023437448 0.0011969339102506638 493
1585023471773 0.0009748596930876374 494
1585023505455 0.0023324093781411648 495
1585023539232 0.001204098341986537 496
1585023572849 0.0006933039403520525 497
1585023607097 0.0004450053093023598 498
1585023640368 0.0017904849955812097 499
1585023674266 0.0024401729460805655 500
