1585007016946 0.03085637465119362 0
1585007049632 0.006961081176996231 1
1585007082865 0.00447604525834322 2
1585007115526 0.006789582781493664 3
1585007148450 0.010487680323421955 4
1585007181135 0.014186801388859749 5
1585007213709 0.012128186412155628 6
1585007246879 0.005668244790285826 7
1585007279766 0.003439257387071848 8
1585007312535 0.0013956676702946424 9
1585007345358 0.003642789553850889 10
1585007378222 0.004732149187475443 11
1585007410932 0.007328524254262447 12
1585007443833 0.010676024481654167 13
1585007476884 0.01335512101650238 14
1585007509633 0.01511650625616312 15
1585007542127 0.01639881171286106 16
1585007574874 0.0174757968634367 17
1585007607842 0.017812976613640785 18
1585007640468 0.01691293716430664 19
1585007673100 0.016459036618471146 20
1585007705673 0.014830120839178562 21
1585007738501 0.01314193569123745 22
1585007770959 0.012519779615104198 23
1585007803885 0.011776089668273926 24
1585007836605 0.011329593136906624 25
1585007869435 0.010650519281625748 26
1585007902374 0.009773213416337967 27
1585007935846 0.008948399685323238 28
1585007968515 0.00906300637871027 29
1585008001409 0.009264657273888588 30
1585008034179 0.009344954043626785 31
1585008067012 0.00942629761993885 32
1585008099844 0.010376492515206337 33
1585008133037 0.010372567921876907 34
1585008166151 0.010582567192614079 35
1585008198921 0.010759471915662289 36
1585008231524 0.011231102980673313 37
1585008264436 0.011531312018632889 38
1585008297510 0.011335620656609535 39
1585008330891 0.009969048202037811 40
1585008363730 0.010667862370610237 41
1585008396634 0.009617378003895283 42
1585008429251 0.009047489613294601 43
1585008461681 0.009654591791331768 44
1585008494678 0.008723767474293709 45
1585008527192 0.008712911047041416 46
1585008559759 0.00813540630042553 47
1585008592868 0.009375190362334251 48
1585008625540 0.007963499054312706 49
1585008658327 0.007774021476507187 50
1585008690974 0.007991030812263489 51
1585008724268 0.007418758235871792 52
1585008756977 0.007630270905792713 53
1585008790006 0.007562087848782539 54
1585008822571 0.00712510384619236 55
1585008855307 0.007355238310992718 56
1585008888649 0.006843895651400089 57
1585008921526 0.006312127225100994 58
1585008954554 0.006581012159585953 59
1585008988680 0.007065110839903355 60
1585009021626 0.006189881823956966 61
1585009054315 0.005914471112191677 62
1585009087432 0.005750712007284164 63
1585009119975 0.00638040853664279 64
1585009152938 0.006029839627444744 65
1585009185976 0.005959314294159412 66
1585009218751 0.005528075620532036 67
1585009251767 0.0056239464320242405 68
1585009286576 0.005549754947423935 69
1585009319493 0.005749056115746498 70
1585009352359 0.005211682058870792 71
1585009385216 0.004851995967328548 72
1585009418050 0.005315033718943596 73
1585009450812 0.004737110808491707 74
1585009483486 0.004969479516148567 75
1585009515994 0.004688571207225323 76
1585009548838 0.00438047107309103 77
1585009581891 0.004714395850896835 78
1585009615134 0.004461029078811407 79
1585009648062 0.004445038735866547 80
1585009680924 0.0040587252005934715 81
1585009713824 0.004121902398765087 82
1585009746882 0.0037024037446826696 83
1585009779676 0.0036130379885435104 84
1585009812397 0.0038134786300361156 85
1585009846119 0.004517918452620506 86
1585009879031 0.0032525057904422283 87
1585009911666 0.004044375382363796 88
1585009943990 0.0027219383046031 89
1585009976959 0.0026428892742842436 90
1585010010514 0.0031946012750267982 91
1585010043379 0.003692588536068797 92
1585010076014 0.003053292166441679 93
1585010109178 0.0026567697059363127 94
1585010142085 0.003513798350468278 95
1585010174982 0.0020765368826687336 96
1585010207799 0.0034553208388388157 97
1585010240533 0.0029055150225758553 98
1585010273113 0.0032257377170026302 99
1585010305746 0.0017052339389920235 100
1585010338279 0.002230813028290868 101
1585010370820 0.001639092806726694 102
1585010403458 0.0025848594959825277 103
1585010436454 0.0018260842189192772 104
1585010469166 0.002675378695130348 105
1585010501861 0.002532603917643428 106
1585010534348 0.002613718155771494 107
1585010567037 0.0020486339926719666 108
1585010599553 0.0012721281964331865 109
1585010632158 0.0028743273578584194 110
1585010664861 0.002191163133829832 111
1585010697576 0.0017993093933910131 112
1585010730189 0.0016872314736247063 113
1585010762870 0.0016978788189589977 114
1585010797532 0.00193156604655087 115
1585010830271 0.0019418173469603062 116
1585010862722 0.0014676181599497795 117
1585010895361 0.002157640177756548 118
1585010927789 0.002118813106790185 119
1585010960430 0.0015116141876205802 120
1585010993276 0.0041818516328930855 121
1585011026350 0.0035018452908843756 122
1585011059389 0.001461361418478191 123
1585011092496 0.001789978938177228 124
1585011125257 0.0016171359457075596 125
1585011158474 0.001102113164961338 126
1585011191235 0.0013593233888968825 127
1585011224425 0.0024274569004774094 128
1585011258403 0.0026987968012690544 129
1585011290863 0.0017518651438876987 130
1585011323468 0.003922277595847845 131
1585011356298 0.0020714555867016315 132
1585011388997 0.0027351556345820427 133
1585011421629 0.0018834529910236597 134
1585011454670 0.002728482708334923 135
1585011487397 0.003096779342740774 136
1585011519860 0.002407986205071211 137
1585011552542 0.0028529104311019182 138
1585011585105 0.001530565321445465 139
1585011618187 0.001260547898709774 140
1585011650820 0.0018519298173487186 141
1585011684398 0.0022276341915130615 142
1585011718030 0.0024760146625339985 143
1585011750871 0.0026781654451042414 144
1585011783987 0.0016411643009632826 145
1585011816599 0.002499478170648217 146
1585011849584 0.0033485968597233295 147
1585011882187 0.0023902866523712873 148
1585011915226 0.0017922180704772472 149
1585011948379 0.001706466544419527 150
1585011981267 0.003232579445466399 151
1585012013943 0.0015398937975987792 152
1585012046861 0.0017713892739266157 153
1585012079744 0.002109608380123973 154
1585012112425 0.002379113342612982 155
1585012145071 0.0021611929405480623 156
1585012177565 0.0017114385263994336 157
1585012210109 0.001063487259671092 158
1585012242944 0.003454785794019699 159
1585012275812 0.0019122364465147257 160
1585012308457 0.0016403079498559237 161
1585012342559 0.0008008357835933566 162
1585012375616 0.002251877449452877 163
1585012408425 0.0023529105819761753 164
1585012441161 0.0014839264331385493 165
1585012474319 0.0011423637624830008 166
1585012507461 0.0022853410337120295 167
1585012540134 0.002388421446084976 168
1585012573283 0.002767539583146572 169
1585012606192 0.002095012692734599 170
1585012639028 0.0010994834592565894 171
1585012671682 0.0027409535832703114 172
1585012707008 0.0017822517547756433 173
1585012740338 0.0022677830420434475 174
1585012773224 0.0013199513778090477 175
1585012806132 0.0018085809424519539 176
1585012838993 0.002174018882215023 177
1585012873207 0.0024422407150268555 178
1585012906144 0.003189769107848406 179
1585012939206 0.0028037969022989273 180
1585012972154 0.0021357827354222536 181
1585013005084 0.0017100479453802109 182
1585013037868 0.0019247140735387802 183
1585013070495 0.0006222501397132874 184
1585013103297 0.0023051570169627666 185
1585013136232 0.001309817424044013 186
1585013169148 0.0012051467783749104 187
1585013201894 0.0018626484088599682 188
1585013234589 0.002661595121026039 189
1585013267762 0.0017267260700464249 190
1585013300738 0.0013963101664558053 191
1585013333553 0.0033519272692501545 192
1585013366443 0.0023160362616181374 193
1585013399225 0.001428939518518746 194
1585013431937 0.0018198341131210327 195
1585013464540 0.002519605215638876 196
1585013498230 0.0013293178053572774 197
1585013530740 0.002491096965968609 198
1585013563373 0.001891620922833681 199
1585013596110 0.0019927320536226034 200
1585013628789 0.002654789248481393 201
1585013661382 0.003008777042850852 202
1585013694282 0.0016115442849695683 203
1585013727175 0.002071652328595519 204
1585013759814 0.0019427130464464426 205
1585013792813 0.0024118823930621147 206
1585013825367 0.002954574767500162 207
1585013858591 0.00345575506798923 208
1585013891593 0.0011473882477730513 209
1585013924446 0.0014278790913522243 210
1585013957297 0.0024391289334744215 211
1585013989825 0.003055977402254939 212
1585014022469 0.0042412360198795795 213
1585014055273 0.002059087622910738 214
1585014088359 0.001555396243929863 215
1585014121049 0.0018515255069360137 216
1585014153880 0.0009253701427951455 217
1585014187156 0.0015793286729604006 218
1585014219658 0.0014481937978416681 219
1585014252379 0.0028868094086647034 220
1585014285649 0.0018625946249812841 221
1585014318088 0.0013924678787589073 222
1585014352111 0.0023119626566767693 223
1585014385132 0.001525364350527525 224
1585014417622 0.0028198519721627235 225
1585014450333 0.0014396605547517538 226
1585014483066 0.00321535998955369 227
1585014515642 0.001691156066954136 228
1585014547942 0.0015373709611594677 229
1585014580624 0.0024602909106761217 230
1585014612952 0.0012829989427700639 231
1585014645907 0.002621184103190899 232
1585014679652 0.0023769736289978027 233
1585014712711 0.0018752230098471045 234
1585014745693 0.0018564171623438597 235
1585014778534 0.0022310868371278048 236
1585014811333 0.001580223673954606 237
1585014844420 0.0016297160182148218 238
1585014877331 0.003923032432794571 239
1585014910334 0.001194613054394722 240
1585014943156 0.0010718547273427248 241
1585014976355 0.0022949858102947474 242
1585015009045 0.0022959434427320957 243
1585015042058 0.0014846199192106724 244
1585015075104 0.0019149956060573459 245
1585015107620 0.0011151533108204603 246
1585015140651 0.0010049702832475305 247
1585015173187 0.0018951792735606432 248
1585015206424 0.0013819456798955798 249
1585015239341 0.0016025879886001348 250
1585015272110 0.0016885632649064064 251
1585015305231 0.0017068723682314157 252
1585015338023 0.0032682656310498714 253
1585015370988 0.0010653077624738216 254
1585015403684 0.0011596751864999533 255
1585015436502 0.0022279187105596066 256
1585015469187 0.00151930027641356 257
1585015502340 0.0034032431431114674 258
1585015536262 0.0015887054614722729 259
1585015569669 0.0016594534972682595 260
1585015603081 0.0020925351418554783 261
1585015636663 0.0012108368100598454 262
1585015670277 0.0020207688212394714 263
1585015703575 0.0012718652142211795 264
1585015737011 0.001738698803819716 265
1585015770511 0.0013575979974120855 266
1585015803829 0.0015231195138767362 267
1585015837461 0.002845658455044031 268
1585015872334 0.0015965166967362165 269
1585015905656 0.0006599280168302357 270
1585015938475 0.002519317902624607 271
1585015971781 0.0033570360392332077 272
1585016005331 0.002082830062136054 273
1585016038573 0.002797347027808428 274
1585016072981 0.001012571738101542 275
1585016107368 0.002555176615715027 276
1585016140742 0.0015243279049172997 277
1585016175794 0.0016858908347785473 278
1585016209578 0.001975642517209053 279
1585016244451 0.0024296590127050877 280
1585016278335 0.0010563475079834461 281
1585016313029 0.0013102700468152761 282
1585016346536 0.0016677520470693707 283
1585016379973 0.0019071856513619423 284
1585016413833 0.0024777911603450775 285
1585016447369 0.001849084161221981 286
1585016481004 0.001754871103912592 287
1585016515245 0.0024490393698215485 288
1585016549118 0.001811158494092524 289
1585016582692 0.0016640189569443464 290
1585016616158 0.0019649206660687923 291
1585016649599 0.0013223662972450256 292
1585016683031 0.0030573890544474125 293
1585016717833 0.0020585644524544477 294
1585016751451 0.0010808323277160525 295
1585016785145 0.003142864443361759 296
1585016818500 0.0012183336075395346 297
1585016852408 0.0020511483307927847 298
1585016886075 0.0036937380209565163 299
1585016920049 0.001230705645866692 300
1585016954434 0.0012059808941558003 301
1585016988212 0.001709220465272665 302
1585017021708 0.0017595143290236592 303
1585017055917 0.0015975269488990307 304
1585017089503 0.0019171976018697023 305
1585017124111 0.00230069225654006 306
1585017157534 0.0014070833567529917 307
1585017191315 0.0018750717863440514 308
1585017224879 0.001772141782566905 309
1585017258402 0.0011664596386253834 310
1585017292096 0.001346179866231978 311
1585017325872 0.001381728216074407 312
1585017359716 0.0021029498893767595 313
1585017393133 0.003060893854126334 314
1585017426856 0.0022114345338195562 315
1585017460415 0.0007995187188498676 316
1585017494054 0.0017308441456407309 317
1585017528134 0.0013663433492183685 318
1585017561660 0.0023327735252678394 319
1585017597087 0.0022317334078252316 320
1585017630653 0.002110470086336136 321
1585017664571 0.002266701776534319 322
1585017698717 0.0016696549719199538 323
1585017732335 0.0011837990023195744 324
1585017766188 0.0012415529927238822 325
1585017800073 0.003003613092005253 326
1585017833485 0.002027458045631647 327
1585017867365 0.0013019239995628595 328
1585017901023 0.002166738733649254 329
1585017934640 0.0016142188105732203 330
1585017968214 0.002758580259978771 331
1585018001834 0.002356430049985647 332
1585018035663 0.0012578439200296998 333
1585018069564 0.0016298326663672924 334
1585018103315 0.001473250100389123 335
1585018137001 0.001983378082513809 336
1585018170679 0.0011198214488103986 337
1585018204773 0.002293346216902137 338
1585018238604 0.0013137618079781532 339
1585018271910 0.002213926985859871 340
1585018305512 0.0028526203241199255 341
1585018339537 0.0010043313959613442 342
1585018373188 0.0019230858888477087 343
1585018408139 0.0015127502847462893 344
1585018441893 0.0022627306170761585 345
1585018475987 0.0015608079265803099 346
1585018510048 0.0020239469595253468 347
1585018543619 0.0012668108101934195 348
1585018577408 0.0010377260623499751 349
1585018611335 0.0012796728406101465 350
1585018645528 0.001809647656045854 351
1585018678904 0.001637814100831747 352
1585018712496 0.0019963602535426617 353
1585018746317 0.0020884722471237183 354
1585018779906 0.0014744934160262346 355
1585018814056 0.0014619691064581275 356
1585018848200 0.001141384243965149 357
1585018881809 0.0018780205864459276 358
1585018915687 0.00124095450155437 359
1585018949654 0.002438743831589818 360
1585018983483 0.0023253359831869602 361
1585019017417 0.001298555638641119 362
1585019050841 0.0005005263956263661 363
1585019084363 0.0015447235200554132 364
1585019117968 0.0014551137574017048 365
1585019151786 0.0021176571026444435 366
1585019185788 0.0011699146125465631 367
1585019220229 0.002354791620746255 368
1585019254253 0.0012576756998896599 369
1585019287623 0.0011463870760053396 370
1585019321324 0.0021143178455531597 371
1585019354912 0.0018706131959334016 372
1585019388628 0.0020901679527014494 373
1585019422327 0.0018706771079450846 374
1585019456283 0.0012655809987336397 375
1585019489945 0.00275395717471838 376
1585019523659 0.0009792291093617678 377
1585019557716 0.0011956833768635988 378
1585019591350 0.0014401115477085114 379
1585019624819 0.001299340627156198 380
1585019658439 0.0016864532371982932 381
1585019692256 0.0015257499180734158 382
1585019725900 0.0016940716886892915 383
1585019759939 0.0011256360448896885 384
1585019793518 0.0012873263331130147 385
1585019827086 0.001169940922409296 386
1585019861399 0.0018267075065523386 387
1585019895200 0.0013607642613351345 388
1585019929046 0.0010205606231465936 389
1585019962681 0.001089947996661067 390
1585019996601 0.001749364659190178 391
1585020030243 0.0017879914958029985 392
1585020063996 0.0017412756569683552 393
1585020097763 0.0030161882750689983 394
1585020131391 0.0018324474804103374 395
1585020165025 0.0010859608883038163 396
1585020199204 0.0016559890937060118 397
1585020232938 0.0027629768010228872 398
1585020266690 0.0009714970947243273 399
1585020300415 0.0016263662837445736 400
1585020334283 0.000885911169461906 401
1585020368338 0.0014434261247515678 402
1585020401705 0.001504734274931252 403
1585020435355 0.0012208819389343262 404
1585020469039 0.0021057063713669777 405
1585020502455 0.0012222218792885542 406
1585020536061 0.0009438295383006334 407
1585020569629 0.00198187492787838 408
1585020603278 0.0022197035141289234 409
1585020637234 0.0014800087083131075 410
1585020671114 0.0011714971624314785 411
1585020705862 0.00111292430665344 412
1585020740911 0.001649679383262992 413
1585020774338 0.0010818197624757886 414
1585020808864 0.001801264239475131 415
1585020842963 0.0009490700322203338 416
1585020876702 0.0011413556057959795 417
1585020910323 0.0009900957811623812 418
1585020943981 0.0016802564496174455 419
1585020977620 0.0017144435551017523 420
1585021011366 0.0025787954218685627 421
1585021046382 0.001321715535596013 422
1585021080386 0.0021278250496834517 423
1585021114117 0.0007491812575608492 424
1585021147616 0.0019782050512731075 425
1585021181189 0.00115780730266124 426
1585021214452 0.0017007135320454836 427
1585021248769 0.001534602022729814 428
1585021282383 0.0021579358726739883 429
1585021316084 0.001007606042549014 430
1585021349610 0.0012951998505741358 431
1585021383592 0.000491006881929934 432
1585021417007 0.0015761699760332704 433
1585021450471 0.0010052811121568084 434
1585021484219 0.0011046519502997398 435
1585021519309 0.0013000213075429201 436
1585021554104 0.0022670654579997063 437
1585021587714 0.0015246137045323849 438
1585021621052 0.0017380504868924618 439
1585021654450 0.0017403527162969112 440
1585021688377 0.0009329385356977582 441
1585021721751 0.0010787361534312367 442
1585021756088 0.0011725459480658174 443
1585021789955 0.0020465468987822533 444
1585021824303 0.0011836672201752663 445
1585021858353 0.0012351073091849685 446
1585021892278 0.0007882745121605694 447
1585021926285 0.0007509202696382999 448
1585021959933 0.0013369633816182613 449
1585021993389 0.0015185123775154352 450
1585022027170 0.0013831519754603505 451
1585022060780 0.0011041249381378293 452
1585022094892 0.0012073952239006758 453
1585022128590 0.0022790455259382725 454
1585022162530 0.001039189868606627 455
1585022196280 0.002090069931000471 456
1585022229938 0.0013622124679386616 457
1585022263444 0.0016274270601570606 458
1585022297144 0.0009581221966072917 459
1585022330669 0.0016692000208422542 460
1585022364628 0.0008527182508260012 461
1585022398550 0.0016362274764105678 462
1585022432278 0.0007967071142047644 463
1585022465731 0.0009460457367822528 464
1585022499152 0.0006330487667582929 465
1585022532993 0.001738196355290711 466
1585022566862 0.0005907939630560577 467
1585022600592 0.0011872965842485428 468
1585022634117 0.0016407730290666223 469
1585022668030 0.0011519573163241148 470
1585022701660 0.0013118567876517773 471
1585022735488 0.0011921282857656479 472
1585022768983 0.000960234203375876 473
1585022802742 0.0013764766044914722 474
1585022836304 0.0014822923112660646 475
1585022870125 0.001400295179337263 476
1585022904189 0.0013123246608301997 477
1585022938407 0.0015458097914233804 478
1585022972005 0.001616789260879159 479
1585023005875 0.0013197311200201511 480
1585023039698 0.001894635846838355 481
1585023073686 0.0013805627822875977 482
1585023107425 0.0019020776962861419 483
1585023141811 0.0034623006358742714 484
1585023175232 0.0009787355083972216 485
1585023208650 0.0008032514015212655 486
1585023242424 0.0014348968397825956 487
1585023276166 0.0014152710791677237 488
1585023310113 0.001175571233034134 489
1585023343518 0.0014024657430127263 490
1585023377938 0.0015912270173430443 491
1585023411719 0.0013761986047029495 492
1585023445561 0.0010295321699231863 493
1585023479852 0.0009070844389498234 494
1585023513600 0.0015928216744214296 495
1585023547245 0.0010438261087983847 496
1585023580822 0.0009360938565805554 497
1585023615317 0.0010675672674551606 498
1585023648453 0.0010812360560521483 499
1585023682496 0.0014937531668692827 500
