1585007016946 0.8410864472389221 0
1585007049632 0.7485034465789795 1
1585007082865 0.6988341808319092 2
1585007115526 0.6704403162002563 3
1585007148450 0.6592077016830444 4
1585007181135 0.6460015773773193 5
1585007213709 0.626613199710846 6
1585007246879 0.5985516309738159 7
1585007279766 0.5827245116233826 8
1585007312535 0.5591520071029663 9
1585007345358 0.5393596291542053 10
1585007378222 0.5229038000106812 11
1585007410932 0.5070202946662903 12
1585007443833 0.49263715744018555 13
1585007476884 0.4787532687187195 14
1585007509633 0.4675300717353821 15
1585007542127 0.45707595348358154 16
1585007574874 0.44589585065841675 17
1585007607842 0.43580299615859985 18
1585007640468 0.4253268837928772 19
1585007673100 0.4167163372039795 20
1585007705673 0.4095993936061859 21
1585007738501 0.40699273347854614 22
1585007770959 0.3964177370071411 23
1585007803885 0.3911179304122925 24
1585007836605 0.38429024815559387 25
1585007869435 0.37933793663978577 26
1585007902374 0.37556585669517517 27
1585007935846 0.3716101348400116 28
1585007968515 0.366566002368927 29
1585008001409 0.3641359210014343 30
1585008034179 0.35887134075164795 31
1585008067012 0.35753658413887024 32
1585008099844 0.3474116623401642 33
1585008133037 0.34373414516448975 34
1585008166151 0.34141698479652405 35
1585008198921 0.33878082036972046 36
1585008231524 0.3316826820373535 37
1585008264436 0.32732701301574707 38
1585008297510 0.32511427998542786 39
1585008330891 0.3260672688484192 40
1585008363730 0.31992655992507935 41
1585008396634 0.3210417628288269 42
1585008429251 0.3217241168022156 43
1585008461681 0.3142537474632263 44
1585008494678 0.31994667649269104 45
1585008527192 0.3164023160934448 46
1585008559759 0.3162965476512909 47
1585008592868 0.31024158000946045 48
1585008625540 0.3132306635379791 49
1585008658327 0.31345927715301514 50
1585008690974 0.30657219886779785 51
1585008724268 0.31031548976898193 52
1585008756977 0.3070143461227417 53
1585008790006 0.307935893535614 54
1585008822571 0.30907320976257324 55
1585008855307 0.3084962069988251 56
1585008888649 0.3064604699611664 57
1585008921526 0.31163290143013 58
1585008954554 0.3078623116016388 59
1585008988680 0.3080325424671173 60
1585009021626 0.30593255162239075 61
1585009054315 0.30680790543556213 62
1585009087432 0.311048686504364 63
1585009119975 0.3056086301803589 64
1585009152938 0.3040454089641571 65
1585009185976 0.3103575110435486 66
1585009218751 0.3065464198589325 67
1585009251767 0.305370569229126 68
1585009286576 0.3047141432762146 69
1585009319493 0.3071235418319702 70
1585009352359 0.3036404252052307 71
1585009385216 0.31076595187187195 72
1585009418050 0.3060096800327301 73
1585009450812 0.3052200376987457 74
1585009483486 0.30333805084228516 75
1585009515994 0.3074708878993988 76
1585009548838 0.30894649028778076 77
1585009581891 0.30727940797805786 78
1585009615134 0.30711185932159424 79
1585009648062 0.3041737973690033 80
1585009680924 0.31054651737213135 81
1585009713824 0.306557297706604 82
1585009746882 0.31706351041793823 83
1585009779676 0.3126697242259979 84
1585009812397 0.3110806941986084 85
1585009846119 0.30482321977615356 86
1585009879031 0.3102093040943146 87
1585009911666 0.30847421288490295 88
1585009943990 0.3117787837982178 89
1585009976959 0.3117089867591858 90
1585010010514 0.3167397081851959 91
1585010043379 0.31588172912597656 92
1585010076014 0.3123587965965271 93
1585010109178 0.3199446201324463 94
1585010142085 0.3166276216506958 95
1585010174982 0.32437682151794434 96
1585010207799 0.31730303168296814 97
1585010240533 0.32322758436203003 98
1585010273113 0.3295794725418091 99
1585010305746 0.32642418146133423 100
1585010338279 0.32731926441192627 101
1585010370820 0.33070552349090576 102
1585010403458 0.3374987244606018 103
1585010436454 0.33017730712890625 104
1585010469166 0.33263126015663147 105
1585010501861 0.33288753032684326 106
1585010534348 0.3372327387332916 107
1585010567037 0.33560097217559814 108
1585010599553 0.3373837172985077 109
1585010632158 0.3368310034275055 110
1585010664861 0.3378250002861023 111
1585010697576 0.3369351029396057 112
1585010730189 0.3405619263648987 113
1585010762870 0.3338838219642639 114
1585010797532 0.3371680974960327 115
1585010830271 0.33535143733024597 116
1585010862722 0.33494094014167786 117
1585010895361 0.3404069244861603 118
1585010927789 0.33290714025497437 119
1585010960430 0.33071112632751465 120
1585010993276 0.3343047499656677 121
1585011026350 0.33618128299713135 122
1585011059389 0.33183425664901733 123
1585011092496 0.3275778293609619 124
1585011125257 0.33579882979393005 125
1585011158474 0.32902491092681885 126
1585011191235 0.33000287413597107 127
1585011224425 0.3301229476928711 128
1585011258403 0.32639098167419434 129
1585011290863 0.3306238055229187 130
1585011323468 0.32559216022491455 131
1585011356298 0.3295285105705261 132
1585011388997 0.334308385848999 133
1585011421629 0.3343556523323059 134
1585011454670 0.32740092277526855 135
1585011487397 0.3266800045967102 136
1585011519860 0.328230082988739 137
1585011552542 0.3277081847190857 138
1585011585105 0.3306765556335449 139
1585011618187 0.3269225060939789 140
1585011650820 0.33097338676452637 141
1585011684398 0.3250066041946411 142
1585011718030 0.3236079216003418 143
1585011750871 0.32532864809036255 144
1585011783987 0.32511448860168457 145
1585011816599 0.32468780875205994 146
1585011849584 0.32732272148132324 147
1585011882187 0.32214534282684326 148
1585011915226 0.3302021324634552 149
1585011948379 0.3292153775691986 150
1585011981267 0.32330572605133057 151
1585012013943 0.32499587535858154 152
1585012046861 0.3272029161453247 153
1585012079744 0.3249872326850891 154
1585012112425 0.32738202810287476 155
1585012145071 0.328041672706604 156
1585012177565 0.32480931282043457 157
1585012210109 0.32712793350219727 158
1585012242944 0.32373785972595215 159
1585012275812 0.3248771131038666 160
1585012308457 0.3294573128223419 161
1585012342559 0.33119726181030273 162
1585012375616 0.3323420286178589 163
1585012408425 0.32497644424438477 164
1585012441161 0.3263240158557892 165
1585012474319 0.3292970061302185 166
1585012507461 0.3275907039642334 167
1585012540134 0.3353247046470642 168
1585012573283 0.3337174355983734 169
1585012606192 0.3285408616065979 170
1585012639028 0.32909685373306274 171
1585012671682 0.3324158191680908 172
1585012707008 0.3319697380065918 173
1585012740338 0.33020803332328796 174
1585012773224 0.32371437549591064 175
1585012806132 0.32739222049713135 176
1585012838993 0.3309755325317383 177
1585012873207 0.32560035586357117 178
1585012906144 0.3215295672416687 179
1585012939206 0.3274739384651184 180
1585012972154 0.3224400281906128 181
1585013005084 0.32251933217048645 182
1585013037868 0.32809320092201233 183
1585013070495 0.3244866132736206 184
1585013103297 0.32935622334480286 185
1585013136232 0.327620267868042 186
1585013169148 0.3255262076854706 187
1585013201894 0.32442939281463623 188
1585013234589 0.3236868381500244 189
1585013267762 0.3329617977142334 190
1585013300738 0.32532578706741333 191
1585013333553 0.33169257640838623 192
1585013366443 0.3224826455116272 193
1585013399225 0.3235568404197693 194
1585013431937 0.3250027596950531 195
1585013464540 0.32549813389778137 196
1585013498230 0.3302682638168335 197
1585013530740 0.32354241609573364 198
1585013563373 0.32128071784973145 199
1585013596110 0.3262220025062561 200
1585013628789 0.32534268498420715 201
1585013661382 0.32848966121673584 202
1585013694282 0.3229407072067261 203
1585013727175 0.3184854984283447 204
1585013759814 0.32151132822036743 205
1585013792813 0.32522183656692505 206
1585013825367 0.32566410303115845 207
1585013858591 0.32570400834083557 208
1585013891593 0.32496321201324463 209
1585013924446 0.32595711946487427 210
1585013957297 0.3204708695411682 211
1585013989825 0.32164236903190613 212
1585014022469 0.33200564980506897 213
1585014055273 0.3282431960105896 214
1585014088359 0.3203958570957184 215
1585014121049 0.3259326219558716 216
1585014153880 0.3224535286426544 217
1585014187156 0.3254968822002411 218
1585014219658 0.3194423317909241 219
1585014252379 0.3256552815437317 220
1585014285649 0.32479241490364075 221
1585014318088 0.3201867640018463 222
1585014352111 0.32943853735923767 223
1585014385132 0.3238171935081482 224
1585014417622 0.3250541388988495 225
1585014450333 0.32487934827804565 226
1585014483066 0.3280329704284668 227
1585014515642 0.3270688056945801 228
1585014547942 0.32694563269615173 229
1585014580624 0.3250342011451721 230
1585014612952 0.3217693865299225 231
1585014645907 0.32538115978240967 232
1585014679652 0.3224637806415558 233
1585014712711 0.32151034474372864 234
1585014745693 0.3212135434150696 235
1585014778534 0.3265193700790405 236
1585014811333 0.3224233388900757 237
1585014844420 0.324810266494751 238
1585014877331 0.3267589807510376 239
1585014910334 0.32468700408935547 240
1585014943156 0.322654664516449 241
1585014976355 0.32026129961013794 242
1585015009045 0.321977436542511 243
1585015042058 0.32008641958236694 244
1585015075104 0.32750919461250305 245
1585015107620 0.3224780559539795 246
1585015140651 0.32025665044784546 247
1585015173187 0.3183683753013611 248
1585015206424 0.3247770667076111 249
1585015239341 0.32399782538414 250
1585015272110 0.3222213089466095 251
1585015305231 0.32490038871765137 252
1585015338023 0.3272925615310669 253
1585015370988 0.32387953996658325 254
1585015403684 0.3207830488681793 255
1585015436502 0.3230924606323242 256
1585015469187 0.3229549527168274 257
1585015502340 0.3297250270843506 258
1585015536262 0.3255377411842346 259
1585015569669 0.32574987411499023 260
1585015603081 0.3266511559486389 261
1585015636663 0.3235973119735718 262
1585015670277 0.31528398394584656 263
1585015703575 0.3225623369216919 264
1585015737011 0.32187193632125854 265
1585015770511 0.3186239004135132 266
1585015803829 0.3182670772075653 267
1585015837461 0.3269282281398773 268
1585015872334 0.3235247731208801 269
1585015905656 0.32159650325775146 270
1585015938475 0.3280659317970276 271
1585015971781 0.32696616649627686 272
1585016005331 0.32135799527168274 273
1585016038573 0.33014437556266785 274
1585016072981 0.3215596079826355 275
1585016107368 0.3253735899925232 276
1585016140742 0.32249969244003296 277
1585016175794 0.32819807529449463 278
1585016209578 0.32397857308387756 279
1585016244451 0.3228616714477539 280
1585016278335 0.3258506953716278 281
1585016313029 0.3236324191093445 282
1585016346536 0.32296043634414673 283
1585016379973 0.3175159990787506 284
1585016413833 0.31971287727355957 285
1585016447369 0.31868261098861694 286
1585016481004 0.31952765583992004 287
1585016515245 0.3228878378868103 288
1585016549118 0.3175150752067566 289
1585016582692 0.3156411051750183 290
1585016616158 0.3202434182167053 291
1585016649599 0.32230353355407715 292
1585016683031 0.3232925832271576 293
1585016717833 0.3249039649963379 294
1585016751451 0.3193292021751404 295
1585016785145 0.31972169876098633 296
1585016818500 0.31950366497039795 297
1585016852408 0.31992045044898987 298
1585016886075 0.3293720781803131 299
1585016920049 0.32423174381256104 300
1585016954434 0.31784093379974365 301
1585016988212 0.32098376750946045 302
1585017021708 0.32148733735084534 303
1585017055917 0.324747771024704 304
1585017089503 0.3197340965270996 305
1585017124111 0.3199491798877716 306
1585017157534 0.3173006474971771 307
1585017191315 0.3207692503929138 308
1585017224879 0.3213977813720703 309
1585017258402 0.32316356897354126 310
1585017292096 0.31410253047943115 311
1585017325872 0.3206002116203308 312
1585017359716 0.3218206763267517 313
1585017393133 0.3166173994541168 314
1585017426856 0.31415247917175293 315
1585017460415 0.3182101547718048 316
1585017494054 0.31868618726730347 317
1585017528134 0.3235843777656555 318
1585017561660 0.3239126205444336 319
1585017597087 0.3201232850551605 320
1585017630653 0.3210441768169403 321
1585017664571 0.32066839933395386 322
1585017698717 0.31778615713119507 323
1585017732335 0.3209061920642853 324
1585017766188 0.3224691152572632 325
1585017800073 0.3196380138397217 326
1585017833485 0.31617867946624756 327
1585017867365 0.31866973638534546 328
1585017901023 0.32288894057273865 329
1585017934640 0.32149791717529297 330
1585017968214 0.31849679350852966 331
1585018001834 0.32219552993774414 332
1585018035663 0.3149912655353546 333
1585018069564 0.3196372985839844 334
1585018103315 0.31476426124572754 335
1585018137001 0.32355254888534546 336
1585018170679 0.3213885426521301 337
1585018204773 0.32609817385673523 338
1585018238604 0.31772756576538086 339
1585018271910 0.3199154734611511 340
1585018305512 0.3177657425403595 341
1585018339537 0.3191019296646118 342
1585018373188 0.31769418716430664 343
1585018408139 0.3217204511165619 344
1585018441893 0.32379817962646484 345
1585018475987 0.3225477635860443 346
1585018510048 0.318598210811615 347
1585018543619 0.32064446806907654 348
1585018577408 0.317308247089386 349
1585018611335 0.31413862109184265 350
1585018645528 0.31231439113616943 351
1585018678904 0.3217916786670685 352
1585018712496 0.31956133246421814 353
1585018746317 0.3213994801044464 354
1585018779906 0.3157547116279602 355
1585018814056 0.32087773084640503 356
1585018848200 0.3153473436832428 357
1585018881809 0.32242465019226074 358
1585018915687 0.3168686032295227 359
1585018949654 0.31911322474479675 360
1585018983483 0.32166731357574463 361
1585019017417 0.3168123662471771 362
1585019050841 0.32341158390045166 363
1585019084363 0.3146928548812866 364
1585019117968 0.32299917936325073 365
1585019151786 0.321980357170105 366
1585019185788 0.31793123483657837 367
1585019220229 0.32310014963150024 368
1585019254253 0.32154321670532227 369
1585019287623 0.3207041919231415 370
1585019321324 0.3095599412918091 371
1585019354912 0.3247741162776947 372
1585019388628 0.3129497170448303 373
1585019422327 0.31829142570495605 374
1585019456283 0.3185565769672394 375
1585019489945 0.3254684507846832 376
1585019523659 0.3202511668205261 377
1585019557716 0.3228317201137543 378
1585019591350 0.31993451714515686 379
1585019624819 0.3207389712333679 380
1585019658439 0.3237486481666565 381
1585019692256 0.31567975878715515 382
1585019725900 0.3165550231933594 383
1585019759939 0.31362926959991455 384
1585019793518 0.3209896683692932 385
1585019827086 0.3179512619972229 386
1585019861399 0.32023680210113525 387
1585019895200 0.3174138069152832 388
1585019929046 0.3170374929904938 389
1585019962681 0.3174373209476471 390
1585019996601 0.32270485162734985 391
1585020030243 0.32219332456588745 392
1585020063996 0.3145716190338135 393
1585020097763 0.32238465547561646 394
1585020131391 0.3142704665660858 395
1585020165025 0.31472671031951904 396
1585020199204 0.3199237883090973 397
1585020232938 0.3253158926963806 398
1585020266690 0.3191038966178894 399
1585020300415 0.321755051612854 400
1585020334283 0.3159412741661072 401
1585020368338 0.31831198930740356 402
1585020401705 0.31992828845977783 403
1585020435355 0.31457269191741943 404
1585020469039 0.32227784395217896 405
1585020502455 0.32065367698669434 406
1585020536061 0.31876808404922485 407
1585020569629 0.32754087448120117 408
1585020603278 0.3191205859184265 409
1585020637234 0.31371554732322693 410
1585020671114 0.31342214345932007 411
1585020705862 0.31920623779296875 412
1585020740911 0.32352960109710693 413
1585020774338 0.31496191024780273 414
1585020808864 0.319148451089859 415
1585020842963 0.31994128227233887 416
1585020876702 0.3240375518798828 417
1585020910323 0.32055339217185974 418
1585020943981 0.3198104500770569 419
1585020977620 0.32318198680877686 420
1585021011366 0.31393131613731384 421
1585021046382 0.3134751319885254 422
1585021080386 0.3105928301811218 423
1585021114117 0.3180370330810547 424
1585021147616 0.316134512424469 425
1585021181189 0.31503307819366455 426
1585021214452 0.3240605592727661 427
1585021248769 0.3115023970603943 428
1585021282383 0.31931060552597046 429
1585021316084 0.3157946467399597 430
1585021349610 0.3171761929988861 431
1585021383592 0.3223634660243988 432
1585021417007 0.3187321424484253 433
1585021450471 0.3207833468914032 434
1585021484219 0.3180655241012573 435
1585021519309 0.3159373998641968 436
1585021554104 0.3168324828147888 437
1585021587714 0.3181305229663849 438
1585021621052 0.3193761110305786 439
1585021654450 0.3168044984340668 440
1585021688377 0.32040736079216003 441
1585021721751 0.3163241446018219 442
1585021756088 0.32027849555015564 443
1585021789955 0.31746548414230347 444
1585021824303 0.31892138719558716 445
1585021858353 0.3225870132446289 446
1585021892278 0.3237631320953369 447
1585021926285 0.3184169828891754 448
1585021959933 0.31855064630508423 449
1585021993389 0.32554730772972107 450
1585022027170 0.31943321228027344 451
1585022060780 0.31883642077445984 452
1585022094892 0.3172137141227722 453
1585022128590 0.3258768320083618 454
1585022162530 0.31577181816101074 455
1585022196280 0.31558316946029663 456
1585022229938 0.31531256437301636 457
1585022263444 0.3173438310623169 458
1585022297144 0.3236861228942871 459
1585022330669 0.3219754695892334 460
1585022364628 0.3142053186893463 461
1585022398550 0.3203727602958679 462
1585022432278 0.32080379128456116 463
1585022465731 0.31154370307922363 464
1585022499152 0.3172215223312378 465
1585022532993 0.32752323150634766 466
1585022566862 0.3215458393096924 467
1585022600592 0.31907302141189575 468
1585022634117 0.3224378824234009 469
1585022668030 0.3216799795627594 470
1585022701660 0.3193783164024353 471
1585022735488 0.31522125005722046 472
1585022768983 0.31928205490112305 473
1585022802742 0.32023876905441284 474
1585022836304 0.3200460374355316 475
1585022870125 0.3145231008529663 476
1585022904189 0.31935185194015503 477
1585022938407 0.3223733901977539 478
1585022972005 0.3189700245857239 479
1585023005875 0.3243143856525421 480
1585023039698 0.3241652846336365 481
1585023073686 0.3253064453601837 482
1585023107425 0.329643577337265 483
1585023141811 0.32237690687179565 484
1585023175232 0.3239288032054901 485
1585023208650 0.31992921233177185 486
1585023242424 0.32378607988357544 487
1585023276166 0.320012629032135 488
1585023310113 0.3217496871948242 489
1585023343518 0.32564347982406616 490
1585023377938 0.3238959312438965 491
1585023411719 0.32030925154685974 492
1585023445561 0.32284820079803467 493
1585023479852 0.3248785138130188 494
1585023513600 0.33293700218200684 495
1585023547245 0.3196755647659302 496
1585023580822 0.322872519493103 497
1585023615317 0.3228822648525238 498
1585023648453 0.33191460371017456 499
1585023682496 0.3217933177947998 500
