1585007016946 0.30811119079589844 0
1585007049632 0.4412682056427002 1
1585007082865 0.6085289120674133 2
1585007115526 0.6736812591552734 3
1585007148450 0.67976313829422 4
1585007181135 0.6757315397262573 5
1585007213709 0.67746502161026 6
1585007246879 0.6831059455871582 7
1585007279766 0.6787254810333252 8
1585007312535 0.6789222955703735 9
1585007345358 0.6816486120223999 10
1585007378222 0.6809662580490112 11
1585007410932 0.6994398236274719 12
1585007443833 0.7092470526695251 13
1585007476884 0.7379134893417358 14
1585007509633 0.7605730295181274 15
1585007542127 0.7650623321533203 16
1585007574874 0.7844583988189697 17
1585007607842 0.7866083383560181 18
1585007640468 0.7940850257873535 19
1585007673100 0.7961211204528809 20
1585007705673 0.7872596979141235 21
1585007738501 0.772408664226532 22
1585007770959 0.7963371276855469 23
1585007803885 0.7827470898628235 24
1585007836605 0.790359616279602 25
1585007869435 0.7889187335968018 26
1585007902374 0.7940324544906616 27
1585007935846 0.7914628982543945 28
1585007968515 0.8084324598312378 29
1585008001409 0.8131023645401001 30
1585008034179 0.8211577534675598 31
1585008067012 0.825107753276825 32
1585008099844 0.8450677394866943 33
1585008133037 0.8438634276390076 34
1585008166151 0.8415824770927429 35
1585008198921 0.8463871479034424 36
1585008231524 0.8490391373634338 37
1585008264436 0.8589433431625366 38
1585008297510 0.8526802659034729 39
1585008330891 0.8553034067153931 40
1585008363730 0.8576799631118774 41
1585008396634 0.8593195080757141 42
1585008429251 0.8546537160873413 43
1585008461681 0.8654554486274719 44
1585008494678 0.8575739860534668 45
1585008527192 0.8561104536056519 46
1585008559759 0.8596524000167847 47
1585008592868 0.8639656901359558 48
1585008625540 0.859288215637207 49
1585008658327 0.8556220531463623 50
1585008690974 0.8669414520263672 51
1585008724268 0.8570802807807922 52
1585008756977 0.8679583072662354 53
1585008790006 0.8615628480911255 54
1585008822571 0.8578992486000061 55
1585008855307 0.8630144596099854 56
1585008888649 0.8642200827598572 57
1585008921526 0.8690798282623291 58
1585008954554 0.8636618852615356 59
1585008988680 0.8670555353164673 60
1585009021626 0.8660702109336853 61
1585009054315 0.8557243347167969 62
1585009087432 0.8619322776794434 63
1585009119975 0.8631665706634521 64
1585009152938 0.8604122996330261 65
1585009185976 0.8626621961593628 66
1585009218751 0.8646210432052612 67
1585009251767 0.8675664663314819 68
1585009286576 0.8635636568069458 69
1585009319493 0.8579698204994202 70
1585009352359 0.8601149320602417 71
1585009385216 0.8566662073135376 72
1585009418050 0.8701227903366089 73
1585009450812 0.8626410961151123 74
1585009483486 0.8648147583007812 75
1585009515994 0.8629345893859863 76
1585009548838 0.8599197268486023 77
1585009581891 0.8597585558891296 78
1585009615134 0.8559297919273376 79
1585009648062 0.8650246858596802 80
1585009680924 0.856168270111084 81
1585009713824 0.8572165966033936 82
1585009746882 0.8470613956451416 83
1585009779676 0.8520054221153259 84
1585009812397 0.8545002341270447 85
1585009846119 0.8646904826164246 86
1585009879031 0.8584572076797485 87
1585009911666 0.8601648807525635 88
1585009943990 0.8589592576026917 89
1585009976959 0.8578755259513855 90
1585010010514 0.8554162979125977 91
1585010043379 0.8545973300933838 92
1585010076014 0.8557175397872925 93
1585010109178 0.8547348976135254 94
1585010142085 0.851976752281189 95
1585010174982 0.8484324216842651 96
1585010207799 0.8521234393119812 97
1585010240533 0.8503021001815796 98
1585010273113 0.8504241108894348 99
1585010305746 0.8485950231552124 100
1585010338279 0.8485099077224731 101
1585010370820 0.8463331460952759 102
1585010403458 0.8443772196769714 103
1585010436454 0.8462640047073364 104
1585010469166 0.8477614521980286 105
1585010501861 0.8504687547683716 106
1585010534348 0.8473069667816162 107
1585010567037 0.8456519842147827 108
1585010599553 0.845015287399292 109
1585010632158 0.8474395275115967 110
1585010664861 0.8410606384277344 111
1585010697576 0.846418559551239 112
1585010730189 0.8416950106620789 113
1585010762870 0.8452470302581787 114
1585010797532 0.8423774242401123 115
1585010830271 0.8427339792251587 116
1585010862722 0.8458316326141357 117
1585010895361 0.8425977826118469 118
1585010927789 0.8500794768333435 119
1585010960430 0.8503180742263794 120
1585010993276 0.8443876504898071 121
1585011026350 0.8481927514076233 122
1585011059389 0.8443639278411865 123
1585011092496 0.8486511707305908 124
1585011125257 0.8495959639549255 125
1585011158474 0.8453611731529236 126
1585011191235 0.8480117917060852 127
1585011224425 0.8507190942764282 128
1585011258403 0.8511344194412231 129
1585011290863 0.8495959043502808 130
1585011323468 0.8500219583511353 131
1585011356298 0.85084468126297 132
1585011388997 0.8435018658638 133
1585011421629 0.8447821140289307 134
1585011454670 0.8510122299194336 135
1585011487397 0.8504005670547485 136
1585011519860 0.8463634252548218 137
1585011552542 0.8515405654907227 138
1585011585105 0.8477799892425537 139
1585011618187 0.8473056554794312 140
1585011650820 0.8447701930999756 141
1585011684398 0.8526201844215393 142
1585011718030 0.8536198139190674 143
1585011750871 0.8523460626602173 144
1585011783987 0.8473855257034302 145
1585011816599 0.8453783392906189 146
1585011849584 0.8498450517654419 147
1585011882187 0.8508015275001526 148
1585011915226 0.849860429763794 149
1585011948379 0.8498343229293823 150
1585011981267 0.8512730598449707 151
1585012013943 0.84801185131073 152
1585012046861 0.8474706411361694 153
1585012079744 0.8496770858764648 154
1585012112425 0.8509967923164368 155
1585012145071 0.8488203287124634 156
1585012177565 0.847718358039856 157
1585012210109 0.8470669984817505 158
1585012242944 0.8503992557525635 159
1585012275812 0.850388765335083 160
1585012308457 0.8494975566864014 161
1585012342559 0.8504843711853027 162
1585012375616 0.8442827463150024 163
1585012408425 0.8489813804626465 164
1585012441161 0.8460686206817627 165
1585012474319 0.8501397371292114 166
1585012507461 0.8470538854598999 167
1585012540134 0.8415887951850891 168
1585012573283 0.846641480922699 169
1585012606192 0.8492200374603271 170
1585012639028 0.8458773493766785 171
1585012671682 0.8468247652053833 172
1585012707008 0.8477351069450378 173
1585012740338 0.8485859036445618 174
1585012773224 0.8471654653549194 175
1585012806132 0.8465010523796082 176
1585012838993 0.8460266590118408 177
1585012873207 0.8496507406234741 178
1585012906144 0.8523149490356445 179
1585012939206 0.8471404314041138 180
1585012972154 0.852371096611023 181
1585013005084 0.8476239442825317 182
1585013037868 0.8455706238746643 183
1585013070495 0.8505144119262695 184
1585013103297 0.8472111225128174 185
1585013136232 0.8435987234115601 186
1585013169148 0.8544414043426514 187
1585013201894 0.8465286493301392 188
1585013234589 0.8489826917648315 189
1585013267762 0.8443351984024048 190
1585013300738 0.8503311276435852 191
1585013333553 0.8459612131118774 192
1585013366443 0.8502486944198608 193
1585013399225 0.8513309955596924 194
1585013431937 0.848861038684845 195
1585013464540 0.8469164371490479 196
1585013498230 0.849138617515564 197
1585013530740 0.8481259346008301 198
1585013563373 0.849953830242157 199
1585013596110 0.8458890914916992 200
1585013628789 0.8443247079849243 201
1585013661382 0.8529151678085327 202
1585013694282 0.8494176864624023 203
1585013727175 0.849454402923584 204
1585013759814 0.8549118638038635 205
1585013792813 0.8445448279380798 206
1585013825367 0.8473056554794312 207
1585013858591 0.8476095199584961 208
1585013891593 0.8474850058555603 209
1585013924446 0.843292236328125 210
1585013957297 0.8554673194885254 211
1585013989825 0.8505945205688477 212
1585014022469 0.8424116969108582 213
1585014055273 0.8467526435852051 214
1585014088359 0.8531494140625 215
1585014121049 0.846919059753418 216
1585014153880 0.8471811413764954 217
1585014187156 0.846017599105835 218
1585014219658 0.8498554229736328 219
1585014252379 0.8508707284927368 220
1585014285649 0.8454306125640869 221
1585014318088 0.8499418497085571 222
1585014352111 0.8445056676864624 223
1585014385132 0.8507083654403687 224
1585014417622 0.8535817861557007 225
1585014450333 0.8477784991264343 226
1585014483066 0.8444344401359558 227
1585014515642 0.8453794717788696 228
1585014547942 0.8468378186225891 229
1585014580624 0.8458877801895142 230
1585014612952 0.8485242128372192 231
1585014645907 0.8453311920166016 232
1585014679652 0.850345253944397 233
1585014712711 0.8488190174102783 234
1585014745693 0.8485976457595825 235
1585014778534 0.8524891138076782 236
1585014811333 0.8489120006561279 237
1585014844420 0.8491135835647583 238
1585014877331 0.8443140983581543 239
1585014910334 0.8432084321975708 240
1585014943156 0.8492474555969238 241
1585014976355 0.8520646095275879 242
1585015009045 0.8493772149085999 243
1585015042058 0.8449170589447021 244
1585015075104 0.8466268181800842 245
1585015107620 0.8464065790176392 246
1585015140651 0.8501371741294861 247
1585015173187 0.8500823378562927 248
1585015206424 0.848749577999115 249
1585015239341 0.8442119359970093 250
1585015272110 0.8505682349205017 251
1585015305231 0.8471521139144897 252
1585015338023 0.8413240313529968 253
1585015370988 0.8457765579223633 254
1585015403684 0.8514553308486938 255
1585015436502 0.8497912883758545 256
1585015469187 0.8475272059440613 257
1585015502340 0.847527027130127 258
1585015536262 0.8480014204978943 259
1585015569669 0.848056435585022 260
1585015603081 0.8439065217971802 261
1585015636663 0.8504292964935303 262
1585015670277 0.8527446985244751 263
1585015703575 0.845838189125061 264
1585015737011 0.8464577198028564 265
1585015770511 0.8525940775871277 266
1585015803829 0.8530762195587158 267
1585015837461 0.8481415510177612 268
1585015872334 0.8483616709709167 269
1585015905656 0.8486931324005127 270
1585015938475 0.8466962575912476 271
1585015971781 0.8451108932495117 272
1585016005331 0.8509558439254761 273
1585016038573 0.8438646793365479 274
1585016072981 0.8500546813011169 275
1585016107368 0.8481954336166382 276
1585016140742 0.8496510982513428 277
1585016175794 0.846041202545166 278
1585016209578 0.8465272188186646 279
1585016244451 0.8522638082504272 280
1585016278335 0.8463621139526367 281
1585016313029 0.8466532230377197 282
1585016346536 0.8446247577667236 283
1585016379973 0.8470238447189331 284
1585016413833 0.8479844331741333 285
1585016447369 0.8509443998336792 286
1585016481004 0.846121072769165 287
1585016515245 0.8498777151107788 288
1585016549118 0.8485543727874756 289
1585016582692 0.8499562740325928 290
1585016616158 0.847525954246521 291
1585016649599 0.8492657542228699 292
1585016683031 0.8397926092147827 293
1585016717833 0.8469780087471008 294
1585016751451 0.8441845178604126 295
1585016785145 0.8488727807998657 296
1585016818500 0.8493602275848389 297
1585016852408 0.8495528697967529 298
1585016886075 0.8459650874137878 299
1585016920049 0.8477418422698975 300
1585016954434 0.8486524820327759 301
1585016988212 0.8488872051239014 302
1585017021708 0.8508419990539551 303
1585017055917 0.8453518152236938 304
1585017089503 0.8464158773422241 305
1585017124111 0.8441673517227173 306
1585017157534 0.8464842438697815 307
1585017191315 0.8528611660003662 308
1585017224879 0.848314642906189 309
1585017258402 0.8457096815109253 310
1585017292096 0.8493406176567078 311
1585017325872 0.8473213315010071 312
1585017359716 0.8513216972351074 313
1585017393133 0.8492461442947388 314
1585017426856 0.8510923385620117 315
1585017460415 0.8481387495994568 316
1585017494054 0.8471273183822632 317
1585017528134 0.8483486175537109 318
1585017561660 0.8427942991256714 319
1585017597087 0.8494453430175781 320
1585017630653 0.8479725122451782 321
1585017664571 0.8508763313293457 322
1585017698717 0.8428598642349243 323
1585017732335 0.8441688418388367 324
1585017766188 0.8465310335159302 325
1585017800073 0.8463754653930664 326
1585017833485 0.8485504388809204 327
1585017867365 0.8488937616348267 328
1585017901023 0.8499038219451904 329
1585017934640 0.8424654006958008 330
1585017968214 0.8511775732040405 331
1585018001834 0.8433762192726135 332
1585018035663 0.8488047122955322 333
1585018069564 0.8466412425041199 334
1585018103315 0.8492645025253296 335
1585018137001 0.8456113338470459 336
1585018170679 0.8490942716598511 337
1585018204773 0.8425335884094238 338
1585018238604 0.8445578813552856 339
1585018271910 0.8458327054977417 340
1585018305512 0.8500374555587769 341
1585018339537 0.8471116423606873 342
1585018373188 0.846513032913208 343
1585018408139 0.8407410979270935 344
1585018441893 0.8407425880432129 345
1585018475987 0.8360447883605957 346
1585018510048 0.8472191691398621 347
1585018543619 0.8431034684181213 348
1585018577408 0.8450139760971069 349
1585018611335 0.85630202293396 350
1585018645528 0.8480838537216187 351
1585018678904 0.8506246209144592 352
1585018712496 0.8481546640396118 353
1585018746317 0.8469203114509583 354
1585018779906 0.8463821411132812 355
1585018814056 0.8442133069038391 356
1585018848200 0.8527053594589233 357
1585018881809 0.8470579385757446 358
1585018915687 0.8456652760505676 359
1585018949654 0.8460308313369751 360
1585018983483 0.8444782495498657 361
1585019017417 0.8472779989242554 362
1585019050841 0.8437363505363464 363
1585019084363 0.8451215028762817 364
1585019117968 0.8436144590377808 365
1585019151786 0.8444466590881348 366
1585019185788 0.8412219285964966 367
1585019220229 0.8455199003219604 368
1585019254253 0.8474171161651611 369
1585019287623 0.844419002532959 370
1585019321324 0.8514239192008972 371
1585019354912 0.8472257852554321 372
1585019388628 0.8481326103210449 373
1585019422327 0.8490680456161499 374
1585019456283 0.8462796211242676 375
1585019489945 0.8418654799461365 376
1585019523659 0.8457465171813965 377
1585019557716 0.8454896211624146 378
1585019591350 0.8451985716819763 379
1585019624819 0.8455668687820435 380
1585019658439 0.8411144018173218 381
1585019692256 0.8494845628738403 382
1585019725900 0.8487770557403564 383
1585019759939 0.8494951725006104 384
1585019793518 0.837655246257782 385
1585019827086 0.8470816016197205 386
1585019861399 0.8477680683135986 387
1585019895200 0.8465968370437622 388
1585019929046 0.8496092557907104 389
1585019962681 0.8462638854980469 390
1585019996601 0.8461027145385742 391
1585020030243 0.8428768515586853 392
1585020063996 0.8470659255981445 393
1585020097763 0.8429883718490601 394
1585020131391 0.8470004200935364 395
1585020165025 0.8480381965637207 396
1585020199204 0.845308780670166 397
1585020232938 0.8392733335494995 398
1585020266690 0.845819890499115 399
1585020300415 0.8469727039337158 400
1585020334283 0.8478718400001526 401
1585020368338 0.8484874963760376 402
1585020401705 0.8518863916397095 403
1585020435355 0.8466688990592957 404
1585020469039 0.8502669334411621 405
1585020502455 0.8411496877670288 406
1585020536061 0.8450833559036255 407
1585020569629 0.837140679359436 408
1585020603278 0.8444913029670715 409
1585020637234 0.852552056312561 410
1585020671114 0.8515942096710205 411
1585020705862 0.8454869985580444 412
1585020740911 0.8453361988067627 413
1585020774338 0.8520395755767822 414
1585020808864 0.8460292816162109 415
1585020842963 0.8437665700912476 416
1585020876702 0.8369044065475464 417
1585020910323 0.8477957248687744 418
1585020943981 0.8431243896484375 419
1585020977620 0.8439905643463135 420
1585021011366 0.8564555644989014 421
1585021046382 0.8500100374221802 422
1585021080386 0.8502864837646484 423
1585021114117 0.8416138291358948 424
1585021147616 0.8436524868011475 425
1585021181189 0.8448747992515564 426
1585021214452 0.8428925275802612 427
1585021248769 0.8511921167373657 428
1585021282383 0.8418979048728943 429
1585021316084 0.8470829129219055 430
1585021349610 0.8469740748405457 431
1585021383592 0.8428361415863037 432
1585021417007 0.8432778120040894 433
1585021450471 0.8421834707260132 434
1585021484219 0.84842848777771 435
1585021519309 0.8477616906166077 436
1585021554104 0.8456243276596069 437
1585021587714 0.8477774262428284 438
1585021621052 0.8496012687683105 439
1585021654450 0.8477368354797363 440
1585021688377 0.848721981048584 441
1585021721751 0.844196081161499 442
1585021756088 0.8505828380584717 443
1585021789955 0.8486945033073425 444
1585021824303 0.8453165292739868 445
1585021858353 0.8485580086708069 446
1585021892278 0.8457123041152954 447
1585021926285 0.8461264371871948 448
1585021959933 0.8419046401977539 449
1585021993389 0.8429319262504578 450
1585022027170 0.8435490727424622 451
1585022060780 0.8462365865707397 452
1585022094892 0.8488739132881165 453
1585022128590 0.8404489159584045 454
1585022162530 0.8438740968704224 455
1585022196280 0.849134624004364 456
1585022229938 0.8473292589187622 457
1585022263444 0.8461655378341675 458
1585022297144 0.8409494161605835 459
1585022330669 0.8423777222633362 460
1585022364628 0.8476765751838684 461
1585022398550 0.8432909250259399 462
1585022432278 0.8447228670120239 463
1585022465731 0.8454960584640503 464
1585022499152 0.840873658657074 465
1585022532993 0.8397272825241089 466
1585022566862 0.8419098854064941 467
1585022600592 0.8410295248031616 468
1585022634117 0.8371077179908752 469
1585022668030 0.841472327709198 470
1585022701660 0.8398897051811218 471
1585022735488 0.8423987627029419 472
1585022768983 0.8376805782318115 473
1585022802742 0.8430011868476868 474
1585022836304 0.84056556224823 475
1585022870125 0.8467870950698853 476
1585022904189 0.8452666997909546 477
1585022938407 0.8339916467666626 478
1585022972005 0.8400530815124512 479
1585023005875 0.8395291566848755 480
1585023039698 0.8453623056411743 481
1585023073686 0.8329293131828308 482
1585023107425 0.8238706588745117 483
1585023141811 0.8305416703224182 484
1585023175232 0.8396824598312378 485
1585023208650 0.8436357975006104 486
1585023242424 0.8310438394546509 487
1585023276166 0.839181661605835 488
1585023310113 0.8353939056396484 489
1585023343518 0.8359875679016113 490
1585023377938 0.8378638029098511 491
1585023411719 0.8376517295837402 492
1585023445561 0.8327353000640869 493
1585023479852 0.8317801356315613 494
1585023513600 0.8283498287200928 495
1585023547245 0.8398737907409668 496
1585023580822 0.838944673538208 497
1585023615317 0.8340312838554382 498
1585023648453 0.8270578980445862 499
1585023682496 0.830950915813446 500
