1585090799544 0.03446386754512787 0
1585090832389 1.5641545057296753 1
1585090865022 0.9524533152580261 2
1585090897667 0.05481606721878052 3
1585090930443 0.007993766106665134 4
1585090963097 0.04063597694039345 5
1585090996543 0.008181614801287651 6
1585091029683 0.003566635074093938 7
1585091063111 0.0026290554087609053 8
1585091096384 0.006548293866217136 9
1585091129675 0.03161656856536865 10
1585091163378 0.010153291746973991 11
1585091196564 0.0018712979508563876 12
1585091229668 0.001999136060476303 13
1585091262758 0.0026152157224714756 14
1585091295946 0.009665909223258495 15
1585091329142 0.02959982492029667 16
1585091362399 0.014256760478019714 17
1585091395525 0.005295265465974808 18
1585091428694 0.003046374535188079 19
1585091461906 0.0019653323106467724 20
1585091494458 0.0023784982040524483 21
1585091527401 0.0014094681246206164 22
1585091560007 0.0013370717642828822 23
1585091592682 0.0031538265757262707 24
1585091626195 0.002994018839672208 25
1585091658964 0.002924136118963361 26
1585091691995 0.0038685265462845564 27
1585091724730 0.0019329014467075467 28
1585091757960 0.0013033532304689288 29
1585091791028 0.002119683427736163 30
1585091824216 0.004115717485547066 31
1585091858720 0.003271502675488591 32
1585091891805 0.003531909314915538 33
1585091925125 0.004374610260128975 34
1585091958222 0.003923911135643721 35
1585091991519 0.003749492345377803 36
1585092024991 0.004858752712607384 37
1585092058198 0.005042798351496458 38
1585092091719 0.004580354783684015 39
1585092124966 0.0036867940798401833 40
1585092158381 0.0030033625662326813 41
1585092191511 0.004074969328939915 42
1585092224916 0.004771206062287092 43
1585092258119 0.005472587887197733 44
1585092291681 0.004946730099618435 45
1585092325323 0.005114426836371422 46
1585092358777 0.003928633872419596 47
1585092393230 0.004897823557257652 48
1585092426532 0.005149609409272671 49
1585092459544 0.0045151920057833195 50
1585092492823 0.005285415332764387 51
1585092528285 0.004663042724132538 52
1585092561440 0.004902211017906666 53
1585092594621 0.0059014130383729935 54
1585092628443 0.005319881718605757 55
1585092662257 0.00571287889033556 56
1585092695598 0.006446607410907745 57
1585092729057 0.00608557416126132 58
1585092762363 0.005689921323210001 59
1585092795683 0.00606193020939827 60
1585092829042 0.005659686401486397 61
1585092862580 0.0051432945765554905 62
1585092895703 0.006816498469561338 63
1585092929024 0.005901199299842119 64
1585092962645 0.005876271985471249 65
1585092996382 0.006878523621708155 66
1585093029978 0.006381799932569265 67
1585093063172 0.0068869865499436855 68
1585093096286 0.006457278970628977 69
1585093129444 0.005814311560243368 70
1585093162699 0.006678451783955097 71
1585093196790 0.005738242529332638 72
1585093229943 0.006206762511283159 73
1585093263226 0.0061487192288041115 74
1585093296499 0.006524344906210899 75
1585093329760 0.0066606272011995316 76
1585093364433 0.007233370561152697 77
1585093397839 0.006434602662920952 78
1585093431220 0.007170671597123146 79
1585093464378 0.006602381356060505 80
1585093497635 0.00627747131511569 81
1585093531611 0.004751803353428841 82
1585093565530 0.007008851505815983 83
1585093599887 0.006304810289293528 84
1585093632837 0.006677866913378239 85
1585093665997 0.006350187584757805 86
1585093699302 0.00641660438850522 87
1585093732358 0.007659869268536568 88
1585093766112 0.006806206423789263 89
1585093799393 0.007627679966390133 90
1585093832625 0.007752262055873871 91
1585093866506 0.00688980333507061 92
1585093899805 0.007191081997007132 93
1585093933007 0.007104525342583656 94
1585093966180 0.007016906514763832 95
1585093999567 0.006936628371477127 96
1585094032645 0.007979541085660458 97
1585094066037 0.006519482936710119 98
1585094099171 0.0069006080739200115 99
1585094132203 0.007434733211994171 100
1585094166114 0.007398200687021017 101
1585094199460 0.008031480014324188 102
1585094233076 0.007413885090500116 103
1585094266002 0.006940980441868305 104
1585094299174 0.007596008479595184 105
1585094332340 0.006330067757517099 106
1585094365536 0.005714245606213808 107
1585094398900 0.006927636452019215 108
1585094432882 0.006775478832423687 109
1585094466123 0.007428387645632029 110
1585094500018 0.007751775439828634 111
1585094534114 0.007900928147137165 112
1585094567240 0.007010588888078928 113
1585094600287 0.007080325856804848 114
1585094634022 0.007485108450055122 115
1585094667673 0.006387752015143633 116
1585094700888 0.006659769453108311 117
1585094734731 0.006449344102293253 118
1585094768132 0.006775309331715107 119
1585094802036 0.006880476605147123 120
1585094835307 0.007086171768605709 121
1585094868877 0.0066139274276793 122
1585094902673 0.00701349088922143 123
1585094935881 0.007041477598249912 124
1585094969371 0.006186129990965128 125
1585095002682 0.007080370560288429 126
1585095036223 0.006317335646599531 127
1585095069563 0.006264130584895611 128
1585095102807 0.007485086563974619 129
1585095136397 0.006559627130627632 130
1585095169926 0.005266312509775162 131
1585095203337 0.00615575909614563 132
1585095236615 0.005874229595065117 133
1585095269645 0.006240146234631538 134
1585095303056 0.0068529751151800156 135
1585095337459 0.006549334619194269 136
1585095370778 0.006385277956724167 137
1585095404165 0.005592460744082928 138
1585095437649 0.00660680839791894 139
1585095472162 0.006483167409896851 140
1585095505607 0.006257292814552784 141
1585095539502 0.007029622793197632 142
1585095572881 0.006096437573432922 143
1585095606685 0.005775186233222485 144
1585095640343 0.005966308061033487 145
1585095673510 0.0069298031739890575 146
1585095706394 0.006263286340981722 147
1585095739664 0.007015766575932503 148
1585095773576 0.007546081207692623 149
1585095806794 0.006576350424438715 150
1585095840189 0.006591463927179575 151
1585095873699 0.0067612286657094955 152
1585095906976 0.006311158183962107 153
1585095940086 0.006530574057251215 154
1585095973135 0.00703748082742095 155
1585096006388 0.006475763861089945 156
1585096039613 0.006266018841415644 157
1585096072862 0.007013140711933374 158
1585096106218 0.0063450695015490055 159
1585096139665 0.006599677260965109 160
1585096173484 0.007187590003013611 161
1585096206555 0.0067825899459421635 162
1585096239721 0.006014937534928322 163
1585096272793 0.005901407450437546 164
1585096306224 0.0065410989336669445 165
1585096340552 0.0059156459756195545 166
1585096373836 0.006103741470724344 167
1585096407077 0.006090330891311169 168
1585096440250 0.006254822015762329 169
1585096473998 0.0062421527691185474 170
1585096507842 0.0065203518606722355 171
1585096541329 0.0065249246545135975 172
1585096574800 0.006532963365316391 173
1585096608258 0.005856358911842108 174
1585096641755 0.006660930812358856 175
1585096675016 0.00635277945548296 176
1585096708264 0.005577540025115013 177
1585096741591 0.005894387606531382 178
1585096774715 0.005991771817207336 179
1585096808243 0.006464379373937845 180
1585096841535 0.005763305351138115 181
1585096874578 0.006557168904691935 182
1585096907738 0.0050940667279064655 183
1585096940887 0.0055620246566832066 184
1585096974259 0.005635547451674938 185
1585097007413 0.006685405503958464 186
1585097040619 0.00611409405246377 187
1585097073697 0.00582458870485425 188
1585097107022 0.00627329433336854 189
1585097140347 0.005465483758598566 190
1585097173736 0.006030612159520388 191
1585097206889 0.005843989551067352 192
1585097240048 0.005333669949322939 193
1585097273481 0.00645752577111125 194
1585097307064 0.006680595222860575 195
1585097340053 0.005721355322748423 196
1585097373459 0.005040759686380625 197
1585097406928 0.0055517652072012424 198
1585097440594 0.005918704438954592 199
1585097473603 0.005635995417833328 200
1585097506931 0.006509594153612852 201
1585097540207 0.006166018545627594 202
1585097573810 0.005781038198620081 203
1585097607503 0.005910445470362902 204
1585097640429 0.0062813120894134045 205
1585097673555 0.0055944728665053844 206
1585097706895 0.0062323384918272495 207
1585097740282 0.0060345628298819065 208
1585097774522 0.006239334587007761 209
1585097807650 0.005739232990890741 210
1585097841035 0.0060128760524094105 211
1585097877207 0.0051854741759598255 212
1585097910716 0.005764391273260117 213
1585097943881 0.0051147849299013615 214
1585097977136 0.00642917538061738 215
1585098010385 0.005912488792091608 216
1585098043922 0.005280838347971439 217
1585098077750 0.005456969607621431 218
1585098111289 0.005999519024044275 219
1585098144776 0.00462127011269331 220
1585098178189 0.005646141711622477 221
1585098211986 0.005595535971224308 222
1585098245760 0.005844085942953825 223
1585098278680 0.005409840494394302 224
1585098311813 0.004947609268128872 225
1585098346526 0.0056933872401714325 226
1585098379627 0.005450268276035786 227
1585098412898 0.005315511021763086 228
1585098446078 0.005389335099607706 229
1585098479393 0.004736720118671656 230
1585098512513 0.005986389704048634 231
1585098545858 0.004554831422865391 232
1585098579094 0.005629531107842922 233
1585098612664 0.0055353762581944466 234
1585098645811 0.0055686780251562595 235
1585098678892 0.0049199447967112064 236
1585098712031 0.005779776722192764 237
1585098745644 0.0057456581853330135 238
1585098780319 0.00587427755817771 239
1585098813490 0.005226749461144209 240
1585098846415 0.005499252583831549 241
1585098879861 0.005053328815847635 242
1585098913080 0.0055940113961696625 243
1585098946254 0.005351277533918619 244
1585098979551 0.005196085665374994 245
1585099012873 0.005472727119922638 246
1585099045973 0.005782866384834051 247
1585099079099 0.005978095345199108 248
1585099112439 0.005060975439846516 249
1585099145717 0.006340289954096079 250
1585099178857 0.00571153499186039 251
1585099212503 0.005194349680095911 252
1585099245775 0.00483407499268651 253
1585099278737 0.005017360206693411 254
1585099312228 0.005161347799003124 255
1585099346034 0.0055662645027041435 256
1585099379158 0.005699146538972855 257
1585099412546 0.004163951147347689 258
1585099446206 0.005430550314486027 259
1585099479421 0.005168141331523657 260
1585099512770 0.005536729469895363 261
1585099546109 0.004258600529283285 262
1585099579093 0.005770462565124035 263
1585099612185 0.00630565732717514 264
1585099645266 0.00539697939530015 265
1585099678616 0.004749228712171316 266
1585099711642 0.005499126855283976 267
1585099744900 0.005061099771410227 268
1585099777888 0.005144895985722542 269
1585099811019 0.005420992616564035 270
1585099844506 0.00528270797803998 271
1585099877899 0.004376365337520838 272
1585099911385 0.005436877720057964 273
1585099944585 0.005607642233371735 274
1585099977976 0.00521474564447999 275
1585100011299 0.005038215313106775 276
1585100044680 0.005136194638907909 277
1585100078091 0.004946073982864618 278
1585100111234 0.005422887392342091 279
1585100144447 0.004932228941470385 280
1585100177544 0.005854251328855753 281
1585100211068 0.005511289928108454 282
1585100244581 0.004615976940840483 283
1585100277855 0.0054808249697089195 284
1585100311103 0.00550068961456418 285
1585100344311 0.004717536270618439 286
1585100377434 0.005033665336668491 287
1585100411040 0.004799345973879099 288
1585100444996 0.0052704112604260445 289
1585100477948 0.0053829289972782135 290
1585100511735 0.004496993962675333 291
1585100544797 0.005186780355870724 292
1585100579334 0.0043636891059577465 293
1585100612431 0.005406242795288563 294
1585100646000 0.005212125834077597 295
1585100679566 0.005029552616178989 296
1585100713046 0.005149638745933771 297
1585100746476 0.005228182766586542 298
1585100779760 0.005274259019643068 299
1585100813104 0.0052729821763932705 300
1585100846416 0.005262002348899841 301
1585100879927 0.004480276256799698 302
1585100913980 0.005553038790822029 303
1585100947275 0.005272449925541878 304
1585100980649 0.005321076605468988 305
1585101013971 0.004618897568434477 306
1585101047110 0.004406077321618795 307
1585101080283 0.004574875347316265 308
1585101113489 0.0048184022307395935 309
1585101146589 0.0049190158024430275 310
1585101179984 0.0052528684027493 311
1585101213656 0.0048337895423173904 312
1585101246870 0.005166315007954836 313
1585101280275 0.005005986895412207 314
1585101313358 0.0054140291176736355 315
1585101347210 0.005316133610904217 316
1585101380437 0.004778552334755659 317
1585101413711 0.004690820816904306 318
1585101446957 0.004050749354064465 319
1585101480510 0.005169804207980633 320
1585101513656 0.005396742839366198 321
1585101547092 0.005658503156155348 322
1585101580481 0.0044835712760686874 323
1585101613741 0.005150031764060259 324
1585101647048 0.0039055836386978626 325
1585101680255 0.005054144654422998 326
1585101713284 0.005034019239246845 327
1585101746542 0.004878743086010218 328
1585101779990 0.004667641129344702 329
1585101813642 0.004672531969845295 330
1585101846940 0.004590360913425684 331
1585101880654 0.004705944564193487 332
1585101913737 0.004471051041036844 333
1585101947116 0.004870973527431488 334
1585101980636 0.00489789480343461 335
1585102013929 0.0038025155663490295 336
1585102048067 0.004386082291603088 337
1585102081189 0.004154277499765158 338
1585102114723 0.004002444911748171 339
1585102147888 0.004476630594581366 340
1585102181110 0.0039168731309473515 341
1585102214251 0.004954966716468334 342
1585102247491 0.004593260586261749 343
1585102280621 0.00436806958168745 344
1585102313974 0.0046770921908319 345
1585102347387 0.00422766525298357 346
1585102380868 0.004473316483199596 347
1585102414169 0.00392801221460104 348
1585102447727 0.004528933670371771 349
1585102480975 0.00425895256921649 350
1585102514186 0.004679590929299593 351
1585102547791 0.004665245767682791 352
1585102581060 0.004514992702752352 353
1585102615249 0.005239838734269142 354
1585102648504 0.0044478485360741615 355
1585102681954 0.004290957003831863 356
1585102715025 0.0047439755871891975 357
1585102748037 0.0050394111312925816 358
1585102781661 0.004499390721321106 359
1585102814830 0.005195483099669218 360
1585102849124 0.00450820941478014 361
1585102882548 0.005199384409934282 362
1585102915611 0.0047698551788926125 363
1585102948952 0.004718858748674393 364
1585102982638 0.004360986407846212 365
1585103016038 0.004159878008067608 366
1585103049188 0.0045414636842906475 367
1585103082766 0.004977087955921888 368
1585103115772 0.004679597448557615 369
1585103149296 0.004565144423395395 370
1585103182710 0.004797244444489479 371
1585103216753 0.004467082675546408 372
1585103249991 0.004650144837796688 373
1585103283239 0.004490633960813284 374
1585103316544 0.0042436555959284306 375
1585103350185 0.004818351939320564 376
1585103383595 0.0042442441917955875 377
1585103416872 0.004780908580869436 378
1585103450166 0.005339574534446001 379
1585103483576 0.004611806944012642 380
1585103516676 0.004351843614131212 381
1585103549878 0.004505216144025326 382
1585103583162 0.0044889324344694614 383
1585103616520 0.004867759998887777 384
1585103650049 0.0037342843133956194 385
1585103683633 0.004901806358247995 386
1585103717110 0.005343428812921047 387
1585103750511 0.004282800946384668 388
1585103783929 0.004724781960248947 389
1585103818296 0.003830003784969449 390
1585103851513 0.0040357583202421665 391
1585103884865 0.004429319407790899 392
1585103918004 0.004216891713440418 393
1585103951518 0.004695935174822807 394
1585103984740 0.004707430489361286 395
1585104017901 0.0038870174903422594 396
1585104051515 0.004434403032064438 397
1585104085171 0.004500680603086948 398
1585104118659 0.0041855680756270885 399
1585104152102 0.003970887046307325 400
1585104185370 0.003864601720124483 401
1585104218398 0.004252763465046883 402
1585104251427 0.004748223815113306 403
1585104284948 0.004707476124167442 404
1585104318469 0.004213881213217974 405
1585104351980 0.00443250173702836 406
1585104384924 0.004021700005978346 407
1585104418976 0.003517494536936283 408
1585104452092 0.004204458091408014 409
1585104486654 0.004636865109205246 410
1585104519701 0.0041061691008508205 411
1585104552868 0.004501793533563614 412
1585104586100 0.004137235227972269 413
1585104619795 0.004353553522378206 414
1585104652905 0.0034768113400787115 415
1585104686126 0.004546599928289652 416
1585104719345 0.004380824044346809 417
1585104752489 0.004178901668637991 418
1585104786266 0.003943166229873896 419
1585104819688 0.004326337017118931 420
1585104853085 0.004423481412231922 421
1585104886828 0.0045388974249362946 422
1585104920269 0.0043805488385260105 423
1585104953589 0.004678329918533564 424
1585104986980 0.004242091905325651 425
1585105020257 0.004026340786367655 426
1585105053420 0.004129472188651562 427
1585105086703 0.0041967169381678104 428
1585105119858 0.004660829436033964 429
1585105153350 0.004753613844513893 430
1585105186507 0.00471541890874505 431
1585105220115 0.004084171261638403 432
1585105253790 0.004183795303106308 433
1585105287007 0.00421654898673296 434
1585105322409 0.004049992188811302 435
1585105355804 0.004136011004447937 436
1585105389488 0.004122278653085232 437
1585105423245 0.004436158109456301 438
1585105456865 0.0046046036295592785 439
1585105490641 0.004060540813952684 440
1585105524369 0.0033357024658471346 441
1585105557827 0.003944275435060263 442
1585105591233 0.00463265273720026 443
1585105624973 0.0038280896842479706 444
1585105658393 0.004151699598878622 445
1585105691647 0.004245442803949118 446
1585105725448 0.00415950920432806 447
1585105758993 0.003970589954406023 448
1585105792270 0.003943701274693012 449
1585105826485 0.00393029535189271 450
1585105859711 0.004003400914371014 451
1585105893189 0.003735859412699938 452
1585105926544 0.004265506751835346 453
1585105959888 0.004789589438587427 454
1585105993284 0.004483508411794901 455
1585106026524 0.003906602505594492 456
1585106060330 0.004147667903453112 457
1585106093540 0.004107896704226732 458
1585106127014 0.0037809901405125856 459
1585106161428 0.004081405233591795 460
1585106194675 0.0038251408841460943 461
1585106228024 0.0042304787784814835 462
1585106261538 0.004354155622422695 463
1585106294698 0.0035493490286171436 464
1585106327784 0.003929410595446825 465
1585106361054 0.0042912960052490234 466
1585106395108 0.0045351553708314896 467
1585106428236 0.003968341741710901 468
1585106462065 0.0031207522843033075 469
1585106495936 0.004332522861659527 470
1585106529224 0.004156285896897316 471
1585106562744 0.004076987970620394 472
1585106596233 0.0037799004931002855 473
1585106629907 0.00464453874155879 474
1585106663257 0.003669478464871645 475
1585106696532 0.003940692637115717 476
1585106729941 0.004541395232081413 477
1585106762974 0.00442727142944932 478
1585106796335 0.004143990110605955 479
1585106829602 0.003878071904182434 480
1585106864463 0.004186691250652075 481
1585106897844 0.004419032484292984 482
1585106931237 0.0034576905891299248 483
1585106965157 0.004129172768443823 484
1585106999551 0.003828801680356264 485
1585107032986 0.004268667660653591 486
1585107066412 0.004228153731673956 487
1585107099839 0.0043129934929311275 488
1585107133508 0.0041449046693742275 489
1585107167296 0.0043579586781561375 490
1585107200430 0.004492850974202156 491
1585107233753 0.004351957235485315 492
1585107267197 0.0033584844786673784 493
1585107300720 0.004283239599317312 494
1585107334924 0.004018462263047695 495
1585107368492 0.004213379696011543 496
1585107401819 0.004580068401992321 497
1585107434983 0.0039962162263691425 498
1585107468236 0.004514157306402922 499
1585107501375 0.004237347282469273 500
1585107535056 0.004622059874236584 501
1585107568242 0.0036925598978996277 502
1585107601256 0.0034588701091706753 503
1585107634506 0.004085391294211149 504
1585107667696 0.004136493895202875 505
1585107701431 0.0036615091376006603 506
1585107735377 0.004210178274661303 507
1585107769735 0.004032986704260111 508
1585107803104 0.004436425399035215 509
1585107836417 0.0034513925202190876 510
1585107869321 0.0036753027234226465 511
1585107902525 0.003651839215308428 512
1585107935812 0.0033237554598599672 513
1585107969335 0.004345227964222431 514
1585108002714 0.002989609958603978 515
1585108035962 0.003720076521858573 516
1585108070930 0.003711565164849162 517
1585108104225 0.0038733656983822584 518
1585108137490 0.004150357097387314 519
1585108170612 0.004425468388944864 520
1585108203820 0.004249519668519497 521
1585108237267 0.0034846358466893435 522
1585108270441 0.004050403367727995 523
1585108303772 0.0038993889465928078 524
1585108336934 0.004299473483115435 525
1585108370051 0.004347118549048901 526
1585108403319 0.004143986385315657 527
1585108438084 0.003753253258764744 528
1585108471469 0.0041602239944040775 529
1585108504634 0.003735433565452695 530
1585108538043 0.003750245552510023 531
1585108571282 0.003265084931626916 532
1585108604630 0.004142599646002054 533
1585108638549 0.003497398691251874 534
1585108672129 0.0037193489260971546 535
1585108705697 0.003786982037127018 536
1585108739128 0.003436014987528324 537
1585108772691 0.0038063947577029467 538
1585108805882 0.0038374352734535933 539
1585108839738 0.00402917992323637 540
1585108872979 0.0028933878056705 541
1585108907220 0.004274340812116861 542
1585108940951 0.0040905592031776905 543
1585108973996 0.0035189625341445208 544
1585109007093 0.004220937378704548 545
1585109040573 0.004068064969033003 546
1585109074012 0.00376683846116066 547
1585109107311 0.0035731717944145203 548
1585109140531 0.003702037036418915 549
1585109173764 0.0035305628553032875 550
1585109207068 0.004131176974624395 551
1585109240726 0.00430139247328043 552
1585109274012 0.003764588385820389 553
1585109307489 0.0038879509083926678 554
1585109340508 0.004085315857082605 555
1585109374488 0.004081768915057182 556
1585109407703 0.004045114386826754 557
1585109440838 0.004207133315503597 558
1585109474170 0.004567636642605066 559
1585109507307 0.0035946492571383715 560
1585109540402 0.003133150516077876 561
1585109574080 0.003658998291939497 562
1585109607618 0.003853851230815053 563
1585109640664 0.0039900196716189384 564
1585109674595 0.004038405604660511 565
1585109707944 0.0038428353145718575 566
1585109741769 0.0038424336817115545 567
1585109775681 0.003492912510409951 568
1585109808866 0.003787271212786436 569
1585109842538 0.0038852612487971783 570
1585109875928 0.0045903888531029224 571
1585109909605 0.003049371764063835 572
1585109943042 0.00424595270305872 573
1585109976298 0.0035568077582865953 574
1585110009299 0.003220600774511695 575
1585110043749 0.0038160698022693396 576
1585110077351 0.004203202202916145 577
1585110110626 0.0038745503406971693 578
1585110143794 0.004015803337097168 579
1585110177193 0.0031998236663639545 580
1585110211379 0.0031683393754065037 581
1585110244848 0.0035068157594650984 582
1585110278328 0.0032426153775304556 583
1585110311440 0.004228360019624233 584
1585110345003 0.003490421222522855 585
1585110378243 0.0034323441796004772 586
1585110411420 0.004046098794788122 587
1585110444567 0.0037328344769775867 588
1585110477718 0.003914405591785908 589
1585110510897 0.0034935425501316786 590
1585110544248 0.0034155172761529684 591
1585110577393 0.003342980984598398 592
1585110611628 0.004041112493723631 593
1585110644694 0.004111533518880606 594
1585110677717 0.0032216396648436785 595
1585110712013 0.003521297127008438 596
1585110745409 0.0036878585815429688 597
1585110778430 0.0036850394681096077 598
1585110811611 0.0035593940410763025 599
1585110844740 0.003257827600464225 600
1585110877738 0.0038612158969044685 601
1585110910950 0.003916896879673004 602
1585110944176 0.002965284278616309 603
1585110977913 0.003589917439967394 604
1585111011474 0.004327917005866766 605
1585111044604 0.003757597180083394 606
1585111079149 0.003887333907186985 607
1585111112612 0.0039876485243439674 608
1585111146043 0.0031047016382217407 609
1585111179528 0.004012429621070623 610
1585111213188 0.004074519500136375 611
1585111246413 0.003831054549664259 612
1585111279993 0.0038487042766064405 613
1585111313596 0.003956478089094162 614
1585111347122 0.0038609111215919256 615
1585111380308 0.0038458320777863264 616
1585111413889 0.004023277200758457 617
1585111447527 0.004486568737775087 618
1585111480953 0.0038426672108471394 619
1585111514045 0.0038367558736354113 620
1585111547221 0.003746787318959832 621
1585111580560 0.00378612894564867 622
1585111615042 0.003201778046786785 623
1585111648211 0.0038067821878939867 624
1585111681550 0.00380977732129395 625
1585111715239 0.004028691910207272 626
1585111748757 0.003525730688124895 627
1585111782046 0.0034764567390084267 628
1585111815839 0.003612796077504754 629
1585111849756 0.0031497355084866285 630
1585111883092 0.0037780122365802526 631
1585111916715 0.003941762261092663 632
1585111951148 0.003674949984997511 633
1585111984835 0.004172168206423521 634
1585112018991 0.003528745612129569 635
1585112053641 0.0036813318729400635 636
1585112087618 0.003878797870129347 637
1585112121401 0.003438379615545273 638
1585112155441 0.0035822102800011635 639
1585112189145 0.003966663498431444 640
1585112222801 0.004116532392799854 641
1585112257385 0.003785277483984828 642
1585112292088 0.0037588307168334723 643
1585112325712 0.0036905668675899506 644
1585112359338 0.0035000310745090246 645
1585112392999 0.003334549954161048 646
1585112426881 0.00349522870965302 647
1585112460884 0.004041342530399561 648
1585112496168 0.003843143116682768 649
1585112529740 0.003168069291859865 650
1585112563374 0.003994021564722061 651
1585112598738 0.003698512213304639 652
1585112632988 0.003694579005241394 653
1585112666533 0.0036141914315521717 654
1585112700210 0.0036491479258984327 655
1585112733510 0.003914841450750828 656
1585112767226 0.0035226130858063698 657
1585112800532 0.003418076317757368 658
1585112834653 0.003574570408090949 659
1585112869009 0.003312091575935483 660
1585112903054 0.003342681797221303 661
1585112936950 0.003605918027460575 662
1585112971161 0.003213693853467703 663
1585113004781 0.0037360882852226496 664
1585113039085 0.003319416893646121 665
1585113072854 0.003983359318226576 666
1585113106707 0.004036093596369028 667
1585113140254 0.0033299133647233248 668
1585113173465 0.0037778012920171022 669
1585113207023 0.003749049035832286 670
1585113240472 0.0036024984437972307 671
1585113274115 0.0031497415620833635 672
1585113307708 0.003541108686476946 673
1585113341256 0.0035857695620507 674
1585113375305 0.003708285978063941 675
1585113409284 0.003565034130588174 676
1585113442660 0.003663222771137953 677
1585113475945 0.0035955815110355616 678
1585113509606 0.0037529782857745886 679
1585113542947 0.0033376046922057867 680
1585113576472 0.0033195200376212597 681
1585113610108 0.0034003236796706915 682
1585113643810 0.00346506224013865 683
1585113677200 0.0037629050202667713 684
1585113711465 0.0034286328591406345 685
1585113744964 0.003649444319307804 686
1585113778676 0.003348349826410413 687
1585113812022 0.0035816787276417017 688
1585113845749 0.0039012639317661524 689
1585113880183 0.004326718859374523 690
1585113913807 0.00373830902390182 691
1585113948256 0.0035634406376630068 692
1585113984167 0.0035359519533813 693
1585114017877 0.0030525638721883297 694
1585114051787 0.0036905636079609394 695
1585114086341 0.003901073941960931 696
1585114120524 0.0037073211278766394 697
1585114154142 0.0037895680870860815 698
1585114188183 0.003806264139711857 699
1585114221829 0.0033090889919549227 700
1585114255445 0.0034632321912795305 701
1585114288697 0.004048503935337067 702
1585114322352 0.0029886679258197546 703
1585114356060 0.003955456893891096 704
1585114389682 0.0036744677927345037 705
1585114423205 0.0033494040835648775 706
1585114457573 0.003278807969763875 707
1585114491937 0.0034205131232738495 708
1585114525314 0.0032187022734433413 709
1585114558989 0.0032346348743885756 710
1585114592436 0.0028723760042339563 711
1585114625942 0.0037237827200442553 712
1585114659901 0.0035059163346886635 713
1585114693409 0.0035745182540267706 714
1585114726919 0.0034077002201229334 715
1585114761375 0.0032905114348977804 716
1585114794587 0.0035616226959973574 717
1585114828006 0.003284734208136797 718
1585114862221 0.003157020779326558 719
1585114895708 0.0035339551977813244 720
1585114929580 0.0033148867078125477 721
1585114964364 0.0038243599701672792 722
1585114998324 0.003918613772839308 723
1585115032677 0.0035819050390273333 724
1585115066657 0.0029034214094281197 725
1585115100660 0.003029013052582741 726
1585115134379 0.003460120875388384 727
1585115167964 0.002977110678330064 728
1585115202725 0.003938191570341587 729
1585115236202 0.00354064186103642 730
1585115269693 0.0036249645054340363 731
1585115303495 0.0032896320335566998 732
1585115337601 0.003286289284005761 733
1585115372247 0.004032960627228022 734
1585115405862 0.00423934543505311 735
1585115439838 0.0036667578388005495 736
1585115473780 0.0033432580530643463 737
1585115507236 0.0035960893146693707 738
1585115540883 0.0036120170261710882 739
1585115575541 0.0033235864248126745 740
1585115609307 0.003554763039574027 741
1585115642889 0.0037695541977882385 742
1585115676549 0.0034760788548737764 743
1585115710134 0.0035442800726741552 744
1585115743936 0.0034029888920485973 745
1585115777841 0.0035682630259543657 746
1585115811439 0.003242325037717819 747
1585115845120 0.0035886892583221197 748
1585115878851 0.00358726573176682 749
1585115912705 0.0031122243963181973 750
1585115946446 0.0030334480106830597 751
1585115980101 0.003562347264960408 752
1585116013705 0.003917757421731949 753
1585116046906 0.0032878131605684757 754
1585116081324 0.003674547653645277 755
1585116115016 0.002991496818140149 756
1585116148742 0.003330336418002844 757
1585116182033 0.003346164245158434 758
1585116215238 0.003295053029432893 759
1585116249095 0.0031101407948881388 760
1585116282749 0.003492244053632021 761
1585116316423 0.0034064422361552715 762
1585116350192 0.00305972364731133 763
1585116384106 0.0029682221356779337 764
1585116417945 0.0030249538831412792 765
1585116452405 0.0027838146779686213 766
1585116486769 0.0035554664209485054 767
1585116520942 0.0032867551781237125 768
1585116554838 0.0036335948389023542 769
1585116588545 0.0036958216223865747 770
1585116622474 0.003668188350275159 771
1585116656967 0.0028166419360786676 772
1585116691069 0.002799221547320485 773
1585116724510 0.0038227620534598827 774
1585116758288 0.003313991241157055 775
1585116792096 0.0032471311278641224 776
1585116826767 0.003699683817103505 777
1585116860565 0.0034818495623767376 778
1585116894132 0.004003045614808798 779
1585116927843 0.00369438948109746 780
1585116961348 0.003536124946549535 781
1585116995114 0.0033240271732211113 782
1585117029596 0.003005567705258727 783
1585117063154 0.0033587422221899033 784
1585117096966 0.0033700834028422832 785
1585117130303 0.003622333286330104 786
1585117163936 0.003626318881288171 787
1585117197701 0.0033954933751374483 788
1585117231271 0.003206049557775259 789
1585117264695 0.0030082387384027243 790
1585117298406 0.0032194519881159067 791
1585117333202 0.002835287945345044 792
1585117367362 0.0034664494451135397 793
1585117401476 0.003171626478433609 794
1585117435352 0.003549622604623437 795
1585117468755 0.0034026624634861946 796
1585117502341 0.002937150886282325 797
1585117535929 0.0025471628177911043 798
1585117570136 0.0033291892614215612 799
1585117604593 0.0037802590522915125 800
1585117638337 0.0034925390500575304 801
1585117672153 0.003566450672224164 802
1585117706045 0.0033611890394240618 803
1585117740008 0.0038749186787754297 804
1585117773311 0.0035300226882100105 805
1585117806780 0.002804691204801202 806
1585117839963 0.003543296130374074 807
1585117873489 0.0033640796318650246 808
1585117907722 0.003539399476721883 809
1585117941342 0.002993606263771653 810
1585117975265 0.0030408804304897785 811
1585118009194 0.003634450724348426 812
1585118042792 0.0032627310138195753 813
1585118076090 0.003623973112553358 814
1585118109877 0.0037190711591392756 815
1585118143193 0.0035171406343579292 816
1585118176959 0.0036181393079459667 817
1585118210545 0.003549811663106084 818
1585118244469 0.00292227603495121 819
1585118277998 0.003985784947872162 820
1585118311378 0.0032200743444263935 821
1585118344875 0.003303095232695341 822
1585118378247 0.0034181769005954266 823
1585118411926 0.003949676640331745 824
1585118445427 0.0032447653356939554 825
1585118478844 0.0030905944295227528 826
1585118512037 0.0032168442849069834 827
1585118545749 0.003561706282198429 828
1585118579357 0.00356303621083498 829
1585118612754 0.002960936166346073 830
1585118646123 0.003202031599357724 831
1585118679472 0.003701009787619114 832
1585118713321 0.0035635153762996197 833
1585118746663 0.0033740487415343523 834
1585118780594 0.0032519903033971786 835
1585118813980 0.003080392023548484 836
1585118847449 0.0033731579314917326 837
1585118880881 0.003014048794284463 838
1585118914373 0.0026813047006726265 839
1585118947721 0.003279342083260417 840
1585118981973 0.0034867115318775177 841
1585119016855 0.003362843068316579 842
1585119050283 0.00355494930408895 843
1585119083943 0.0036939510609954596 844
1585119117359 0.003319851355627179 845
1585119150877 0.003511942457407713 846
1585119185194 0.0036465360317379236 847
1585119218835 0.003344818251207471 848
1585119252042 0.0032011859584599733 849
1585119286115 0.0033533789683133364 850
1585119319988 0.0031346057076007128 851
1585119353700 0.0032174750231206417 852
1585119387304 0.0035201215650886297 853
1585119420831 0.003528508124873042 854
1585119454273 0.003520647296682 855
1585119487702 0.0035072341561317444 856
1585119520989 0.0027617367450147867 857
1585119555052 0.003072537714615464 858
1585119589659 0.00336680025793612 859
1585119622935 0.003297249088063836 860
1585119656678 0.0035704332403838634 861
1585119690544 0.0033607843797653913 862
1585119724289 0.0031559322960674763 863
1585119757843 0.0033282204531133175 864
1585119791430 0.003165540052577853 865
1585119824838 0.0034032254479825497 866
1585119858267 0.003634493099525571 867
1585119892050 0.0038017837796360254 868
1585119925941 0.0026726319920271635 869
1585119960800 0.002991101937368512 870
1585119994081 0.0033856863155961037 871
1585120028177 0.003115516621619463 872
1585120062183 0.0032312863040715456 873
1585120095699 0.0034451638348400593 874
1585120129555 0.002928179921582341 875
1585120163533 0.003425325034186244 876
1585120198368 0.0034632463939487934 877
1585120232006 0.0030035264790058136 878
1585120265917 0.0028272485360503197 879
1585120299810 0.0035830806009471416 880
1585120333161 0.0037620477378368378 881
1585120366534 0.0037140706554055214 882
1585120399839 0.003703298280015588 883
1585120433316 0.0026751928962767124 884
1585120467873 0.003257019678130746 885
1585120501241 0.0033425292931497097 886
1585120534679 0.0031616645865142345 887
1585120568382 0.0028049657121300697 888
1585120601705 0.0033629764802753925 889
1585120635340 0.0028179329819977283 890
1585120671486 0.0035642310976982117 891
1585120706120 0.0031051228288561106 892
1585120740645 0.0035297435242682695 893
1585120774773 0.0034399847500026226 894
1585120808510 0.003398964647203684 895
1585120841759 0.0033404433634132147 896
1585120875561 0.002992226742208004 897
1585120909221 0.003229796653613448 898
1585120943031 0.003478667000308633 899
1585120976591 0.0033696566242724657 900
1585121011395 0.0034315790981054306 901
1585121045228 0.003441272070631385 902
1585121079058 0.00313546066172421 903
1585121112543 0.0033240981865674257 904
1585121146214 0.002654280047863722 905
1585121179840 0.0031174991745501757 906
1585121216624 0.003491125302389264 907
1585121251577 0.002389852423220873 908
1585121285360 0.003272293834015727 909
1585121318961 0.003031801898032427 910
1585121352629 0.0032986633013933897 911
1585121386372 0.0033830180764198303 912
1585121419808 0.0034984189551323652 913
1585121453526 0.0032893666066229343 914
1585121487396 0.0027510288637131453 915
1585121520940 0.003292831825092435 916
1585121556766 0.0031841674353927374 917
1585121591052 0.0035722835455089808 918
1585121624667 0.0037358838599175215 919
1585121658207 0.003621844807639718 920
1585121691829 0.0031883390620350838 921
1585121725526 0.0028481055051088333 922
1585121759721 0.003614538349211216 923
1585121794833 0.0037801451981067657 924
1585121828265 0.0032560613472014666 925
1585121862118 0.0033269445411860943 926
1585121897087 0.003034051042050123 927
1585121930482 0.0032899859361350536 928
1585121964363 0.003972756210714579 929
1585121997694 0.003196923527866602 930
1585122031042 0.003507939400151372 931
1585122065073 0.0031764665618538857 932
1585122098781 0.003307220758870244 933
1585122132356 0.002730132546275854 934
1585122166283 0.003355480032041669 935
1585122200765 0.003073178231716156 936
1585122234055 0.0032962847035378218 937
1585122267545 0.0034902936313301325 938
1585122301275 0.002989113563671708 939
1585122334908 0.003085364354774356 940
1585122368645 0.0031987447291612625 941
1585122402046 0.0032964206766337156 942
1585122436081 0.0031926289666444063 943
1585122469875 0.0026723514311015606 944
1585122503733 0.0034266943112015724 945
1585122537447 0.0032409050036221743 946
1585122571106 0.0034082517959177494 947
1585122605689 0.0032161730341613293 948
1585122639392 0.0032188622280955315 949
1585122673018 0.0026119237300008535 950
1585122706536 0.0033739255741238594 951
1585122740118 0.0030255101155489683 952
1585122773735 0.003456959966570139 953
1585122807951 0.0035188181791454554 954
1585122841701 0.0035166654270142317 955
1585122875448 0.003343657124787569 956
1585122910587 0.0034936696756631136 957
1585122944090 0.002629336202517152 958
1585122977714 0.0031984238885343075 959
1585123011870 0.00345756602473557 960
1585123045967 0.003285730257630348 961
1585123079601 0.0031993300653994083 962
1585123114514 0.003306575119495392 963
1585123148527 0.0032941107638180256 964
1585123181891 0.0032135983929038048 965
1585123215302 0.002937914803624153 966
1585123250385 0.00345008191652596 967
1585123283707 0.0032276606652885675 968
1585123317953 0.003137450898066163 969
1585123351236 0.0034066326916217804 970
1585123384945 0.0035918313078582287 971
1585123418553 0.0034400648437440395 972
1585123452334 0.00340596167370677 973
1585123486550 0.0031712439376860857 974
1585123520580 0.002962663769721985 975
1585123554723 0.002964399056509137 976
1585123588322 0.0029175367671996355 977
1585123622388 0.003936517983675003 978
1585123656564 0.003205295419320464 979
1585123690054 0.003211003728210926 980
1585123724487 0.003462063381448388 981
1585123757950 0.003130522323772311 982
1585123791820 0.003080471185967326 983
1585123825736 0.003020106116309762 984
1585123859263 0.003427427727729082 985
1585123892824 0.0033347916323691607 986
1585123926711 0.0030326838605105877 987
1585123960211 0.0033063788432627916 988
1585123993390 0.0032739383168518543 989
1585124026671 0.0028144281823188066 990
1585124061274 0.003145949449390173 991
1585124094702 0.0033669648692011833 992
1585124128337 0.003124070353806019 993
1585124161952 0.0037043082993477583 994
1585124195562 0.003104979172348976 995
1585124229369 0.0032811895944178104 996
1585124262793 0.003184214234352112 997
1585124296158 0.0034237513318657875 998
1585124330651 0.0029916029889136553 999
1585124364914 0.0031842910684645176 1000
