1585090799544 0.28348657488822937 0
1585090832389 0.6788505911827087 1
1585090865022 0.6796551942825317 2
1585090897667 0.6828736066818237 3
1585090930443 0.7913410067558289 4
1585090963097 0.7168198823928833 5
1585090996543 0.7872030735015869 6
1585091029683 0.8111493587493896 7
1585091063111 0.8144827485084534 8
1585091096384 0.7340612411499023 9
1585091129675 0.7078543901443481 10
1585091163378 0.7333716154098511 11
1585091196564 0.8047893643379211 12
1585091229668 0.8491188287734985 13
1585091262758 0.8478161692619324 14
1585091295946 0.8275095820426941 15
1585091329142 0.8209578990936279 16
1585091362399 0.8343678712844849 17
1585091395525 0.8527586460113525 18
1585091428694 0.872758686542511 19
1585091461906 0.8702298998832703 20
1585091494458 0.8818390965461731 21
1585091527401 0.8472030758857727 22
1585091560007 0.8541762828826904 23
1585091592682 0.882337212562561 24
1585091626195 0.8873946070671082 25
1585091658964 0.8873946070671082 26
1585091691995 0.8823371529579163 27
1585091724730 0.8765900135040283 28
1585091757960 0.8668965697288513 29
1585091791028 0.883563220500946 30
1585091824216 0.8907279968261719 31
1585091858720 0.8955938816070557 32
1585091891805 0.9007280468940735 33
1585091925125 0.9054788947105408 34
1585091958222 0.8954789042472839 35
1585091991519 0.8977011442184448 36
1585092024991 0.9156705141067505 37
1585092058198 0.9172030687332153 38
1585092091719 0.9047892689704895 39
1585092124966 0.9059770703315735 40
1585092158381 0.9121454954147339 41
1585092191511 0.9086973667144775 42
1585092224916 0.9261685609817505 43
1585092258119 0.9277011156082153 44
1585092291681 0.9140612483024597 45
1585092325323 0.9270880222320557 46
1585092358777 0.9162834882736206 47
1585092393230 0.9173946380615234 48
1585092426532 0.9283908009529114 49
1585092459544 0.9259769916534424 50
1585092492823 0.9351723790168762 51
1585092528285 0.9173946380615234 52
1585092561440 0.9288122653961182 53
1585092594621 0.9251723885536194 54
1585092628443 0.9334482550621033 55
1585092662257 0.9278925657272339 56
1585092695598 0.9336398243904114 57
1585092729057 0.9339463114738464 58
1585092762363 0.9281991124153137 59
1585092795683 0.9331417083740234 60
1585092829042 0.9364750981330872 61
1585092862580 0.9336398243904114 62
1585092895703 0.9301148653030396 63
1585092929024 0.9506130218505859 64
1585092962645 0.9356704354286194 65
1585092996382 0.9406130313873291 66
1585093029978 0.9375861287117004 67
1585093063172 0.9381991624832153 68
1585093096286 0.9361685514450073 69
1585093129444 0.9398083090782166 70
1585093162699 0.9442528486251831 71
1585093196790 0.9409194588661194 72
1585093229943 0.9373945593833923 73
1585093263226 0.9453639984130859 74
1585093296499 0.947394609451294 75
1585093329760 0.9542528986930847 76
1585093364433 0.9453638792037964 77
1585093397839 0.9472797513008118 78
1585093431220 0.9418390989303589 79
1585093464378 0.9445593357086182 80
1585093497635 0.9427585601806641 81
1585093531611 0.9312260150909424 82
1585093565530 0.9254022240638733 83
1585093599887 0.9490037560462952 84
1585093632837 0.9417241215705872 85
1585093665997 0.9503065943717957 86
1585093699302 0.9495018720626831 87
1585093732358 0.9550574421882629 88
1585093766112 0.9523371458053589 89
1585093799393 0.9634482264518738 90
1585093832625 0.960612952709198 91
1585093866506 0.9534482955932617 92
1585093899805 0.9564750790596008 93
1585093933007 0.9555556178092957 94
1585093966180 0.9507279992103577 95
1585093999567 0.9509194493293762 96
1585094032645 0.9614176154136658 97
1585094066037 0.9556704759597778 98
1585094099171 0.9564750790596008 99
1585094132203 0.9611110687255859 100
1585094166114 0.9555556178092957 101
1585094199460 0.9639463424682617 102
1585094233076 0.9586973190307617 103
1585094266002 0.9599999189376831 104
1585094299174 0.951839029788971 105
1585094332340 0.9531417489051819 106
1585094365536 0.949310302734375 107
1585094398900 0.9601148962974548 108
1585094432882 0.9628351926803589 109
1585094466123 0.9564750790596008 110
1585094500018 0.9661685228347778 111
1585094534114 0.9670880436897278 112
1585094567240 0.9506130218505859 113
1585094600287 0.9672796726226807 114
1585094634022 0.955363929271698 115
1585094667673 0.9509195685386658 116
1585094700888 0.959003746509552 117
1585094734731 0.9556704759597778 118
1585094768132 0.9581992030143738 119
1585094802036 0.9658620953559875 120
1585094835307 0.9620306491851807 121
1585094868877 0.952835202217102 122
1585094902673 0.9558620452880859 123
1585094935881 0.9678926467895508 124
1585094969371 0.9581992030143738 125
1585095002682 0.9691953659057617 126
1585095036223 0.9650574922561646 127
1585095069563 0.9606130719184875 128
1585095102807 0.9686973690986633 129
1585095136397 0.958084225654602 130
1585095169926 0.9468965530395508 131
1585095203337 0.9596167802810669 132
1585095236615 0.9516474604606628 133
1585095269645 0.9609194993972778 134
1585095303056 0.9703065156936646 135
1585095337459 0.9683907628059387 136
1585095370778 0.959003746509552 137
1585095404165 0.9622222185134888 138
1585095437649 0.9653639197349548 139
1585095472162 0.9628351926803589 140
1585095505607 0.9683907628059387 141
1585095539502 0.967777669429779 142
1585095572881 0.9603064656257629 143
1585095606685 0.964252769947052 144
1585095640343 0.9620306491851807 145
1585095673510 0.968390703201294 146
1585095706394 0.9647509455680847 147
1585095739664 0.9678926467895508 148
1585095773576 0.9575095772743225 149
1585095806794 0.9645593762397766 150
1585095840189 0.959808349609375 151
1585095873699 0.9733333587646484 152
1585095906976 0.9750574231147766 153
1585095940086 0.9695019125938416 154
1585095973135 0.9714176654815674 155
1585096006388 0.9672796726226807 156
1585096039613 0.972030520439148 157
1585096072862 0.9736397862434387 158
1585096106218 0.9661685228347778 159
1585096139665 0.9777777194976807 160
1585096173484 0.9736397862434387 161
1585096206555 0.966781497001648 162
1585096239721 0.9725286960601807 163
1585096272793 0.9680842161178589 164
1585096306224 0.9747509360313416 165
1585096340552 0.9678926467895508 166
1585096373836 0.9681991934776306 167
1585096407077 0.9683907628059387 168
1585096440250 0.9675862193107605 169
1585096473998 0.9695019125938416 170
1585096507842 0.9736397862434387 171
1585096541329 0.9722222089767456 172
1585096574800 0.9712259769439697 173
1585096608258 0.9731416702270508 174
1585096641755 0.9747509360313416 175
1585096675016 0.9744443893432617 176
1585096708264 0.9669731855392456 177
1585096741591 0.9715325236320496 178
1585096774715 0.9637546539306641 179
1585096808243 0.9677777886390686 180
1585096841535 0.9695019125938416 181
1585096874578 0.9750574231147766 182
1585096907738 0.9669731259346008 183
1585096940887 0.9675862193107605 184
1585096974259 0.9672796726226807 185
1585097007413 0.9788888096809387 186
1585097040619 0.9681991934776306 187
1585097073697 0.9780842661857605 188
1585097107022 0.9725286960601807 189
1585097140347 0.9648659229278564 190
1585097173736 0.9706129431724548 191
1585097206889 0.9683907628059387 192
1585097240048 0.9725286960601807 193
1585097273481 0.975555419921875 194
1585097307064 0.9783906936645508 195
1585097340053 0.9744443893432617 196
1585097373459 0.9647510647773743 197
1585097406928 0.9711111187934875 198
1585097440594 0.9728352427482605 199
1585097473603 0.9715326428413391 200
1585097506931 0.9836398363113403 201
1585097540207 0.9703065156936646 202
1585097573810 0.9739463925361633 203
1585097607503 0.9788888096809387 204
1585097640429 0.9706129431724548 205
1585097673555 0.9758619666099548 206
1585097706895 0.9747509360313416 207
1585097740282 0.9725287556648254 208
1585097774522 0.9811111092567444 209
1585097807650 0.9783908128738403 210
1585097841035 0.9706129431724548 211
1585097877207 0.9680842161178589 212
1585097910716 0.9788888096809387 213
1585097943881 0.9717240929603577 214
1585097977136 0.9691953659057617 215
1585098010385 0.9814175367355347 216
1585098043922 0.9739463925361633 217
1585098077750 0.9717240929603577 218
1585098111289 0.9822222590446472 219
1585098144776 0.9615325927734375 220
1585098178189 0.9769732356071472 221
1585098211986 0.9758620858192444 222
1585098245760 0.9753639698028564 223
1585098278680 0.9750574231147766 224
1585098311813 0.9709194898605347 225
1585098346526 0.98333340883255 226
1585098379627 0.9750574231147766 227
1585098412898 0.972030520439148 228
1585098446078 0.9758619666099548 229
1585098479393 0.964252769947052 230
1585098512513 0.9780842661857605 231
1585098545858 0.9728352427482605 232
1585098579094 0.9795018434524536 233
1585098612664 0.9711111187934875 234
1585098645811 0.9772796630859375 235
1585098678892 0.9717242121696472 236
1585098712031 0.9772796630859375 237
1585098745644 0.9806129932403564 238
1585098780319 0.9811111092567444 239
1585098813490 0.9731416702270508 240
1585098846415 0.9766665697097778 241
1585098879861 0.9769731163978577 242
1585098913080 0.9769731163978577 243
1585098946254 0.9761685132980347 244
1585098979551 0.9795018434524536 245
1585099012873 0.9814175367355347 246
1585099045973 0.9811111092567444 247
1585099079099 0.9833332896232605 248
1585099112439 0.9736397862434387 249
1585099145717 0.9855554699897766 250
1585099178857 0.9855554699897766 251
1585099212503 0.967586100101471 252
1585099245775 0.9778926968574524 253
1585099278737 0.9750574231147766 254
1585099312228 0.9803064465522766 255
1585099346034 0.9769731163978577 256
1585099379158 0.9764750599861145 257
1585099412546 0.9643677473068237 258
1585099446206 0.9799999594688416 259
1585099479421 0.9778926968574524 260
1585099512770 0.9747509360313416 261
1585099546109 0.9650574922561646 262
1585099579093 0.9822222590446472 263
1585099612185 0.9877777099609375 264
1585099645266 0.9772796630859375 265
1585099678616 0.9772796630859375 266
1585099711642 0.9836398363113403 267
1585099744900 0.9775860905647278 268
1585099777888 0.9780842661857605 269
1585099811019 0.9822221398353577 270
1585099844506 0.9833332896232605 271
1585099877899 0.9775862097740173 272
1585099911385 0.9783906936645508 273
1585099944585 0.9822222590446472 274
1585099977976 0.9791954159736633 275
1585100011299 0.9736397862434387 276
1585100044680 0.9806129932403564 277
1585100078091 0.9769732356071472 278
1585100111234 0.9825286865234375 279
1585100144447 0.9780842661857605 280
1585100177544 0.9844444394111633 281
1585100211068 0.9817240238189697 282
1585100244581 0.977279543876648 283
1585100277855 0.9866666793823242 284
1585100311103 0.9795018434524536 285
1585100344311 0.9814175367355347 286
1585100377434 0.9811111092567444 287
1585100411040 0.9715325236320496 288
1585100444996 0.9811111092567444 289
1585100477948 0.9844444394111633 290
1585100511735 0.9723370671272278 291
1585100544797 0.9791954159736633 292
1585100579334 0.9733333587646484 293
1585100612431 0.9836398363113403 294
1585100646000 0.9855554699897766 295
1585100679566 0.9780842661857605 296
1585100713046 0.9842528104782104 297
1585100746476 0.9825286865234375 298
1585100779760 0.9709194898605347 299
1585100813104 0.9836398363113403 300
1585100846416 0.9850574135780334 301
1585100879927 0.9731416702270508 302
1585100913980 0.9847509860992432 303
1585100947275 0.9788888096809387 304
1585100980649 0.9814175367355347 305
1585101013971 0.9791954159736633 306
1585101047110 0.9791954159736633 307
1585101080283 0.9758620858192444 308
1585101113489 0.9748659133911133 309
1585101146589 0.9806129932403564 310
1585101179984 0.9825286865234375 311
1585101213656 0.982528805732727 312
1585101246870 0.9798083901405334 313
1585101280275 0.9814175367355347 314
1585101313358 0.9866665601730347 315
1585101347210 0.9869731068611145 316
1585101380437 0.9861685633659363 317
1585101413711 0.9811111092567444 318
1585101446957 0.9744445085525513 319
1585101480510 0.9855554699897766 320
1585101513656 0.9877777099609375 321
1585101547092 0.9825286865234375 322
1585101580481 0.9780842661857605 323
1585101613741 0.9858620762825012 324
1585101647048 0.9764750003814697 325
1585101680255 0.9847509860992432 326
1585101713284 0.9842528104782104 327
1585101746542 0.9811111092567444 328
1585101779990 0.9791954159736633 329
1585101813642 0.9839462637901306 330
1585101846940 0.9855554699897766 331
1585101880654 0.9799999594688416 332
1585101913737 0.9855555295944214 333
1585101947116 0.9811111092567444 334
1585101980636 0.9858620166778564 335
1585102013929 0.9683907628059387 336
1585102048067 0.9806129932403564 337
1585102081189 0.9696167707443237 338
1585102114723 0.9748657941818237 339
1585102147888 0.9725286960601807 340
1585102181110 0.9780842661857605 341
1585102214251 0.9822222590446472 342
1585102247491 0.9769732356071472 343
1585102280621 0.9761685132980347 344
1585102313974 0.9814175367355347 345
1585102347387 0.9576244354248047 346
1585102380868 0.9772796630859375 347
1585102414169 0.9847508668899536 348
1585102447727 0.9814175367355347 349
1585102480975 0.9806129932403564 350
1585102514186 0.9866665601730347 351
1585102547791 0.9817240834236145 352
1585102581060 0.9825286865234375 353
1585102615249 0.9847509860992432 354
1585102648504 0.9791954159736633 355
1585102681954 0.9817240834236145 356
1585102715025 0.9847509860992432 357
1585102748037 0.990306556224823 358
1585102781661 0.9869731068611145 359
1585102814830 0.989501953125 360
1585102849124 0.9836398363113403 361
1585102882548 0.9911110401153564 362
1585102915611 0.9858620166778564 363
1585102948952 0.98333340883255 364
1585102982638 0.9806129932403564 365
1585103016038 0.9775860905647278 366
1585103049188 0.9844444394111633 367
1585103082766 0.9861685633659363 368
1585103115772 0.9822222590446472 369
1585103149296 0.9769732356071472 370
1585103182710 0.9869731068611145 371
1585103216753 0.9739462733268738 372
1585103249991 0.9900000095367432 373
1585103283239 0.9836398363113403 374
1585103316544 0.9844444394111633 375
1585103350185 0.9844444394111633 376
1585103383595 0.9828352332115173 377
1585103416872 0.9847509860992432 378
1585103450166 0.9833332896232605 379
1585103483576 0.9866665601730347 380
1585103516676 0.9858620166778564 381
1585103549878 0.9900000095367432 382
1585103583162 0.9836398363113403 383
1585103616520 0.9877777099609375 384
1585103650049 0.9750574231147766 385
1585103683633 0.9911110997200012 386
1585103717110 0.9877777099609375 387
1585103750511 0.9869731068611145 388
1585103783929 0.9847509860992432 389
1585103818296 0.9786972403526306 390
1585103851513 0.9822222590446472 391
1585103884865 0.9811111092567444 392
1585103918004 0.9822222590446472 393
1585103951518 0.9877777099609375 394
1585103984740 0.9869731068611145 395
1585104017901 0.9828352332115173 396
1585104051515 0.9828352332115173 397
1585104085171 0.9806129932403564 398
1585104118659 0.975555419921875 399
1585104152102 0.9877777099609375 400
1585104185370 0.9814175367355347 401
1585104218398 0.9823371171951294 402
1585104251427 0.9858620762825012 403
1585104284948 0.9858620166778564 404
1585104318469 0.9780842661857605 405
1585104351980 0.9791954159736633 406
1585104384924 0.9766665697097778 407
1585104418976 0.9769732356071472 408
1585104452092 0.9850574135780334 409
1585104486654 0.9877777099609375 410
1585104519701 0.9866665601730347 411
1585104552868 0.9900000095367432 412
1585104586100 0.9850574135780334 413
1585104619795 0.9869731068611145 414
1585104652905 0.9801149368286133 415
1585104686126 0.9817240834236145 416
1585104719345 0.9775860905647278 417
1585104752489 0.9828352332115173 418
1585104786266 0.9736397862434387 419
1585104819688 0.9883907437324524 420
1585104853085 0.9855554699897766 421
1585104886828 0.9847509860992432 422
1585104920269 0.9880842566490173 423
1585104953589 0.9869731068611145 424
1585104986980 0.9828352332115173 425
1585105020257 0.9836398363113403 426
1585105053420 0.9799999594688416 427
1585105086703 0.9817240834236145 428
1585105119858 0.9877777099609375 429
1585105153350 0.9872795939445496 430
1585105186507 0.9801148176193237 431
1585105220115 0.9767815470695496 432
1585105253790 0.9847509860992432 433
1585105287007 0.9872795939445496 434
1585105322409 0.9844444394111633 435
1585105355804 0.9831417202949524 436
1585105389488 0.9855554699897766 437
1585105423245 0.9866665601730347 438
1585105456865 0.9888888597488403 439
1585105490641 0.9814175367355347 440
1585105524369 0.9780842661857605 441
1585105557827 0.9880842566490173 442
1585105591233 0.9900000095367432 443
1585105624973 0.9828352332115173 444
1585105658393 0.9880842566490173 445
1585105691647 0.9864751100540161 446
1585105725448 0.9812259674072266 447
1585105758993 0.9836398363113403 448
1585105792270 0.9786972403526306 449
1585105826485 0.9766665697097778 450
1585105859711 0.9833332896232605 451
1585105893189 0.9847509860992432 452
1585105926544 0.9883907437324524 453
1585105959888 0.9891954064369202 454
1585105993284 0.9869731068611145 455
1585106026524 0.9880842566490173 456
1585106060330 0.9877777099609375 457
1585106093540 0.9855554699897766 458
1585106127014 0.9814176559448242 459
1585106161428 0.9850574135780334 460
1585106194675 0.9869731068611145 461
1585106228024 0.9844444394111633 462
1585106261538 0.9872797131538391 463
1585106294698 0.9842528104782104 464
1585106327784 0.9836398363113403 465
1585106361054 0.9847509860992432 466
1585106395108 0.9900000095367432 467
1585106428236 0.9866665601730347 468
1585106462065 0.9707280397415161 469
1585106495936 0.990306556224823 470
1585106529224 0.9833332896232605 471
1585106562744 0.9888888597488403 472
1585106596233 0.9755555391311646 473
1585106629907 0.9903064370155334 474
1585106663257 0.9786972403526306 475
1585106696532 0.9855554699897766 476
1585106729941 0.9872797131538391 477
1585106762974 0.9883908033370972 478
1585106796335 0.9858620166778564 479
1585106829602 0.9891954064369202 480
1585106864463 0.9861686825752258 481
1585106897844 0.9855555295944214 482
1585106931237 0.9727585315704346 483
1585106965157 0.975785493850708 484
1585106999551 0.9791954159736633 485
1585107032986 0.9877777099609375 486
1585107066412 0.9866665601730347 487
1585107099839 0.9877777099609375 488
1585107133508 0.9858620762825012 489
1585107167296 0.9888888597488403 490
1585107200430 0.9839463829994202 491
1585107233753 0.9903064370155334 492
1585107267197 0.9806129932403564 493
1585107300720 0.9877777099609375 494
1585107334924 0.9839462637901306 495
1585107368492 0.9903064370155334 496
1585107401819 0.9903064370155334 497
1585107434983 0.9869731068611145 498
1585107468236 0.9866665601730347 499
1585107501375 0.983333170413971 500
1585107535056 0.9891954064369202 501
1585107568242 0.9791954159736633 502
1585107601256 0.9795019626617432 503
1585107634506 0.9891952872276306 504
1585107667696 0.9877777099609375 505
1585107701431 0.9861685633659363 506
1585107735377 0.9866665601730347 507
1585107769735 0.9866665601730347 508
1585107803104 0.9880842566490173 509
1585107836417 0.9836398363113403 510
1585107869321 0.9891954064369202 511
1585107902525 0.9850574135780334 512
1585107935812 0.9791954159736633 513
1585107969335 0.9911110997200012 514
1585108002714 0.9769731163978577 515
1585108035962 0.9861685633659363 516
1585108070930 0.9858620166778564 517
1585108104225 0.9858620762825012 518
1585108137490 0.9831417202949524 519
1585108170612 0.986973226070404 520
1585108203820 0.9877777099609375 521
1585108237267 0.9783906936645508 522
1585108270441 0.9858620166778564 523
1585108303772 0.9858620166778564 524
1585108336934 0.9936398267745972 525
1585108370051 0.9883907437324524 526
1585108403319 0.9891954064369202 527
1585108438084 0.9891954064369202 528
1585108471469 0.9861685633659363 529
1585108504634 0.9880842566490173 530
1585108538043 0.9891952872276306 531
1585108571282 0.9799999594688416 532
1585108604630 0.9900000095367432 533
1585108638549 0.9777777194976807 534
1585108672129 0.9891954064369202 535
1585108705697 0.9866665601730347 536
1585108739128 0.9798083901405334 537
1585108772691 0.9869731068611145 538
1585108805882 0.9869731068611145 539
1585108839738 0.9888888597488403 540
1585108872979 0.9717240929603577 541
1585108907220 0.9847509860992432 542
1585108940951 0.9911110997200012 543
1585108973996 0.9839462637901306 544
1585109007093 0.9891954064369202 545
1585109040573 0.9911110401153564 546
1585109074012 0.9880842566490173 547
1585109107311 0.9844444394111633 548
1585109140531 0.9869731068611145 549
1585109173764 0.9866665601730347 550
1585109207068 0.9880842566490173 551
1585109240726 0.9911110997200012 552
1585109274012 0.9903064370155334 553
1585109307489 0.990306556224823 554
1585109340508 0.9877777099609375 555
1585109374488 0.9853639602661133 556
1585109407703 0.9911110997200012 557
1585109440838 0.9869731068611145 558
1585109474170 0.9933332800865173 559
1585109507307 0.9888888597488403 560
1585109540402 0.9836398363113403 561
1585109574080 0.9828351140022278 562
1585109607618 0.9888888597488403 563
1585109640664 0.9900000095367432 564
1585109674595 0.9911110997200012 565
1585109707944 0.992222249507904 566
1585109741769 0.9850574135780334 567
1585109775681 0.9801148176193237 568
1585109808866 0.9855554699897766 569
1585109842538 0.9833332896232605 570
1585109875928 0.9900000095367432 571
1585109909605 0.9772796630859375 572
1585109943042 0.9877777099609375 573
1585109976298 0.9869731068611145 574
1585110009299 0.9847509860992432 575
1585110043749 0.9855554699897766 576
1585110077351 0.9911110997200012 577
1585110110626 0.9891954064369202 578
1585110143794 0.9872797131538391 579
1585110177193 0.9842528104782104 580
1585110211379 0.9831417202949524 581
1585110244848 0.9883907437324524 582
1585110278328 0.9855554699897766 583
1585110311440 0.9869731068611145 584
1585110345003 0.9858620166778564 585
1585110378243 0.9777777194976807 586
1585110411420 0.990306556224823 587
1585110444567 0.9869731068611145 588
1585110477718 0.9891954064369202 589
1585110510897 0.9877777099609375 590
1585110544248 0.9900000095367432 591
1585110577393 0.9801149368286133 592
1585110611628 0.9858620166778564 593
1585110644694 0.9900000095367432 594
1585110677717 0.9786972403526306 595
1585110712013 0.9839462637901306 596
1585110745409 0.9900000095367432 597
1585110778430 0.9809195399284363 598
1585110811611 0.9880842566490173 599
1585110844740 0.9844444394111633 600
1585110877738 0.9850574135780334 601
1585110910950 0.9891954064369202 602
1585110944176 0.9850574135780334 603
1585110977913 0.9850574135780334 604
1585111011474 0.9906129837036133 605
1585111044604 0.9845593571662903 606
1585111079149 0.9880842566490173 607
1585111112612 0.9900000095367432 608
1585111146043 0.9869731068611145 609
1585111179528 0.992222249507904 610
1585111213188 0.9883908033370972 611
1585111246413 0.992222249507904 612
1585111279993 0.9900000095367432 613
1585111313596 0.9872797131538391 614
1585111347122 0.9900000095367432 615
1585111380308 0.9858620166778564 616
1585111413889 0.9891954064369202 617
1585111447527 0.9936398267745972 618
1585111480953 0.9855555295944214 619
1585111514045 0.9891954064369202 620
1585111547221 0.9933332800865173 621
1585111580560 0.9869731068611145 622
1585111615042 0.9842528104782104 623
1585111648211 0.992222249507904 624
1585111681550 0.9891952872276306 625
1585111715239 0.9911110401153564 626
1585111748757 0.9914175868034363 627
1585111782046 0.9888888597488403 628
1585111815839 0.9922221302986145 629
1585111849756 0.9836398363113403 630
1585111883092 0.9880842566490173 631
1585111916715 0.9900000095367432 632
1585111951148 0.9891954064369202 633
1585111984835 0.990306556224823 634
1585112018991 0.9880842566490173 635
1585112053641 0.9791952967643738 636
1585112087618 0.9914175868034363 637
1585112121401 0.989501953125 638
1585112155441 0.9900000095367432 639
1585112189145 0.9911110997200012 640
1585112222801 0.9911110997200012 641
1585112257385 0.992222249507904 642
1585112292088 0.9922221302986145 643
1585112325712 0.9864751100540161 644
1585112359338 0.9814176559448242 645
1585112392999 0.9817240834236145 646
1585112426881 0.9861685633659363 647
1585112460884 0.9933332800865173 648
1585112496168 0.9891954064369202 649
1585112529740 0.9866665601730347 650
1585112563374 0.9933332800865173 651
1585112598738 0.9883908033370972 652
1585112632988 0.9877777099609375 653
1585112666533 0.9888888597488403 654
1585112700210 0.9895018339157104 655
1585112733510 0.9914175868034363 656
1585112767226 0.9866665601730347 657
1585112800532 0.992222249507904 658
1585112834653 0.9911110997200012 659
1585112869009 0.9811111092567444 660
1585112903054 0.9825286865234375 661
1585112936950 0.9850574135780334 662
1585112971161 0.9866665601730347 663
1585113004781 0.9900000095367432 664
1585113039085 0.9869731068611145 665
1585113072854 0.9900000095367432 666
1585113106707 0.992222249507904 667
1585113140254 0.9877777099609375 668
1585113173465 0.9842528104782104 669
1585113207023 0.9869731068611145 670
1585113240472 0.9900000095367432 671
1585113274115 0.9836398363113403 672
1585113307708 0.9891952872276306 673
1585113341256 0.9855554699897766 674
1585113375305 0.9866665601730347 675
1585113409284 0.9877777099609375 676
1585113442660 0.9888888597488403 677
1585113475945 0.9864749908447266 678
1585113509606 0.9914177060127258 679
1585113542947 0.9877777099609375 680
1585113576472 0.9891954064369202 681
1585113610108 0.9877777099609375 682
1585113643810 0.9911110997200012 683
1585113677200 0.9922221302986145 684
1585113711465 0.9788122177124023 685
1585113744964 0.9858620762825012 686
1585113778676 0.9814176559448242 687
1585113812022 0.990306556224823 688
1585113845749 0.9925287961959839 689
1585113880183 0.9925287365913391 690
1585113913807 0.9900000095367432 691
1585113948256 0.9914177060127258 692
1585113984167 0.9847509860992432 693
1585114017877 0.9788888096809387 694
1585114051787 0.9922221302986145 695
1585114086341 0.992222249507904 696
1585114120524 0.9903064370155334 697
1585114154142 0.989501953125 698
1585114188183 0.9877777099609375 699
1585114221829 0.9836398363113403 700
1585114255445 0.9911110997200012 701
1585114288697 0.992222249507904 702
1585114322352 0.9844444394111633 703
1585114356060 0.9877777099609375 704
1585114389682 0.989501953125 705
1585114423205 0.9839463829994202 706
1585114457573 0.9795019626617432 707
1585114491937 0.990306556224823 708
1585114525314 0.9842528104782104 709
1585114558989 0.9812259674072266 710
1585114592436 0.9714175462722778 711
1585114625942 0.9844444394111633 712
1585114659901 0.9612643122673035 713
1585114693409 0.9911110997200012 714
1585114726919 0.9911110997200012 715
1585114761375 0.9869731068611145 716
1585114794587 0.990306556224823 717
1585114828006 0.9914175868034363 718
1585114862221 0.9814176559448242 719
1585114895708 0.9891954064369202 720
1585114929580 0.9869731068611145 721
1585114964364 0.9900000095367432 722
1585114998324 0.9933332800865173 723
1585115032677 0.9925287365913391 724
1585115066657 0.9820305705070496 725
1585115100660 0.9877777099609375 726
1585115134379 0.9900000095367432 727
1585115167964 0.9850574135780334 728
1585115202725 0.9914177060127258 729
1585115236202 0.9888888597488403 730
1585115269693 0.989501953125 731
1585115303495 0.9850574135780334 732
1585115337601 0.9900000095367432 733
1585115372247 0.992222249507904 734
1585115405862 0.9925287365913391 735
1585115439838 0.9900000095367432 736
1585115473780 0.9911110997200012 737
1585115507236 0.9911110997200012 738
1585115540883 0.9914175868034363 739
1585115575541 0.9911110997200012 740
1585115609307 0.9922221302986145 741
1585115642889 0.9911110997200012 742
1585115676549 0.9925287365913391 743
1585115710134 0.9911110997200012 744
1585115743936 0.9900000095367432 745
1585115777841 0.9877777099609375 746
1585115811439 0.9883907437324524 747
1585115845120 0.9895018339157104 748
1585115878851 0.9888888597488403 749
1585115912705 0.9877777099609375 750
1585115946446 0.9825286865234375 751
1585115980101 0.9888888597488403 752
1585116013705 0.9911110997200012 753
1585116046906 0.9861685633659363 754
1585116081324 0.9911110997200012 755
1585116115016 0.9806129932403564 756
1585116148742 0.9869731068611145 757
1585116182033 0.9847509860992432 758
1585116215238 0.9877777099609375 759
1585116249095 0.9869731068611145 760
1585116282749 0.9914175868034363 761
1585116316423 0.992222249507904 762
1585116350192 0.9877777099609375 763
1585116384106 0.9880842566490173 764
1585116417945 0.9861685633659363 765
1585116452405 0.9861685633659363 766
1585116486769 0.9925287365913391 767
1585116520942 0.9891954064369202 768
1585116554838 0.9906129837036133 769
1585116588545 0.9911110997200012 770
1585116622474 0.992222249507904 771
1585116656967 0.9817240834236145 772
1585116691069 0.9844443202018738 773
1585116724510 0.9888888597488403 774
1585116758288 0.9844444394111633 775
1585116792096 0.9888888597488403 776
1585116826767 0.9911110997200012 777
1585116860565 0.9900000095367432 778
1585116894132 0.992222249507904 779
1585116927843 0.9847508668899536 780
1585116961348 0.9922221302986145 781
1585116995114 0.9866665601730347 782
1585117029596 0.9855555295944214 783
1585117063154 0.989501953125 784
1585117096966 0.9823371171951294 785
1585117130303 0.9933333992958069 786
1585117163936 0.9933333992958069 787
1585117197701 0.9891954064369202 788
1585117231271 0.9880842566490173 789
1585117264695 0.9858620166778564 790
1585117298406 0.992222249507904 791
1585117333202 0.9822222590446472 792
1585117367362 0.9922221302986145 793
1585117401476 0.9864751100540161 794
1585117435352 0.9925287365913391 795
1585117468755 0.9911110997200012 796
1585117502341 0.9858620166778564 797
1585117535929 0.9801148176193237 798
1585117570136 0.9883907437324524 799
1585117604593 0.9922221302986145 800
1585117638337 0.9883908033370972 801
1585117672153 0.9858620762825012 802
1585117706045 0.9933332800865173 803
1585117740008 0.9936398267745972 804
1585117773311 0.9911110997200012 805
1585117806780 0.9844444394111633 806
1585117839963 0.9911110997200012 807
1585117873489 0.9866665601730347 808
1585117907722 0.9914175868034363 809
1585117941342 0.98333340883255 810
1585117975265 0.9911110997200012 811
1585118009194 0.9933332800865173 812
1585118042792 0.9914175868034363 813
1585118076090 0.9933332800865173 814
1585118109877 0.9933332800865173 815
1585118143193 0.9866665601730347 816
1585118176959 0.9888888597488403 817
1585118210545 0.9880842566490173 818
1585118244469 0.9809195399284363 819
1585118277998 0.9903064370155334 820
1585118311378 0.9880842566490173 821
1585118344875 0.992222249507904 822
1585118378247 0.9888888597488403 823
1585118411926 0.9925287365913391 824
1585118445427 0.9858620762825012 825
1585118478844 0.9911110997200012 826
1585118512037 0.9914175868034363 827
1585118545749 0.9900000095367432 828
1585118579357 0.9900000095367432 829
1585118612754 0.986973226070404 830
1585118646123 0.990306556224823 831
1585118679472 0.9933333992958069 832
1585118713321 0.9922221302986145 833
1585118746663 0.9872795939445496 834
1585118780594 0.9895018339157104 835
1585118813980 0.9880842566490173 836
1585118847449 0.9883907437324524 837
1585118880881 0.9891954064369202 838
1585118914373 0.9823371171951294 839
1585118947721 0.9900000095367432 840
1585118981973 0.9944443106651306 841
1585119016855 0.9900000095367432 842
1585119050283 0.9900000095367432 843
1585119083943 0.992222249507904 844
1585119117359 0.9914175868034363 845
1585119150877 0.992222249507904 846
1585119185194 0.9891954064369202 847
1585119218835 0.9888888597488403 848
1585119252042 0.9900000095367432 849
1585119286115 0.9911110997200012 850
1585119319988 0.990306556224823 851
1585119353700 0.9864751100540161 852
1585119387304 0.9888888597488403 853
1585119420831 0.9958621263504028 854
1585119454273 0.9944443106651306 855
1585119487702 0.992222249507904 856
1585119520989 0.9847508668899536 857
1585119555052 0.9903064370155334 858
1585119589659 0.9933332800865173 859
1585119622935 0.9858620166778564 860
1585119656678 0.9944444298744202 861
1585119690544 0.990306556224823 862
1585119724289 0.9933332800865173 863
1585119757843 0.9880842566490173 864
1585119791430 0.9883908033370972 865
1585119824838 0.9834482669830322 866
1585119858267 0.9922221302986145 867
1585119892050 0.9944444298744202 868
1585119925941 0.9855555295944214 869
1585119960800 0.9886972904205322 870
1585119994081 0.9911110997200012 871
1585120028177 0.9877777099609375 872
1585120062183 0.9837546944618225 873
1585120095699 0.9925287365913391 874
1585120129555 0.9803065061569214 875
1585120163533 0.9914175868034363 876
1585120198368 0.9903064370155334 877
1585120232006 0.9833332896232605 878
1585120265917 0.9853639602661133 879
1585120299810 0.9891954064369202 880
1585120333161 0.995555579662323 881
1585120366534 0.9880842566490173 882
1585120399839 0.992222249507904 883
1585120433316 0.9888888597488403 884
1585120467873 0.9911110997200012 885
1585120501241 0.9891954064369202 886
1585120534679 0.9911110997200012 887
1585120568382 0.9891954064369202 888
1585120601705 0.990306556224823 889
1585120635340 0.9883908033370972 890
1585120671486 0.9966666102409363 891
1585120706120 0.9872797131538391 892
1585120740645 0.9906129837036133 893
1585120774773 0.9877777099609375 894
1585120808510 0.9866665601730347 895
1585120841759 0.9914177060127258 896
1585120875561 0.9880842566490173 897
1585120909221 0.9925287365913391 898
1585120943031 0.9933332800865173 899
1585120976591 0.9933332800865173 900
1585121011395 0.9880842566490173 901
1585121045228 0.9888888597488403 902
1585121079058 0.9883908033370972 903
1585121112543 0.9911110401153564 904
1585121146214 0.9844444394111633 905
1585121179840 0.9914177060127258 906
1585121216624 0.9936398267745972 907
1585121251577 0.9858620762825012 908
1585121285360 0.9914177060127258 909
1585121318961 0.9866665601730347 910
1585121352629 0.9911110997200012 911
1585121386372 0.9914177060127258 912
1585121419808 0.9925287365913391 913
1585121453526 0.9933333992958069 914
1585121487396 0.9866665601730347 915
1585121520940 0.9906129837036133 916
1585121556766 0.9900000095367432 917
1585121591052 0.9944444298744202 918
1585121624667 0.990306556224823 919
1585121658207 0.9955554604530334 920
1585121691829 0.9888888597488403 921
1585121725526 0.9911110997200012 922
1585121759721 0.9891954064369202 923
1585121794833 0.9944444298744202 924
1585121828265 0.992222249507904 925
1585121862118 0.9888888597488403 926
1585121897087 0.986973226070404 927
1585121930482 0.9922221302986145 928
1585121964363 0.9900000095367432 929
1585121997694 0.9925287365913391 930
1585122031042 0.9880842566490173 931
1585122065073 0.9925287365913391 932
1585122098781 0.9922221302986145 933
1585122132356 0.9850574135780334 934
1585122166283 0.992222249507904 935
1585122200765 0.9933332800865173 936
1585122234055 0.9925287365913391 937
1585122267545 0.9944444298744202 938
1585122301275 0.9803065061569214 939
1585122334908 0.9911110997200012 940
1585122368645 0.9911110997200012 941
1585122402046 0.9944444298744202 942
1585122436081 0.9866665601730347 943
1585122469875 0.9869731068611145 944
1585122503733 0.9933332800865173 945
1585122537447 0.9911110997200012 946
1585122571106 0.9888888597488403 947
1585122605689 0.9914175868034363 948
1585122639392 0.9900000095367432 949
1585122673018 0.9817240834236145 950
1585122706536 0.9914177060127258 951
1585122740118 0.992222249507904 952
1585122773735 0.9955554604530334 953
1585122807951 0.9944444298744202 954
1585122841701 0.9933331608772278 955
1585122875448 0.9933332800865173 956
1585122910587 0.9944444298744202 957
1585122944090 0.9869731068611145 958
1585122977714 0.9925287365913391 959
1585123011870 0.9922221302986145 960
1585123045967 0.9872797131538391 961
1585123079601 0.9858620166778564 962
1585123114514 0.9903064370155334 963
1585123148527 0.9914177060127258 964
1585123181891 0.9858620762825012 965
1585123215302 0.9844444394111633 966
1585123250385 0.9925287365913391 967
1585123283707 0.986973226070404 968
1585123317953 0.9900000095367432 969
1585123351236 0.9888888597488403 970
1585123384945 0.9933332800865173 971
1585123418553 0.9947509765625 972
1585123452334 0.992222249507904 973
1585123486550 0.9903064370155334 974
1585123520580 0.9914175868034363 975
1585123554723 0.9861685633659363 976
1585123588322 0.9900000095367432 977
1585123622388 0.995555579662323 978
1585123656564 0.990306556224823 979
1585123690054 0.9925287365913391 980
1585123724487 0.9925287365913391 981
1585123757950 0.992222249507904 982
1585123791820 0.990306556224823 983
1585123825736 0.9900000095367432 984
1585123859263 0.9944444298744202 985
1585123892824 0.9933333992958069 986
1585123926711 0.9858620762825012 987
1585123960211 0.9914175868034363 988
1585123993390 0.9914175868034363 989
1585124026671 0.9795019626617432 990
1585124061274 0.9911110997200012 991
1585124094702 0.9955554604530334 992
1585124128337 0.9858620166778564 993
1585124161952 0.9914175868034363 994
1585124195562 0.9911110997200012 995
1585124229369 0.9869731068611145 996
1585124262793 0.9888888597488403 997
1585124296158 0.9933333992958069 998
1585124330651 0.9831417202949524 999
1585124364914 0.9922221302986145 1000
