1585090799544 0.8505749702453613 0
1585090832389 1.3250712156295776 1
1585090865022 1.0815997123718262 2
1585090897667 0.5784674882888794 3
1585090930443 0.497720867395401 4
1585090963097 0.6851024627685547 5
1585090996543 0.53399258852005 6
1585091029683 0.35919469594955444 7
1585091063111 0.3355133831501007 8
1585091096384 0.3830135464668274 9
1585091129675 0.43497782945632935 10
1585091163378 0.3828856945037842 11
1585091196564 0.3271092474460602 12
1585091229668 0.28800269961357117 13
1585091262758 0.3073221743106842 14
1585091295946 0.3341994881629944 15
1585091329142 0.36026349663734436 16
1585091362399 0.3311987817287445 17
1585091395525 0.29715725779533386 18
1585091428694 0.26747411489486694 19
1585091461906 0.2658027708530426 20
1585091494458 0.2630956768989563 21
1585091527401 0.2849840223789215 22
1585091560007 0.280396044254303 23
1585091592682 0.2527270019054413 24
1585091626195 0.24669981002807617 25
1585091658964 0.241207554936409 26
1585091691995 0.24090859293937683 27
1585091724730 0.24527546763420105 28
1585091757960 0.24231429398059845 29
1585091791028 0.23601627349853516 30
1585091824216 0.22832709550857544 31
1585091858720 0.2297200858592987 32
1585091891805 0.22497476637363434 33
1585091925125 0.22109760344028473 34
1585091958222 0.2216557115316391 35
1585091991519 0.2366933524608612 36
1585092024991 0.21352191269397736 37
1585092058198 0.20682811737060547 38
1585092091719 0.20370489358901978 39
1585092124966 0.2099345475435257 40
1585092158381 0.2022544890642166 41
1585092191511 0.2029840350151062 42
1585092224916 0.20020456612110138 43
1585092258119 0.18922606110572815 44
1585092291681 0.20163662731647491 45
1585092325323 0.19851139187812805 46
1585092358777 0.20175236463546753 47
1585092393230 0.1892804652452469 48
1585092426532 0.18673592805862427 49
1585092459544 0.18973098695278168 50
1585092492823 0.17951352894306183 51
1585092528285 0.19297891855239868 52
1585092561440 0.1778678148984909 53
1585092594621 0.18984664976596832 54
1585092628443 0.18495981395244598 55
1585092662257 0.18059128522872925 56
1585092695598 0.1751289665699005 57
1585092729057 0.17586618661880493 58
1585092762363 0.18586111068725586 59
1585092795683 0.16883422434329987 60
1585092829042 0.1648431271314621 61
1585092862580 0.17200522124767303 62
1585092895703 0.18425139784812927 63
1585092929024 0.16455425322055817 64
1585092962645 0.16658683121204376 65
1585092996382 0.16728563606739044 66
1585093029978 0.162734717130661 67
1585093063172 0.1653035581111908 68
1585093096286 0.16077636182308197 69
1585093129444 0.16781803965568542 70
1585093162699 0.15529638528823853 71
1585093196790 0.171057790517807 72
1585093229943 0.15777774155139923 73
1585093263226 0.15662811696529388 74
1585093296499 0.15608513355255127 75
1585093329760 0.15381436049938202 76
1585093364433 0.15205912292003632 77
1585093397839 0.16169753670692444 78
1585093431220 0.1606447398662567 79
1585093464378 0.15133331716060638 80
1585093497635 0.1637730598449707 81
1585093531611 0.1641525775194168 82
1585093565530 0.18233703076839447 83
1585093599887 0.15071208775043488 84
1585093632837 0.1564905196428299 85
1585093665997 0.1449078917503357 86
1585093699302 0.15149636566638947 87
1585093732358 0.13873757421970367 88
1585093766112 0.14532649517059326 89
1585093799393 0.14217408001422882 90
1585093832625 0.1415083110332489 91
1585093866506 0.14580410718917847 92
1585093899805 0.1392865926027298 93
1585093933007 0.14027997851371765 94
1585093966180 0.13984590768814087 95
1585093999567 0.13670141994953156 96
1585094032645 0.13856907188892365 97
1585094066037 0.1457802802324295 98
1585094099171 0.14116807281970978 99
1585094132203 0.134390190243721 100
1585094166114 0.14004813134670258 101
1585094199460 0.13335108757019043 102
1585094233076 0.13716399669647217 103
1585094266002 0.13678784668445587 104
1585094299174 0.14733555912971497 105
1585094332340 0.13521519303321838 106
1585094365536 0.14407098293304443 107
1585094398900 0.1342659592628479 108
1585094432882 0.12921123206615448 109
1585094466123 0.1360311210155487 110
1585094500018 0.12446460872888565 111
1585094534114 0.12781532108783722 112
1585094567240 0.13877658545970917 113
1585094600287 0.12402668595314026 114
1585094634022 0.1320791393518448 115
1585094667673 0.13588693737983704 116
1585094700888 0.12836043536663055 117
1585094734731 0.1357944756746292 118
1585094768132 0.1304340660572052 119
1585094802036 0.12596483528614044 120
1585094835307 0.12979789078235626 121
1585094868877 0.13201701641082764 122
1585094902673 0.13039393723011017 123
1585094935881 0.12225434929132462 124
1585094969371 0.12865710258483887 125
1585095002682 0.1215495839715004 126
1585095036223 0.12304732948541641 127
1585095069563 0.12690359354019165 128
1585095102807 0.12090740352869034 129
1585095136397 0.13014861941337585 130
1585095169926 0.13587601482868195 131
1585095203337 0.12561532855033875 132
1585095236615 0.13940365612506866 133
1585095269645 0.1279909461736679 134
1585095303056 0.12001000344753265 135
1585095337459 0.12065809220075607 136
1585095370778 0.12517397105693817 137
1585095404165 0.12525399029254913 138
1585095437649 0.12333367764949799 139
1585095472162 0.11935271322727203 140
1585095505607 0.11742360144853592 141
1585095539502 0.11601506173610687 142
1585095572881 0.1250179260969162 143
1585095606685 0.12106834352016449 144
1585095640343 0.11788424104452133 145
1585095673510 0.11635412275791168 146
1585095706394 0.12155918031930923 147
1585095739664 0.11356103420257568 148
1585095773576 0.14064499735832214 149
1585095806794 0.11535213887691498 150
1585095840189 0.11667762696743011 151
1585095873699 0.112049899995327 152
1585095906976 0.11757739633321762 153
1585095940086 0.11291013658046722 154
1585095973135 0.11039651930332184 155
1585096006388 0.11680217832326889 156
1585096039613 0.1176392212510109 157
1585096072862 0.10592540353536606 158
1585096106218 0.11870912462472916 159
1585096139665 0.10559132695198059 160
1585096173484 0.10646256804466248 161
1585096206555 0.11197870224714279 162
1585096239721 0.1101517379283905 163
1585096272793 0.11684538424015045 164
1585096306224 0.10585848242044449 165
1585096340552 0.10942746698856354 166
1585096373836 0.11294158548116684 167
1585096407077 0.11135385930538177 168
1585096440250 0.10991020500659943 169
1585096473998 0.11110976338386536 170
1585096507842 0.10399418324232101 171
1585096541329 0.10705029219388962 172
1585096574800 0.1071239486336708 173
1585096608258 0.10815951973199844 174
1585096641755 0.1009829193353653 175
1585096675016 0.10239607095718384 176
1585096708264 0.11364666372537613 177
1585096741591 0.11340371519327164 178
1585096774715 0.11098867654800415 179
1585096808243 0.10426401346921921 180
1585096841535 0.10785330086946487 181
1585096874578 0.10405158251523972 182
1585096907738 0.11396132409572601 183
1585096940887 0.10471179336309433 184
1585096974259 0.11167231947183609 185
1585097007413 0.10134277492761612 186
1585097040619 0.10506166517734528 187
1585097073697 0.10296530276536942 188
1585097107022 0.10231892764568329 189
1585097140347 0.11069615930318832 190
1585097173736 0.10196249186992645 191
1585097206889 0.10199690610170364 192
1585097240048 0.10506707429885864 193
1585097273481 0.09996746480464935 194
1585097307064 0.09711422026157379 195
1585097340053 0.10480081290006638 196
1585097373459 0.10952629148960114 197
1585097406928 0.1063571348786354 198
1585097440594 0.10095106065273285 199
1585097473603 0.10613147914409637 200
1585097506931 0.09669391810894012 201
1585097540207 0.11467918008565903 202
1585097573810 0.09860347211360931 203
1585097607503 0.09368642419576645 204
1585097640429 0.10315696150064468 205
1585097673555 0.09714418649673462 206
1585097706895 0.10212431848049164 207
1585097740282 0.09787190705537796 208
1585097774522 0.09349948167800903 209
1585097807650 0.09693312644958496 210
1585097841035 0.10122071206569672 211
1585097877207 0.0983947291970253 212
1585097910716 0.09887542575597763 213
1585097943881 0.1058647632598877 214
1585097977136 0.09726554155349731 215
1585098010385 0.09309183061122894 216
1585098043922 0.09791294485330582 217
1585098077750 0.09801886230707169 218
1585098111289 0.09340033680200577 219
1585098144776 0.1088695228099823 220
1585098178189 0.09579981118440628 221
1585098211986 0.09246710687875748 222
1585098245760 0.09818703681230545 223
1585098278680 0.09427321702241898 224
1585098311813 0.09750518947839737 225
1585098346526 0.08949584513902664 226
1585098379627 0.09803815931081772 227
1585098412898 0.09893112629652023 228
1585098446078 0.09622444212436676 229
1585098479393 0.10912246257066727 230
1585098512513 0.09068453311920166 231
1585098545858 0.1070115938782692 232
1585098579094 0.09686122834682465 233
1585098612664 0.09800945222377777 234
1585098645811 0.09412817656993866 235
1585098678892 0.10008052736520767 236
1585098712031 0.09516552835702896 237
1585098745644 0.09329568594694138 238
1585098780319 0.08749964088201523 239
1585098813490 0.09884162247180939 240
1585098846415 0.08898745477199554 241
1585098879861 0.09317690134048462 242
1585098913080 0.09038680791854858 243
1585098946254 0.09455379098653793 244
1585098979551 0.08991853147745132 245
1585099012873 0.08916660398244858 246
1585099045973 0.08551718294620514 247
1585099079099 0.0850481167435646 248
1585099112439 0.09583700448274612 249
1585099145717 0.08899259567260742 250
1585099178857 0.08724867552518845 251
1585099212503 0.10038629174232483 252
1585099245775 0.09807362407445908 253
1585099278737 0.09047046303749084 254
1585099312228 0.09050726890563965 255
1585099346034 0.09415192157030106 256
1585099379158 0.08532023429870605 257
1585099412546 0.11228961497545242 258
1585099446206 0.0867566168308258 259
1585099479421 0.09627071022987366 260
1585099512770 0.09146544337272644 261
1585099546109 0.09550711512565613 262
1585099579093 0.08684898912906647 263
1585099612185 0.08146943897008896 264
1585099645266 0.08960268646478653 265
1585099678616 0.0896480455994606 266
1585099711642 0.08365816622972488 267
1585099744900 0.08882686495780945 268
1585099777888 0.0961010754108429 269
1585099811019 0.08234555274248123 270
1585099844506 0.0825466439127922 271
1585099877899 0.09999080002307892 272
1585099911385 0.0844549909234047 273
1585099944585 0.08085733652114868 274
1585099977976 0.08479806780815125 275
1585100011299 0.0920611098408699 276
1585100044680 0.08649417012929916 277
1585100078091 0.09468457847833633 278
1585100111234 0.08708701282739639 279
1585100144447 0.08557572960853577 280
1585100177544 0.0824529230594635 281
1585100211068 0.08653633296489716 282
1585100244581 0.09349546581506729 283
1585100277855 0.08050797879695892 284
1585100311103 0.08901569247245789 285
1585100344311 0.08632365614175797 286
1585100377434 0.07959405332803726 287
1585100411040 0.09851758182048798 288
1585100444996 0.0856301560997963 289
1585100477948 0.08062891662120819 290
1585100511735 0.10159561038017273 291
1585100544797 0.08597001433372498 292
1585100579334 0.08946028351783752 293
1585100612431 0.0799194797873497 294
1585100646000 0.07931875437498093 295
1585100679566 0.08790220320224762 296
1585100713046 0.07778167724609375 297
1585100746476 0.09072861075401306 298
1585100779760 0.09441068768501282 299
1585100813104 0.0755324736237526 300
1585100846416 0.079707071185112 301
1585100879927 0.09332466125488281 302
1585100913980 0.0835697203874588 303
1585100947275 0.09084796905517578 304
1585100980649 0.07813870906829834 305
1585101013971 0.08117728680372238 306
1585101047110 0.08122092485427856 307
1585101080283 0.08809348940849304 308
1585101113489 0.0859239473938942 309
1585101146589 0.08461508899927139 310
1585101179984 0.08104007691144943 311
1585101213656 0.08327702432870865 312
1585101246870 0.0814165323972702 313
1585101280275 0.07837873697280884 314
1585101313358 0.07965751737356186 315
1585101347210 0.074871726334095 316
1585101380437 0.07854249328374863 317
1585101413711 0.08656912297010422 318
1585101446957 0.0880512148141861 319
1585101480510 0.07551417499780655 320
1585101513656 0.07945563644170761 321
1585101547092 0.07804533839225769 322
1585101580481 0.08136732131242752 323
1585101613741 0.07571256160736084 324
1585101647048 0.08868279308080673 325
1585101680255 0.07651256024837494 326
1585101713284 0.08549991995096207 327
1585101746542 0.07657120376825333 328
1585101779990 0.07997401803731918 329
1585101813642 0.0761721134185791 330
1585101846940 0.07435445487499237 331
1585101880654 0.08227960020303726 332
1585101913737 0.07717612385749817 333
1585101947116 0.07591938227415085 334
1585101980636 0.07199959456920624 335
1585102013929 0.09736905246973038 336
1585102048067 0.08833911269903183 337
1585102081189 0.09639672189950943 338
1585102114723 0.08375828713178635 339
1585102147888 0.08908525854349136 340
1585102181110 0.08775944262742996 341
1585102214251 0.07596493512392044 342
1585102247491 0.0816420391201973 343
1585102280621 0.08555278927087784 344
1585102313974 0.07590366154909134 345
1585102347387 0.11205148696899414 346
1585102380868 0.08024300634860992 347
1585102414169 0.07977786660194397 348
1585102447727 0.08113189041614532 349
1585102480975 0.07687287777662277 350
1585102514186 0.07185517251491547 351
1585102547791 0.07558061927556992 352
1585102581060 0.07723485678434372 353
1585102615249 0.07540655881166458 354
1585102648504 0.08019722998142242 355
1585102681954 0.0838203877210617 356
1585102715025 0.07491877675056458 357
1585102748037 0.07023726403713226 358
1585102781661 0.0751434862613678 359
1585102814830 0.06864778697490692 360
1585102849124 0.07565119862556458 361
1585102882548 0.06795929372310638 362
1585102915611 0.07027676701545715 363
1585102948952 0.0696881040930748 364
1585102982638 0.07536915689706802 365
1585103016038 0.0837482139468193 366
1585103049188 0.0730784609913826 367
1585103082766 0.07088234275579453 368
1585103115772 0.0802939310669899 369
1585103149296 0.07941551506519318 370
1585103182710 0.07120119035243988 371
1585103216753 0.0864882841706276 372
1585103249991 0.06560467928647995 373
1585103283239 0.0765741840004921 374
1585103316544 0.07161732017993927 375
1585103350185 0.0764509066939354 376
1585103383595 0.07989242672920227 377
1585103416872 0.07326025515794754 378
1585103450166 0.07328387349843979 379
1585103483576 0.0737713947892189 380
1585103516676 0.07559116184711456 381
1585103549878 0.06878695636987686 382
1585103583162 0.07261855155229568 383
1585103616520 0.06572911888360977 384
1585103650049 0.07712119072675705 385
1585103683633 0.06982570141553879 386
1585103717110 0.06688471883535385 387
1585103750511 0.07056701928377151 388
1585103783929 0.07049668580293655 389
1585103818296 0.07959486544132233 390
1585103851513 0.07908300310373306 391
1585103884865 0.07877340912818909 392
1585103918004 0.07376362383365631 393
1585103951518 0.06930023431777954 394
1585103984740 0.06567022949457169 395
1585104017901 0.0723486915230751 396
1585104051515 0.0742775946855545 397
1585104085171 0.08045009523630142 398
1585104118659 0.07533777505159378 399
1585104152102 0.07256131619215012 400
1585104185370 0.07742244750261307 401
1585104218398 0.07375765591859818 402
1585104251427 0.0682230293750763 403
1585104284948 0.06821294873952866 404
1585104318469 0.07100970298051834 405
1585104351980 0.07036222517490387 406
1585104384924 0.07903032749891281 407
1585104418976 0.0805232971906662 408
1585104452092 0.07002200186252594 409
1585104486654 0.06655187159776688 410
1585104519701 0.06802932918071747 411
1585104552868 0.06630305200815201 412
1585104586100 0.07780966907739639 413
1585104619795 0.0648154467344284 414
1585104652905 0.0791163221001625 415
1585104686126 0.07265064120292664 416
1585104719345 0.07606150209903717 417
1585104752489 0.06831970810890198 418
1585104786266 0.08117441087961197 419
1585104819688 0.06956177949905396 420
1585104853085 0.06260135024785995 421
1585104886828 0.06790236383676529 422
1585104920269 0.06378743797540665 423
1585104953589 0.07185361534357071 424
1585104986980 0.07283202558755875 425
1585105020257 0.07080025225877762 426
1585105053420 0.07269849628210068 427
1585105086703 0.07532325387001038 428
1585105119858 0.0645160973072052 429
1585105153350 0.06608007103204727 430
1585105186507 0.06939087063074112 431
1585105220115 0.08243271708488464 432
1585105253790 0.06895136088132858 433
1585105287007 0.07105700671672821 434
1585105322409 0.06612750887870789 435
1585105355804 0.0667048841714859 436
1585105389488 0.06833414733409882 437
1585105423245 0.06821151077747345 438
1585105456865 0.06303145736455917 439
1585105490641 0.06904307752847672 440
1585105524369 0.07611336559057236 441
1585105557827 0.0707104504108429 442
1585105591233 0.06661207228899002 443
1585105624973 0.0734269991517067 444
1585105658393 0.06339118629693985 445
1585105691647 0.06671718508005142 446
1585105725448 0.07273006439208984 447
1585105758993 0.07475069165229797 448
1585105792270 0.07151595503091812 449
1585105826485 0.08078628778457642 450
1585105859711 0.06653205305337906 451
1585105893189 0.0676964521408081 452
1585105926544 0.06512299180030823 453
1585105959888 0.06367051601409912 454
1585105993284 0.06308072060346603 455
1585106026524 0.06517374515533447 456
1585106060330 0.06662214547395706 457
1585106093540 0.06656371802091599 458
1585106127014 0.074379101395607 459
1585106161428 0.06950019299983978 460
1585106194675 0.06493838131427765 461
1585106228024 0.06633061915636063 462
1585106261538 0.06544410437345505 463
1585106294698 0.07015855610370636 464
1585106327784 0.06743288040161133 465
1585106361054 0.06835942715406418 466
1585106395108 0.06234206259250641 467
1585106428236 0.06246081367135048 468
1585106462065 0.08766619116067886 469
1585106495936 0.06595464795827866 470
1585106529224 0.06526331603527069 471
1585106562744 0.06132801994681358 472
1585106596233 0.07443194836378098 473
1585106629907 0.06977757066488266 474
1585106663257 0.07394470274448395 475
1585106696532 0.06555957347154617 476
1585106729941 0.06024334952235222 477
1585106762974 0.06469015032052994 478
1585106796335 0.0698927491903305 479
1585106829602 0.06304994225502014 480
1585106864463 0.0681222602725029 481
1585106897844 0.0670904740691185 482
1585106931237 0.08659353852272034 483
1585106965157 0.08044057339429855 484
1585106999551 0.0721512958407402 485
1585107032986 0.06256557255983353 486
1585107066412 0.06528420001268387 487
1585107099839 0.060747019946575165 488
1585107133508 0.06379453092813492 489
1585107167296 0.06190546229481697 490
1585107200430 0.06603063642978668 491
1585107233753 0.06358851492404938 492
1585107267197 0.07339697331190109 493
1585107300720 0.060073886066675186 494
1585107334924 0.07245495915412903 495
1585107368492 0.05873064324259758 496
1585107401819 0.0612521767616272 497
1585107434983 0.06097706779837608 498
1585107468236 0.0625242367386818 499
1585107501375 0.06626217067241669 500
1585107535056 0.05715842917561531 501
1585107568242 0.07321777194738388 502
1585107601256 0.07065866142511368 503
1585107634506 0.059186238795518875 504
1585107667696 0.06162421777844429 505
1585107701431 0.06785624474287033 506
1585107735377 0.06387859582901001 507
1585107769735 0.06485070288181305 508
1585107803104 0.061577439308166504 509
1585107836417 0.06478190422058105 510
1585107869321 0.059589821845293045 511
1585107902525 0.0632401704788208 512
1585107935812 0.06901675462722778 513
1585107969335 0.057785749435424805 514
1585108002714 0.07512927055358887 515
1585108035962 0.06311432272195816 516
1585108070930 0.06625682860612869 517
1585108104225 0.0616505891084671 518
1585108137490 0.059540703892707825 519
1585108170612 0.06338146328926086 520
1585108203820 0.0579538494348526 521
1585108237267 0.07908911257982254 522
1585108270441 0.05824410170316696 523
1585108303772 0.06083621084690094 524
1585108336934 0.059249408543109894 525
1585108370051 0.05811646208167076 526
1585108403319 0.061987631022930145 527
1585108438084 0.060376863926649094 528
1585108471469 0.060332417488098145 529
1585108504634 0.05929887294769287 530
1585108538043 0.0609380342066288 531
1585108571282 0.07368633151054382 532
1585108604630 0.05859147757291794 533
1585108638549 0.06962506473064423 534
1585108672129 0.057155147194862366 535
1585108705697 0.056012969464063644 536
1585108739128 0.07052203267812729 537
1585108772691 0.060604169964790344 538
1585108805882 0.06142061948776245 539
1585108839738 0.05579216778278351 540
1585108872979 0.08358531445264816 541
1585108907220 0.06835167855024338 542
1585108940951 0.05517416074872017 543
1585108973996 0.06742627918720245 544
1585109007093 0.05972374975681305 545
1585109040573 0.06231668218970299 546
1585109074012 0.056798797100782394 547
1585109107311 0.06317508965730667 548
1585109140531 0.06858497112989426 549
1585109173764 0.060969818383455276 550
1585109207068 0.06032608821988106 551
1585109240726 0.059094447642564774 552
1585109274012 0.0603964738547802 553
1585109307489 0.05820603668689728 554
1585109340508 0.06312970817089081 555
1585109374488 0.06525488942861557 556
1585109407703 0.05609436705708504 557
1585109440838 0.05915720760822296 558
1585109474170 0.05727493017911911 559
1585109507307 0.064226895570755 560
1585109540402 0.062058355659246445 561
1585109574080 0.06615005433559418 562
1585109607618 0.0588504858314991 563
1585109640664 0.05708290636539459 564
1585109674595 0.05597037822008133 565
1585109707944 0.05435332655906677 566
1585109741769 0.0619332529604435 567
1585109775681 0.06906445324420929 568
1585109808866 0.0631825178861618 569
1585109842538 0.0613156296312809 570
1585109875928 0.057627130299806595 571
1585109909605 0.07523772120475769 572
1585109943042 0.06022493168711662 573
1585109976298 0.062231242656707764 574
1585110009299 0.06495484709739685 575
1585110043749 0.05845031514763832 576
1585110077351 0.053453780710697174 577
1585110110626 0.058403730392456055 578
1585110143794 0.057472068816423416 579
1585110177193 0.07251095026731491 580
1585110211379 0.06394506990909576 581
1585110244848 0.06528729945421219 582
1585110278328 0.06539984792470932 583
1585110311440 0.06135748699307442 584
1585110345003 0.05969206616282463 585
1585110378243 0.07245474308729172 586
1585110411420 0.05408551171422005 587
1585110444567 0.05865688994526863 588
1585110477718 0.05644773319363594 589
1585110510897 0.05796421319246292 590
1585110544248 0.05474856123328209 591
1585110577393 0.06728962063789368 592
1585110611628 0.0580112524330616 593
1585110644694 0.05899994447827339 594
1585110677717 0.06578532606363297 595
1585110712013 0.0696151852607727 596
1585110745409 0.06206579506397247 597
1585110778430 0.06603715568780899 598
1585110811611 0.05847342684864998 599
1585110844740 0.06543047726154327 600
1585110877738 0.059414878487586975 601
1585110910950 0.056887198239564896 602
1585110944176 0.07195118814706802 603
1585110977913 0.06432660669088364 604
1585111011474 0.051639143377542496 605
1585111044604 0.06365310400724411 606
1585111079149 0.05657617375254631 607
1585111112612 0.05595788732171059 608
1585111146043 0.06484595686197281 609
1585111179528 0.05822867900133133 610
1585111213188 0.05839046463370323 611
1585111246413 0.0505010150372982 612
1585111279993 0.0562920905649662 613
1585111313596 0.061074092984199524 614
1585111347122 0.05778271704912186 615
1585111380308 0.057308245450258255 616
1585111413889 0.05530271306633949 617
1585111447527 0.0509454682469368 618
1585111480953 0.06130235642194748 619
1585111514045 0.053737275302410126 620
1585111547221 0.052140213549137115 621
1585111580560 0.056198835372924805 622
1585111615042 0.07285001873970032 623
1585111648211 0.051544852554798126 624
1585111681550 0.05333340913057327 625
1585111715239 0.05339326336979866 626
1585111748757 0.05525512248277664 627
1585111782046 0.05786572024226189 628
1585111815839 0.053578078746795654 629
1585111849756 0.06776278465986252 630
1585111883092 0.057669349014759064 631
1585111916715 0.05577927082777023 632
1585111951148 0.057349793612957 633
1585111984835 0.05258845537900925 634
1585112018991 0.05526844784617424 635
1585112053641 0.06607721000909805 636
1585112087618 0.05421227961778641 637
1585112121401 0.05371716991066933 638
1585112155441 0.054853539913892746 639
1585112189145 0.05336238443851471 640
1585112222801 0.05574921891093254 641
1585112257385 0.05142347887158394 642
1585112292088 0.051248949021101 643
1585112325712 0.055059075355529785 644
1585112359338 0.05755118653178215 645
1585112392999 0.06198406219482422 646
1585112426881 0.059190887957811356 647
1585112460884 0.049977198243141174 648
1585112496168 0.05309135839343071 649
1585112529740 0.056136131286621094 650
1585112563374 0.053837522864341736 651
1585112598738 0.05222143605351448 652
1585112632988 0.056484419852495193 653
1585112666533 0.05557345226407051 654
1585112700210 0.06018265709280968 655
1585112733510 0.05205709487199783 656
1585112767226 0.053752701729536057 657
1585112800532 0.05573491379618645 658
1585112834653 0.05101124569773674 659
1585112869009 0.06573440134525299 660
1585112903054 0.059774015098810196 661
1585112936950 0.05650344118475914 662
1585112971161 0.0626664012670517 663
1585113004781 0.056199006736278534 664
1585113039085 0.05659889057278633 665
1585113072854 0.059710342437028885 666
1585113106707 0.04781842231750488 667
1585113140254 0.05531711131334305 668
1585113173465 0.060932863503694534 669
1585113207023 0.052004095166921616 670
1585113240472 0.05178217217326164 671
1585113274115 0.056118566542863846 672
1585113307708 0.05168142542243004 673
1585113341256 0.05606898292899132 674
1585113375305 0.05674152821302414 675
1585113409284 0.05588975176215172 676
1585113442660 0.05658802017569542 677
1585113475945 0.053032152354717255 678
1585113509606 0.04880852624773979 679
1585113542947 0.05463438481092453 680
1585113576472 0.06028180196881294 681
1585113610108 0.05838910862803459 682
1585113643810 0.05526776984333992 683
1585113677200 0.05220365524291992 684
1585113711465 0.06157137453556061 685
1585113744964 0.05417404696345329 686
1585113778676 0.06164519861340523 687
1585113812022 0.05442133918404579 688
1585113845749 0.05081452801823616 689
1585113880183 0.0527038648724556 690
1585113913807 0.05324243754148483 691
1585113948256 0.05086961388587952 692
1585113984167 0.054799292236566544 693
1585114017877 0.0689830407500267 694
1585114051787 0.051038581877946854 695
1585114086341 0.05204363539814949 696
1585114120524 0.05304119735956192 697
1585114154142 0.054832298308610916 698
1585114188183 0.050541672855615616 699
1585114221829 0.056369561702013016 700
1585114255445 0.049205828458070755 701
1585114288697 0.05106459558010101 702
1585114322352 0.05696556344628334 703
1585114356060 0.053468137979507446 704
1585114389682 0.050748903304338455 705
1585114423205 0.061796195805072784 706
1585114457573 0.06443582475185394 707
1585114491937 0.05167026445269585 708
1585114525314 0.05799635127186775 709
1585114558989 0.0629749596118927 710
1585114592436 0.07778697460889816 711
1585114625942 0.05543767288327217 712
1585114659901 0.08512639999389648 713
1585114693409 0.0511300303041935 714
1585114726919 0.05118474364280701 715
1585114761375 0.053961142897605896 716
1585114794587 0.05291297659277916 717
1585114828006 0.05133272707462311 718
1585114862221 0.06010369583964348 719
1585114895708 0.05192502588033676 720
1585114929580 0.05182773247361183 721
1585114964364 0.05624530836939812 722
1585114998324 0.05292220041155815 723
1585115032677 0.05090969800949097 724
1585115066657 0.06382562965154648 725
1585115100660 0.05442951247096062 726
1585115134379 0.05586754530668259 727
1585115167964 0.05597781389951706 728
1585115202725 0.047665052115917206 729
1585115236202 0.05058097094297409 730
1585115269693 0.05513102561235428 731
1585115303495 0.056839704513549805 732
1585115337601 0.05137370899319649 733
1585115372247 0.04817504435777664 734
1585115405862 0.05009712278842926 735
1585115439838 0.0547039732336998 736
1585115473780 0.05218178406357765 737
1585115507236 0.05118366330862045 738
1585115540883 0.052399009466171265 739
1585115575541 0.050758592784404755 740
1585115609307 0.04764740541577339 741
1585115642889 0.04865073040127754 742
1585115676549 0.04987418279051781 743
1585115710134 0.05201714113354683 744
1585115743936 0.05103793367743492 745
1585115777841 0.053573522716760635 746
1585115811439 0.05592411756515503 747
1585115845120 0.05290001630783081 748
1585115878851 0.05567913502454758 749
1585115912705 0.05312451347708702 750
1585115946446 0.06126674637198448 751
1585115980101 0.05140743777155876 752
1585116013705 0.05786186456680298 753
1585116046906 0.05501607060432434 754
1585116081324 0.048373620957136154 755
1585116115016 0.062221527099609375 756
1585116148742 0.0558396577835083 757
1585116182033 0.05436781421303749 758
1585116215238 0.052643682807683945 759
1585116249095 0.05739961192011833 760
1585116282749 0.0486752912402153 761
1585116316423 0.04758087545633316 762
1585116350192 0.05418277159333229 763
1585116384106 0.05972427874803543 764
1585116417945 0.06137295067310333 765
1585116452405 0.05549962446093559 766
1585116486769 0.047378621995449066 767
1585116520942 0.0525084026157856 768
1585116554838 0.04707278311252594 769
1585116588545 0.05093400180339813 770
1585116622474 0.050240408629179 771
1585116656967 0.05969088524580002 772
1585116691069 0.07218486815690994 773
1585116724510 0.054854463785886765 774
1585116758288 0.06556002050638199 775
1585116792096 0.05466668680310249 776
1585116826767 0.049747783690690994 777
1585116860565 0.04886965453624725 778
1585116894132 0.04901798069477081 779
1585116927843 0.053341809660196304 780
1585116961348 0.04807141795754433 781
1585116995114 0.0521707683801651 782
1585117029596 0.06069716438651085 783
1585117063154 0.05625738203525543 784
1585117096966 0.05821585655212402 785
1585117130303 0.04756670445203781 786
1585117163936 0.046814944595098495 787
1585117197701 0.050602931529283524 788
1585117231271 0.05583859980106354 789
1585117264695 0.052306823432445526 790
1585117298406 0.05554080381989479 791
1585117333202 0.06238356605172157 792
1585117367362 0.04876020923256874 793
1585117401476 0.05508141592144966 794
1585117435352 0.04886273667216301 795
1585117468755 0.0514402911067009 796
1585117502341 0.054727181792259216 797
1585117535929 0.06868211179971695 798
1585117570136 0.053340695798397064 799
1585117604593 0.04803645983338356 800
1585117638337 0.05121486261487007 801
1585117672153 0.05213814601302147 802
1585117706045 0.051326509565114975 803
1585117740008 0.04493613913655281 804
1585117773311 0.04743592441082001 805
1585117806780 0.05799747258424759 806
1585117839963 0.04925147816538811 807
1585117873489 0.04980679601430893 808
1585117907722 0.047949183732271194 809
1585117941342 0.05861758068203926 810
1585117975265 0.04607851430773735 811
1585118009194 0.04538192227482796 812
1585118042792 0.0501188226044178 813
1585118076090 0.04512831196188927 814
1585118109877 0.04833217337727547 815
1585118143193 0.05173178389668465 816
1585118176959 0.05023391544818878 817
1585118210545 0.05016179010272026 818
1585118244469 0.05267713963985443 819
1585118277998 0.05284237116575241 820
1585118311378 0.053388845175504684 821
1585118344875 0.04852753132581711 822
1585118378247 0.05135878920555115 823
1585118411926 0.05140490084886551 824
1585118445427 0.0520411841571331 825
1585118478844 0.04683913290500641 826
1585118512037 0.048690035939216614 827
1585118545749 0.04912305995821953 828
1585118579357 0.045957449823617935 829
1585118612754 0.05136702582240105 830
1585118646123 0.04969708248972893 831
1585118679472 0.04322740435600281 832
1585118713321 0.045206133276224136 833
1585118746663 0.053077422082424164 834
1585118780594 0.050200480967760086 835
1585118813980 0.05095498263835907 836
1585118847449 0.04827328771352768 837
1585118880881 0.0555485263466835 838
1585118914373 0.06547868251800537 839
1585118947721 0.05113746225833893 840
1585118981973 0.04338349774479866 841
1585119016855 0.049670588225126266 842
1585119050283 0.04671142250299454 843
1585119083943 0.04628478363156319 844
1585119117359 0.04593940079212189 845
1585119150877 0.04352504387497902 846
1585119185194 0.0526617057621479 847
1585119218835 0.055194590240716934 848
1585119252042 0.05298471450805664 849
1585119286115 0.05248146504163742 850
1585119319988 0.04910746589303017 851
1585119353700 0.04931451007723808 852
1585119387304 0.05139683187007904 853
1585119420831 0.04420192912220955 854
1585119454273 0.043729282915592194 855
1585119487702 0.04632700979709625 856
1585119520989 0.05473511666059494 857
1585119555052 0.05214657634496689 858
1585119589659 0.04587208479642868 859
1585119622935 0.05495874211192131 860
1585119656678 0.04512457922101021 861
1585119690544 0.04826996847987175 862
1585119724289 0.0432920940220356 863
1585119757843 0.053732432425022125 864
1585119791430 0.05029381439089775 865
1585119824838 0.0568343810737133 866
1585119858267 0.04766395688056946 867
1585119892050 0.043387092649936676 868
1585119925941 0.05907118320465088 869
1585119960800 0.05402803048491478 870
1585119994081 0.047086309641599655 871
1585120028177 0.05236074700951576 872
1585120062183 0.059185922145843506 873
1585120095699 0.04666014388203621 874
1585120129555 0.06240738928318024 875
1585120163533 0.051444608718156815 876
1585120198368 0.050274576991796494 877
1585120232006 0.054849106818437576 878
1585120265917 0.055300842970609665 879
1585120299810 0.04985123127698898 880
1585120333161 0.045253973454236984 881
1585120366534 0.050428081303834915 882
1585120399839 0.04610144719481468 883
1585120433316 0.054108090698719025 884
1585120467873 0.0450732596218586 885
1585120501241 0.04713647440075874 886
1585120534679 0.04490654170513153 887
1585120568382 0.056299395859241486 888
1585120601705 0.052654292434453964 889
1585120635340 0.05240266025066376 890
1585120671486 0.044597920030355453 891
1585120706120 0.046354252845048904 892
1585120740645 0.05134502053260803 893
1585120774773 0.048141129314899445 894
1585120808510 0.05713914707303047 895
1585120841759 0.04990928992629051 896
1585120875561 0.04849284142255783 897
1585120909221 0.048497479408979416 898
1585120943031 0.047067929059267044 899
1585120976591 0.0420859158039093 900
1585121011395 0.05659953132271767 901
1585121045228 0.04935233294963837 902
1585121079058 0.04800122231245041 903
1585121112543 0.051855091005563736 904
1585121146214 0.05719855800271034 905
1585121179840 0.04946722835302353 906
1585121216624 0.04322931542992592 907
1585121251577 0.06348751485347748 908
1585121285360 0.04720463976264 909
1585121318961 0.052824635058641434 910
1585121352629 0.04720282554626465 911
1585121386372 0.042366866022348404 912
1585121419808 0.04970501735806465 913
1585121453526 0.04605017974972725 914
1585121487396 0.054910045117139816 915
1585121520940 0.04684934392571449 916
1585121556766 0.04874018207192421 917
1585121591052 0.046357106417417526 918
1585121624667 0.05133466795086861 919
1585121658207 0.04548707976937294 920
1585121691829 0.05220119282603264 921
1585121725526 0.04827083647251129 922
1585121759721 0.04910331591963768 923
1585121794833 0.047151193022727966 924
1585121828265 0.047101039439439774 925
1585121862118 0.04588590934872627 926
1585121897087 0.049747027456760406 927
1585121930482 0.04548628628253937 928
1585121964363 0.046394310891628265 929
1585121997694 0.043519992381334305 930
1585122031042 0.049984902143478394 931
1585122065073 0.04812994599342346 932
1585122098781 0.0484292134642601 933
1585122132356 0.0597224161028862 934
1585122166283 0.050904933363199234 935
1585122200765 0.04651639237999916 936
1585122234055 0.04356091842055321 937
1585122267545 0.046311698853969574 938
1585122301275 0.0603635236620903 939
1585122334908 0.046583376824855804 940
1585122368645 0.04678314924240112 941
1585122402046 0.04241374880075455 942
1585122436081 0.057434745132923126 943
1585122469875 0.056451864540576935 944
1585122503733 0.04546135291457176 945
1585122537447 0.050624601542949677 946
1585122571106 0.052863460034132004 947
1585122605689 0.04929942637681961 948
1585122639392 0.04655225947499275 949
1585122673018 0.061295974999666214 950
1585122706536 0.04396957531571388 951
1585122740118 0.048168767243623734 952
1585122773735 0.04274175688624382 953
1585122807951 0.046370286494493484 954
1585122841701 0.04597802832722664 955
1585122875448 0.04940645396709442 956
1585122910587 0.044042401015758514 957
1585122944090 0.05459418147802353 958
1585122977714 0.04705192521214485 959
1585123011870 0.04428223893046379 960
1585123045967 0.056023042649030685 961
1585123079601 0.052420273423194885 962
1585123114514 0.04823156073689461 963
1585123148527 0.04848065599799156 964
1585123181891 0.0543728806078434 965
1585123215302 0.05683160573244095 966
1585123250385 0.04460696876049042 967
1585123283707 0.05008391663432121 968
1585123317953 0.04879351332783699 969
1585123351236 0.05059606581926346 970
1585123384945 0.04280998557806015 971
1585123418553 0.04433611407876015 972
1585123452334 0.04611032456159592 973
1585123486550 0.0443369597196579 974
1585123520580 0.051242075860500336 975
1585123554723 0.05550917610526085 976
1585123588322 0.04621861129999161 977
1585123622388 0.04174330085515976 978
1585123656564 0.045602232217788696 979
1585123690054 0.047588199377059937 980
1585123724487 0.04232689365744591 981
1585123757950 0.04553445056080818 982
1585123791820 0.04250122979283333 983
1585123825736 0.05044496804475784 984
1585123859263 0.04121019318699837 985
1585123892824 0.046324245631694794 986
1585123926711 0.04771937429904938 987
1585123960211 0.05461140349507332 988
1585123993390 0.0468384213745594 989
1585124026671 0.06578424572944641 990
1585124061274 0.04987148568034172 991
1585124094702 0.0429171659052372 992
1585124128337 0.05011563375592232 993
1585124161952 0.046046990901231766 994
1585124195562 0.04806564375758171 995
1585124229369 0.04979120194911957 996
1585124262793 0.04827434569597244 997
1585124296158 0.04253693297505379 998
1585124330651 0.0563267283141613 999
1585124364914 0.04408261179924011 1000
