1585090811097 0.8315979242324829 0
1585090843695 1.278247356414795 1
1585090876546 1.0511740446090698 2
1585090909204 0.5451560616493225 3
1585090941968 0.4751345217227936 4
1585090974715 0.6495658755302429 5
1585091008217 0.490540087223053 6
1585091041441 0.32301467657089233 7
1585091074746 0.30624955892562866 8
1585091108067 0.36867985129356384 9
1585091141522 0.3990658223628998 10
1585091175008 0.37269580364227295 11
1585091208210 0.30609235167503357 12
1585091241250 0.27571478486061096 13
1585091274362 0.28631171584129333 14
1585091307609 0.30972835421562195 15
1585091340879 0.3249582052230835 16
1585091373924 0.31004011631011963 17
1585091407226 0.2819643020629883 18
1585091440270 0.2781897187232971 19
1585091473434 0.2765437662601471 20
1585091505944 0.2876151204109192 21
1585091538866 0.3199198246002197 22
1585091571423 0.2964179813861847 23
1585091604128 0.27622488141059875 24
1585091637765 0.26014137268066406 25
1585091670550 0.2532890737056732 26
1585091703504 0.25629347562789917 27
1585091736350 0.2670004069805145 28
1585091769583 0.2828741669654846 29
1585091802657 0.2711917459964752 30
1585091835826 0.2648172080516815 31
1585091870280 0.25618070363998413 32
1585091903334 0.2510165274143219 33
1585091936833 0.2501813471317291 34
1585091969737 0.2687741816043854 35
1585092003208 0.247585728764534 36
1585092036499 0.23619352281093597 37
1585092070017 0.22843322157859802 38
1585092103370 0.2349051833152771 39
1585092136607 0.23520919680595398 40
1585092170058 0.22493377327919006 41
1585092203228 0.235044926404953 42
1585092236624 0.23460517823696136 43
1585092269983 0.2201954871416092 44
1585092303472 0.22469347715377808 45
1585092337285 0.22365650534629822 46
1585092370592 0.22187229990959167 47
1585092405006 0.20906129479408264 48
1585092438132 0.22375436127185822 49
1585092471248 0.22475603222846985 50
1585092504404 0.21244966983795166 51
1585092539821 0.2115740180015564 52
1585092573063 0.2158447802066803 53
1585092606231 0.20641553401947021 54
1585092640681 0.20315369963645935 55
1585092673872 0.2057613581418991 56
1585092707206 0.20386956632137299 57
1585092740889 0.21895502507686615 58
1585092774140 0.2041550576686859 59
1585092807487 0.20816287398338318 60
1585092840929 0.20913514494895935 61
1585092874256 0.19695737957954407 62
1585092907383 0.19750496745109558 63
1585092941199 0.19881071150302887 64
1585092975051 0.18695548176765442 65
1585093008245 0.20585522055625916 66
1585093041704 0.20035241544246674 67
1585093074755 0.19565385580062866 68
1585093107994 0.18820711970329285 69
1585093141180 0.18746887147426605 70
1585093175189 0.18387025594711304 71
1585093208374 0.19570215046405792 72
1585093241705 0.18719977140426636 73
1585093275124 0.187438502907753 74
1585093308170 0.18097105622291565 75
1585093341973 0.19367913901805878 76
1585093376063 0.192513570189476 77
1585093409490 0.18032778799533844 78
1585093442768 0.18279236555099487 79
1585093476173 0.1862863153219223 80
1585093509796 0.18255561590194702 81
1585093543793 0.17470914125442505 82
1585093577308 0.17477335035800934 83
1585093611521 0.18680529296398163 84
1585093644624 0.17662125825881958 85
1585093677773 0.16824716329574585 86
1585093710974 0.17405012249946594 87
1585093744039 0.17986954748630524 88
1585093777914 0.17503173649311066 89
1585093811081 0.169265478849411 90
1585093844716 0.18042516708374023 91
1585093878213 0.1715259701013565 92
1585093911361 0.1636250615119934 93
1585093944798 0.17417994141578674 94
1585093977984 0.16214510798454285 95
1585094011200 0.17983710765838623 96
1585094044356 0.16525056958198547 97
1585094077799 0.16713924705982208 98
1585094110805 0.1704639494419098 99
1585094144257 0.17319835722446442 100
1585094178003 0.16245153546333313 101
1585094211328 0.16633515059947968 102
1585094244664 0.17372824251651764 103
1585094277668 0.16615146398544312 104
1585094310820 0.16371740400791168 105
1585094344125 0.1616429090499878 106
1585094377181 0.16245287656784058 107
1585094411356 0.16651220619678497 108
1585094444580 0.16526710987091064 109
1585094477753 0.170598566532135 110
1585094511839 0.15983927249908447 111
1585094545766 0.15740510821342468 112
1585094578778 0.16538144648075104 113
1585094612314 0.15323834121227264 114
1585094645901 0.15400587022304535 115
1585094679294 0.15235453844070435 116
1585094712650 0.15759265422821045 117
1585094746422 0.16631755232810974 118
1585094779911 0.15045827627182007 119
1585094813750 0.15432266891002655 120
1585094847004 0.16300426423549652 121
1585094880551 0.15916170179843903 122
1585094914323 0.1526907980442047 123
1585094947562 0.15255431830883026 124
1585094980952 0.1591668426990509 125
1585095014329 0.15212033689022064 126
1585095047952 0.15360820293426514 127
1585095081266 0.15517805516719818 128
1585095114608 0.15741261839866638 129
1585095148383 0.15183700621128082 130
1585095181572 0.1448425054550171 131
1585095215133 0.15290020406246185 132
1585095248289 0.16774700582027435 133
1585095281647 0.1658146232366562 134
1585095315788 0.15547551214694977 135
1585095348953 0.1445014625787735 136
1585095382348 0.14201109111309052 137
1585095415796 0.16073600947856903 138
1585095449365 0.1532551348209381 139
1585095483805 0.15022259950637817 140
1585095517412 0.16545675694942474 141
1585095551193 0.1485362946987152 142
1585095584618 0.14672459661960602 143
1585095618382 0.14087140560150146 144
1585095651904 0.14631634950637817 145
1585095685086 0.1402946412563324 146
1585095717994 0.1586887091398239 147
1585095751191 0.14214327931404114 148
1585095785170 0.14083102345466614 149
1585095818339 0.14181067049503326 150
1585095852156 0.1382354199886322 151
1585095885384 0.13964350521564484 152
1585095918638 0.14435409009456635 153
1585095951627 0.14494898915290833 154
1585095984690 0.15200069546699524 155
1585096018135 0.1433689296245575 156
1585096051263 0.1369951218366623 157
1585096084465 0.14021174609661102 158
1585096117957 0.13688892126083374 159
1585096151418 0.13941891491413116 160
1585096185103 0.14275649189949036 161
1585096218134 0.14883776009082794 162
1585096251287 0.14339551329612732 163
1585096284545 0.13687339425086975 164
1585096317990 0.1347295194864273 165
1585096352221 0.1403917521238327 166
1585096385541 0.1297779232263565 167
1585096418690 0.14435404539108276 168
1585096452227 0.15788383781909943 169
1585096485784 0.14023742079734802 170
1585096519550 0.13476015627384186 171
1585096553178 0.1380474716424942 172
1585096586784 0.155190110206604 173
1585096619907 0.1364370435476303 174
1585096653443 0.1351926177740097 175
1585096686677 0.14149965345859528 176
1585096719935 0.14480093121528625 177
1585096753158 0.13590852916240692 178
1585096786358 0.13180413842201233 179
1585096820022 0.13549770414829254 180
1585096853126 0.12967465817928314 181
1585096886112 0.1292087882757187 182
1585096919314 0.1393548846244812 183
1585096952789 0.13725341856479645 184
1585096985873 0.1388949304819107 185
1585097018995 0.13538269698619843 186
1585097052181 0.13302181661128998 187
1585097085343 0.127667635679245 188
1585097118728 0.1324964314699173 189
1585097152023 0.13742287456989288 190
1585097185376 0.13199424743652344 191
1585097218548 0.15176181495189667 192
1585097251659 0.1234339103102684 193
1585097285403 0.13595880568027496 194
1585097318628 0.13533875346183777 195
1585097351921 0.12779590487480164 196
1585097385176 0.13559117913246155 197
1585097418644 0.12882032990455627 198
1585097452203 0.13045114278793335 199
1585097485235 0.12547661364078522 200
1585097518554 0.1296699494123459 201
1585097551841 0.1369670331478119 202
1585097585462 0.12038848549127579 203
1585097619089 0.11962848156690598 204
1585097652095 0.12110719084739685 205
1585097685269 0.12777253985404968 206
1585097718599 0.125489741563797 207
1585097752098 0.1308310329914093 208
1585097786113 0.120231494307518 209
1585097819373 0.13674119114875793 210
1585097855777 0.11740073561668396 211
1585097889107 0.12441456317901611 212
1585097922299 0.13179154694080353 213
1585097955480 0.13191738724708557 214
1585097988769 0.12386253476142883 215
1585098022244 0.11907368153333664 216
1585098055643 0.1210697814822197 217
1585098089527 0.1284395456314087 218
1585098123075 0.11824559420347214 219
1585098156431 0.12778808176517487 220
1585098189976 0.12245196104049683 221
1585098223784 0.12320151180028915 222
1585098257384 0.126402348279953 223
1585098290360 0.12081638723611832 224
1585098323804 0.13054364919662476 225
1585098358043 0.12640762329101562 226
1585098391336 0.12631534039974213 227
1585098424608 0.12894046306610107 228
1585098457663 0.12865103781223297 229
1585098491075 0.11873254179954529 230
1585098524181 0.11824215948581696 231
1585098557645 0.12437596172094345 232
1585098590828 0.11578232049942017 233
1585098624388 0.12092238664627075 234
1585098657415 0.11946743726730347 235
1585098690571 0.12595732510089874 236
1585098723811 0.11963164061307907 237
1585098757501 0.11587576568126678 238
1585098791888 0.12697450816631317 239
1585098825059 0.11572449654340744 240
1585098857983 0.13286921381950378 241
1585098891526 0.1265450268983841 242
1585098924675 0.11746864765882492 243
1585098957863 0.11196483671665192 244
1585098991224 0.12353014945983887 245
1585099024420 0.11292063444852829 246
1585099057643 0.11383756250143051 247
1585099090784 0.11127375811338425 248
1585099124069 0.11684231460094452 249
1585099157240 0.11837182939052582 250
1585099190577 0.11513729393482208 251
1585099224246 0.11505161225795746 252
1585099257346 0.11851100623607635 253
1585099290291 0.1102575957775116 254
1585099324196 0.11465680599212646 255
1585099357746 0.10999645292758942 256
1585099390880 0.12807691097259521 257
1585099424590 0.12042088806629181 258
1585099457815 0.11971703171730042 259
1585099491135 0.11820179969072342 260
1585099524600 0.11427770555019379 261
1585099557680 0.10862578451633453 262
1585099590574 0.11062319576740265 263
1585099623824 0.11823815852403641 264
1585099657028 0.11599695682525635 265
1585099690246 0.11136952042579651 266
1585099723276 0.11868634074926376 267
1585099756560 0.12014250457286835 268
1585099789549 0.11208806931972504 269
1585099822895 0.11343420296907425 270
1585099856324 0.1281931847333908 271
1585099889618 0.10962093621492386 272
1585099923018 0.11588451266288757 273
1585099956251 0.1336236298084259 274
1585099989560 0.1120864525437355 275
1585100023197 0.11823220551013947 276
1585100056374 0.11061430722475052 277
1585100089788 0.12800396978855133 278
1585100122847 0.1167885959148407 279
1585100156136 0.11592259258031845 280
1585100189384 0.10791496187448502 281
1585100222735 0.10908787697553635 282
1585100256231 0.10729295760393143 283
1585100289498 0.11400603502988815 284
1585100322765 0.11161185801029205 285
1585100355903 0.10729815065860748 286
1585100389125 0.11752063035964966 287
1585100422918 0.10505847632884979 288
1585100456608 0.10815878957509995 289
1585100489486 0.1009867712855339 290
1585100523345 0.11090889573097229 291
1585100556357 0.10582296550273895 292
1585100591016 0.11104028671979904 293
1585100624241 0.11019860953092575 294
1585100657814 0.10972706973552704 295
1585100691327 0.10290888696908951 296
1585100724670 0.11112340539693832 297
1585100758132 0.1036626547574997 298
1585100791436 0.10618114471435547 299
1585100824789 0.11488712579011917 300
1585100858135 0.10191155225038528 301
1585100891747 0.09582814574241638 302
1585100925653 0.10550890862941742 303
1585100959114 0.10427753627300262 304
1585100992411 0.10829009115695953 305
1585101025582 0.10283786803483963 306
1585101058765 0.1038942039012909 307
1585101091811 0.10183975845575333 308
1585101125067 0.10830586403608322 309
1585101158300 0.1063021719455719 310
1585101191712 0.09753650426864624 311
1585101225336 0.11170074343681335 312
1585101258593 0.10562407225370407 313
1585101291947 0.09972268342971802 314
1585101325234 0.10514087229967117 315
1585101358756 0.10912074893712997 316
1585101392145 0.10333984345197678 317
1585101425326 0.10456360876560211 318
1585101458512 0.1135483905673027 319
1585101492116 0.10591208189725876 320
1585101525263 0.10746803134679794 321
1585101558923 0.10885598510503769 322
1585101592117 0.10058415681123734 323
1585101625288 0.10999062657356262 324
1585101658758 0.09848475456237793 325
1585101691820 0.10732954740524292 326
1585101724898 0.10107189416885376 327
1585101758462 0.10098825395107269 328
1585101791933 0.11664758622646332 329
1585101825409 0.0992467999458313 330
1585101859064 0.11643075942993164 331
1585101892255 0.10009320080280304 332
1585101925400 0.1012578085064888 333
1585101958820 0.10510842502117157 334
1585101992291 0.09839922934770584 335
1585102025493 0.09751642495393753 336
1585102059670 0.11222156882286072 337
1585102092865 0.0944746658205986 338
1585102126284 0.09912598133087158 339
1585102159502 0.0941326692700386 340
1585102192793 0.10756101459264755 341
1585102225858 0.09900529682636261 342
1585102259053 0.10081160813570023 343
1585102292523 0.10107296705245972 344
1585102325705 0.10398975014686584 345
1585102358981 0.09719018638134003 346
1585102392449 0.10805323719978333 347
1585102426011 0.1013660654425621 348
1585102459372 0.09452301263809204 349
1585102492799 0.09049149602651596 350
1585102525896 0.09315221756696701 351
1585102559471 0.11012855172157288 352
1585102592950 0.11119461059570312 353
1585102626810 0.10210804641246796 354
1585102660191 0.09122331440448761 355
1585102693482 0.09485805034637451 356
1585102726651 0.09895414113998413 357
1585102759719 0.09830804914236069 358
1585102793411 0.09260053932666779 359
1585102827519 0.09293064475059509 360
1585102860785 0.1085280030965805 361
1585102894146 0.09192848205566406 362
1585102927240 0.10473424196243286 363
1585102960769 0.0942501425743103 364
1585102994498 0.09504099935293198 365
1585103027640 0.09579427540302277 366
1585103060734 0.09830480813980103 367
1585103094312 0.09540152549743652 368
1585103127515 0.09599914401769638 369
1585103160926 0.09769561141729355 370
1585103194924 0.09182900935411453 371
1585103228642 0.09586159139871597 372
1585103261807 0.09423235058784485 373
1585103294951 0.09427621960639954 374
1585103328226 0.09549771994352341 375
1585103361787 0.09733616560697556 376
1585103395328 0.0961204394698143 377
1585103428520 0.10428479313850403 378
1585103461816 0.104336678981781 379
1585103495204 0.09346998482942581 380
1585103528316 0.10556840896606445 381
1585103561609 0.09378255903720856 382
1585103594913 0.09303442388772964 383
1585103628493 0.0940081998705864 384
1585103661673 0.09843485802412033 385
1585103695569 0.09463824331760406 386
1585103728868 0.09979097545146942 387
1585103762328 0.08956760168075562 388
1585103795498 0.10256260633468628 389
1585103829946 0.08369438350200653 390
1585103863067 0.09729719161987305 391
1585103896486 0.09590796381235123 392
1585103929807 0.08711713552474976 393
1585103963174 0.09665240347385406 394
1585103996318 0.09290216863155365 395
1585104029489 0.08782753348350525 396
1585104063384 0.09176643192768097 397
1585104096911 0.09829358756542206 398
1585104130623 0.08992672711610794 399
1585104163763 0.09927975386381149 400
1585104197054 0.0939893126487732 401
1585104230040 0.09295585751533508 402
1585104263396 0.09559942781925201 403
1585104296503 0.08840882778167725 404
1585104330217 0.09249139577150345 405
1585104363509 0.0898716077208519 406
1585104396557 0.08926571905612946 407
1585104430711 0.1130872368812561 408
1585104463801 0.09433598816394806 409
1585104498175 0.09302137792110443 410
1585104531445 0.09535472095012665 411
1585104564630 0.09263341873884201 412
1585104597970 0.09402109682559967 413
1585104631362 0.0873565673828125 414
1585104664597 0.10025524348020554 415
1585104697706 0.09170141071081161 416
1585104730893 0.08783195912837982 417
1585104764193 0.09983944892883301 418
1585104797896 0.08829153329133987 419
1585104831554 0.10226863622665405 420
1585104865101 0.09712487459182739 421
1585104898635 0.0903155729174614 422
1585104931989 0.08421563357114792 423
1585104965346 0.08620735257863998 424
1585104998755 0.08955099433660507 425
1585105031952 0.08950973302125931 426
1585105065080 0.0980345830321312 427
1585105098286 0.0832284688949585 428
1585105131516 0.09897385537624359 429
1585105165000 0.08694485574960709 430
1585105198288 0.09097659587860107 431
1585105231858 0.09074804931879044 432
1585105265487 0.09776746481657028 433
1585105300645 0.09345024824142456 434
1585105333972 0.08552946150302887 435
1585105367928 0.09123426675796509 436
1585105401218 0.09722942113876343 437
1585105435229 0.08087588846683502 438
1585105468829 0.08623825758695602 439
1585105502465 0.08254676312208176 440
1585105536248 0.09526390582323074 441
1585105569796 0.08757521212100983 442
1585105602899 0.09072744101285934 443
1585105636625 0.092251718044281 444
1585105670112 0.0853433758020401 445
1585105703503 0.10048616677522659 446
1585105737216 0.09555765241384506 447
1585105770692 0.08583053946495056 448
1585105804119 0.09363509714603424 449
1585105838227 0.09321470558643341 450
1585105871535 0.08681480586528778 451
1585105904750 0.08427969366312027 452
1585105938223 0.08020921051502228 453
1585105971626 0.09900472313165665 454
1585106005007 0.08219519257545471 455
1585106038215 0.07972071319818497 456
1585106072220 0.09054292738437653 457
1585106105270 0.08424057066440582 458
1585106138687 0.08367976546287537 459
1585106173119 0.10795064270496368 460
1585106206341 0.08164185285568237 461
1585106239694 0.08493054658174515 462
1585106273168 0.08813714981079102 463
1585106306289 0.07914088666439056 464
1585106339357 0.0915822759270668 465
1585106373211 0.09251634776592255 466
1585106406667 0.08205430954694748 467
1585106440050 0.08934236317873001 468
1585106473733 0.08297935128211975 469
1585106507658 0.08685065805912018 470
1585106540844 0.08145052939653397 471
1585106574553 0.0828193724155426 472
1585106607970 0.08769103139638901 473
1585106641848 0.08524611592292786 474
1585106675055 0.08133071660995483 475
1585106708212 0.08297635614871979 476
1585106741487 0.08101202547550201 477
1585106774947 0.08117730915546417 478
1585106807913 0.08456443250179291 479
1585106842794 0.08854414522647858 480
1585106876128 0.09051060676574707 481
1585106909486 0.09861160814762115 482
1585106942765 0.087764672935009 483
1585106976924 0.08701276779174805 484
1585107011123 0.08435527980327606 485
1585107044604 0.08214330673217773 486
1585107078086 0.08735810220241547 487
1585107111746 0.0914420634508133 488
1585107145933 0.08835887908935547 489
1585107178938 0.09071202576160431 490
1585107212190 0.08057733625173569 491
1585107245613 0.08242133259773254 492
1585107279107 0.08416464924812317 493
1585107312495 0.07997436076402664 494
1585107346653 0.08418845385313034 495
1585107380043 0.08166646957397461 496
1585107413550 0.08139549940824509 497
1585107446707 0.08826364576816559 498
1585107479956 0.10045352578163147 499
1585107512975 0.07878221571445465 500
1585107546750 0.09036380797624588 501
1585107579840 0.08362662047147751 502
1585107613115 0.08719123899936676 503
1585107646320 0.0806918665766716 504
1585107679573 0.08121505379676819 505
1585107713158 0.0807253047823906 506
1585107747087 0.08370153605937958 507
1585107781488 0.08552131056785583 508
1585107814785 0.08125874400138855 509
1585107847959 0.08667051792144775 510
1585107880901 0.0813995897769928 511
1585107914243 0.08424201607704163 512
1585107947681 0.07731468975543976 513
1585107981054 0.07858192920684814 514
1585108014412 0.0890548899769783 515
1585108047682 0.08345231413841248 516
1585108082621 0.08179307729005814 517
1585108115829 0.08144953101873398 518
1585108149137 0.07850999385118484 519
1585108182298 0.09942372143268585 520
1585108215525 0.08358664810657501 521
1585108248974 0.08260957896709442 522
1585108282011 0.08788716048002243 523
1585108315458 0.08863461017608643 524
1585108348575 0.08103755861520767 525
1585108381773 0.08064538240432739 526
1585108415041 0.0775720626115799 527
1585108449690 0.08398406952619553 528
1585108483100 0.07837501913309097 529
1585108516403 0.08001241087913513 530
1585108549682 0.08394667506217957 531
1585108582971 0.08403857797384262 532
1585108616289 0.08522980660200119 533
1585108650229 0.0908808559179306 534
1585108684062 0.08216392993927002 535
1585108717333 0.08307874202728271 536
1585108750857 0.10000087320804596 537
1585108784233 0.08726999908685684 538
1585108818162 0.08639179915189743 539
1585108851387 0.08171923458576202 540
1585108884899 0.08015438169240952 541
1585108919002 0.07697839289903641 542
1585108952594 0.0856875628232956 543
1585108985719 0.09414119273424149 544
1585109018668 0.07882393151521683 545
1585109052265 0.07807522267103195 546
1585109085594 0.08621212095022202 547
1585109118992 0.08393960446119308 548
1585109152255 0.08531219512224197 549
1585109185308 0.08100294321775436 550
1585109218758 0.08012476563453674 551
1585109252439 0.07500981539487839 552
1585109285829 0.08673706650733948 553
1585109319072 0.07900246977806091 554
1585109352847 0.08069457858800888 555
1585109386076 0.07806859165430069 556
1585109419364 0.08238905668258667 557
1585109452417 0.08240268379449844 558
1585109485772 0.07826488465070724 559
1585109518941 0.08354157954454422 560
1585109552269 0.07860822230577469 561
1585109585630 0.07969970256090164 562
1585109619208 0.07704269886016846 563
1585109652479 0.08032143115997314 564
1585109686195 0.09063973277807236 565
1585109719775 0.07428327202796936 566
1585109753451 0.09600334614515305 567
1585109787268 0.08716309070587158 568
1585109820727 0.09024134278297424 569
1585109854237 0.08290651440620422 570
1585109887692 0.07990755885839462 571
1585109921332 0.0759856328368187 572
1585109954771 0.07804325222969055 573
1585109987808 0.0721992552280426 574
1585110020844 0.07846970856189728 575
1585110055716 0.08754156529903412 576
1585110089056 0.08108393847942352 577
1585110122303 0.07296938449144363 578
1585110155655 0.08041787147521973 579
1585110188817 0.07958193123340607 580
1585110223014 0.07970712333917618 581
1585110256582 0.08032770454883575 582
1585110289882 0.08032132685184479 583
1585110323138 0.07892346382141113 584
1585110356710 0.07444393634796143 585
1585110390024 0.07545115798711777 586
1585110423181 0.07913632690906525 587
1585110456127 0.07734733819961548 588
1585110489284 0.0729164108633995 589
1585110522589 0.0827375277876854 590
1585110555966 0.07851827144622803 591
1585110589046 0.07666975259780884 592
1585110623290 0.07693018764257431 593
1585110656262 0.08272378146648407 594
1585110689665 0.07178908586502075 595
1585110723787 0.07798110693693161 596
1585110756982 0.08306944370269775 597
1585110789995 0.07549560070037842 598
1585110823286 0.0819418802857399 599
1585110856338 0.07431288808584213 600
1585110889274 0.08083045482635498 601
1585110922587 0.07422962039709091 602
1585110956219 0.07178293913602829 603
1585110989444 0.07761804014444351 604
1585111023020 0.07571305334568024 605
1585111057495 0.07292264699935913 606
1585111090706 0.07441560924053192 607
1585111124423 0.08367456495761871 608
1585111157791 0.0800260677933693 609
1585111191284 0.07862634211778641 610
1585111224831 0.07774517685174942 611
1585111258137 0.07573339343070984 612
1585111291873 0.08854710310697556 613
1585111325151 0.07744526118040085 614
1585111358789 0.0686274841427803 615
1585111392006 0.07334650307893753 616
1585111425657 0.08644070476293564 617
1585111459365 0.07347317785024643 618
1585111492680 0.08064114302396774 619
1585111525626 0.07786072045564651 620
1585111558932 0.07623615860939026 621
1585111592277 0.07581381499767303 622
1585111626603 0.07386163622140884 623
1585111659953 0.07018814980983734 624
1585111693563 0.07429659366607666 625
1585111726994 0.08086559176445007 626
1585111760399 0.09771986305713654 627
1585111793726 0.0856863409280777 628
1585111827650 0.08184492588043213 629
1585111861404 0.07425837963819504 630
1585111894759 0.07382318377494812 631
1585111928669 0.07642628997564316 632
1585111962950 0.07043285667896271 633
1585111996515 0.0716630220413208 634
1585112031120 0.07576950639486313 635
1585112065395 0.07088512182235718 636
1585112099429 0.07682646065950394 637
1585112133535 0.07656900584697723 638
1585112167248 0.07966738194227219 639
1585112200821 0.07850337028503418 640
1585112234937 0.08084789663553238 641
1585112269121 0.07689730823040009 642
1585112303778 0.07530567795038223 643
1585112337538 0.10509935021400452 644
1585112371201 0.07769112288951874 645
1585112404983 0.0740102231502533 646
1585112438808 0.08191688358783722 647
1585112473296 0.07723540812730789 648
1585112507943 0.06819000095129013 649
1585112541674 0.07329273223876953 650
1585112576021 0.07458632439374924 651
1585112611162 0.07055477052927017 652
1585112644889 0.0716603472828865 653
1585112678494 0.07480446249246597 654
1585112712004 0.07937920093536377 655
1585112745409 0.07032446563243866 656
1585112778971 0.07348930090665817 657
1585112812535 0.0726964920759201 658
1585112846639 0.07931007444858551 659
1585112881058 0.08031833171844482 660
1585112915319 0.07193068414926529 661
1585112949157 0.07445943355560303 662
1585112983013 0.07436976581811905 663
1585113016835 0.07737798243761063 664
1585113051116 0.0702403336763382 665
1585113084652 0.07498639822006226 666
1585113118584 0.07917336374521255 667
1585113151944 0.07635685801506042 668
1585113185088 0.07016734778881073 669
1585113218686 0.07242020219564438 670
1585113252442 0.06875654309988022 671
1585113285949 0.07844626903533936 672
1585113319605 0.08103841543197632 673
1585113353070 0.07357826828956604 674
1585113387306 0.07498761266469955 675
1585113420928 0.07215391844511032 676
1585113454284 0.07461415976285934 677
1585113487815 0.07454399764537811 678
1585113521424 0.06865134090185165 679
1585113554711 0.08523625135421753 680
1585113588213 0.08159090578556061 681
1585113621760 0.06701301783323288 682
1585113655509 0.06676901131868362 683
1585113689706 0.06678622961044312 684
1585113723225 0.07320831716060638 685
1585113756805 0.07162172347307205 686
1585113790399 0.06832695007324219 687
1585113824068 0.07204341888427734 688
1585113857819 0.07076829671859741 689
1585113892147 0.06913874298334122 690
1585113925525 0.08073872327804565 691
1585113960097 0.07320013642311096 692
1585113995902 0.0755392462015152 693
1585114029618 0.07364802062511444 694
1585114063505 0.06931080669164658 695
1585114098372 0.07301625609397888 696
1585114132425 0.07681722939014435 697
1585114165839 0.06931865960359573 698
1585114200241 0.07313680648803711 699
1585114233637 0.06856793910264969 700
1585114267148 0.07963371276855469 701
1585114300763 0.071987085044384 702
1585114334434 0.07914339005947113 703
1585114367844 0.07409311830997467 704
1585114401365 0.07060416042804718 705
1585114434962 0.08732279390096664 706
1585114470265 0.07933340966701508 707
1585114503691 0.06682248413562775 708
1585114537294 0.06688877195119858 709
1585114570847 0.07642079889774323 710
1585114604158 0.07685226202011108 711
1585114637983 0.07138486951589584 712
1585114671812 0.07023502886295319 713
1585114705135 0.06915228813886642 714
1585114738645 0.07398076355457306 715
1585114773078 0.07911571860313416 716
1585114806339 0.07374001294374466 717
1585114840455 0.07642011344432831 718
1585114874062 0.08601275086402893 719
1585114907622 0.06839469820261002 720
1585114941453 0.07327900826931 721
1585114976266 0.06563720107078552 722
1585115011020 0.06866208463907242 723
1585115044373 0.0731065645813942 724
1585115078622 0.0779874250292778 725
1585115112549 0.06982234865427017 726
1585115146200 0.07024328410625458 727
1585115179691 0.07652450352907181 728
1585115214353 0.06949380040168762 729
1585115248074 0.06962417811155319 730
1585115281433 0.06604529172182083 731
1585115315868 0.07181700319051743 732
1585115349264 0.07704290747642517 733
1585115383872 0.06752678751945496 734
1585115417741 0.061239443719387054 735
1585115451774 0.06772524863481522 736
1585115485524 0.06670571118593216 737
1585115519190 0.06848031282424927 738
1585115553103 0.07207316905260086 739
1585115587320 0.07322307676076889 740
1585115620997 0.07293739169836044 741
1585115654652 0.06195807829499245 742
1585115688355 0.06845352798700333 743
1585115722068 0.06355469673871994 744
1585115755767 0.06411706656217575 745
1585115789566 0.0697760060429573 746
1585115823344 0.06784261763095856 747
1585115856904 0.07037429511547089 748
1585115890734 0.06780246645212173 749
1585115924679 0.07127506285905838 750
1585115958460 0.0661543607711792 751
1585115991813 0.06935807317495346 752
1585116025320 0.07273437827825546 753
1585116058709 0.07051364332437515 754
1585116093085 0.07360310107469559 755
1585116126762 0.06756320595741272 756
1585116160425 0.07004381716251373 757
1585116193749 0.0690433606505394 758
1585116226921 0.07090377807617188 759
1585116261007 0.06819605082273483 760
1585116294474 0.09040296077728271 761
1585116328118 0.07122107595205307 762
1585116361925 0.06697847694158554 763
1585116396043 0.07063037902116776 764
1585116429735 0.0698172003030777 765
1585116464221 0.07618071138858795 766
1585116498444 0.07164235413074493 767
1585116532646 0.0735691487789154 768
1585116566628 0.0691906213760376 769
1585116600554 0.0666520744562149 770
1585116634174 0.06961618363857269 771
1585116668990 0.06937878578901291 772
1585116702771 0.07444602251052856 773
1585116736375 0.07969930768013 774
1585116769982 0.06962963193655014 775
1585116803798 0.07829680293798447 776
1585116838427 0.0716429352760315 777
1585116872402 0.06609108299016953 778
1585116905814 0.07214295864105225 779
1585116939592 0.07685364782810211 780
1585116973338 0.0656176507472992 781
1585117007210 0.07201360166072845 782
1585117041360 0.06420600414276123 783
1585117074965 0.07554569840431213 784
1585117108780 0.07634473592042923 785
1585117142150 0.06152326613664627 786
1585117175932 0.06653618067502975 787
1585117209428 0.07501072436571121 788
1585117242940 0.0652732253074646 789
1585117276353 0.06510656327009201 790
1585117310200 0.07084543257951736 791
1585117345411 0.07919293642044067 792
1585117379478 0.0694066733121872 793
1585117413362 0.0635896548628807 794
1585117447132 0.07488277554512024 795
1585117480392 0.06883041560649872 796
1585117514165 0.07166235893964767 797
1585117547774 0.06862705200910568 798
1585117581811 0.06601399928331375 799
1585117616420 0.06671787053346634 800
1585117650246 0.0721772164106369 801
1585117683967 0.08034276962280273 802
1585117717943 0.07326388359069824 803
1585117751700 0.06726715713739395 804
1585117785106 0.06534594297409058 805
1585117818444 0.07148603349924088 806
1585117851725 0.06892174482345581 807
1585117885301 0.06336863338947296 808
1585117919422 0.06787030398845673 809
1585117953253 0.06420635432004929 810
1585117986906 0.06594391167163849 811
1585118020976 0.07470276206731796 812
1585118054445 0.06758052855730057 813
1585118087849 0.0657547116279602 814
1585118121536 0.07248629629611969 815
1585118155023 0.06913866102695465 816
1585118188661 0.06930053979158401 817
1585118222355 0.06829136610031128 818
1585118256215 0.06961546093225479 819
1585118289641 0.06647643446922302 820
1585118323091 0.06924837082624435 821
1585118356537 0.06844397634267807 822
1585118390029 0.0671694278717041 823
1585118423599 0.07069693505764008 824
1585118457065 0.06731529533863068 825
1585118490480 0.0678064376115799 826
1585118523982 0.07232184708118439 827
1585118557421 0.07003037631511688 828
1585118591006 0.06923352181911469 829
1585118624447 0.0642586201429367 830
1585118657799 0.06977127492427826 831
1585118691328 0.06033425033092499 832
1585118724990 0.061092812567949295 833
1585118758628 0.07130175828933716 834
1585118792353 0.06636274605989456 835
1585118825671 0.06654422730207443 836
1585118859095 0.06439805030822754 837
1585118892813 0.06503584235906601 838
1585118926108 0.0680169090628624 839
1585118959630 0.06553173065185547 840
1585118993757 0.07061116397380829 841
1585119028568 0.06887619942426682 842
1585119062160 0.06935715675354004 843
1585119095706 0.06747802346944809 844
1585119129202 0.07410795241594315 845
1585119162630 0.0650298148393631 846
1585119196979 0.066555455327034 847
1585119230468 0.0647774338722229 848
1585119264053 0.07608028501272202 849
1585119297949 0.06417462229728699 850
1585119331774 0.06481004506349564 851
1585119365454 0.06940750777721405 852
1585119398998 0.06175265461206436 853
1585119432695 0.07026255875825882 854
1585119465958 0.06897567212581635 855
1585119499342 0.06567968428134918 856
1585119533225 0.06387466192245483 857
1585119566797 0.06791381537914276 858
1585119601283 0.06480737775564194 859
1585119634812 0.06847358494997025 860
1585119668385 0.07306189090013504 861
1585119702328 0.05983596295118332 862
1585119735966 0.06535162776708603 863
1585119769707 0.07325589656829834 864
1585119803083 0.07223357260227203 865
1585119836470 0.06666052341461182 866
1585119870086 0.06769689172506332 867
1585119903705 0.07922793179750443 868
1585119937619 0.07671795785427094 869
1585119972517 0.07892751693725586 870
1585120005730 0.06609520316123962 871
1585120039935 0.06952666491270065 872
1585120073879 0.06600385159254074 873
1585120107425 0.06682441383600235 874
1585120141196 0.06926453113555908 875
1585120175443 0.06403183937072754 876
1585120210253 0.0678974837064743 877
1585120244006 0.06412957608699799 878
1585120277805 0.06276591867208481 879
1585120311463 0.07514280825853348 880
1585120344872 0.06843483448028564 881
1585120378185 0.0659843385219574 882
1585120411519 0.06272833049297333 883
1585120445045 0.0638362467288971 884
1585120479586 0.06366866081953049 885
1585120512874 0.06907030940055847 886
1585120546457 0.07053150981664658 887
1585120580145 0.06292406469583511 888
1585120613562 0.06550682336091995 889
1585120647647 0.07378280907869339 890
1585120683146 0.06270845979452133 891
1585120717806 0.07527131587266922 892
1585120752425 0.05873839929699898 893
1585120786670 0.07240015268325806 894
1585120820155 0.06607760488986969 895
1585120853576 0.06685733795166016 896
1585120887262 0.06019007787108421 897
1585120920879 0.06953106075525284 898
1585120954750 0.06630111485719681 899
1585120989621 0.06103146821260452 900
1585121023112 0.06492546945810318 901
1585121057202 0.06369274854660034 902
1585121090778 0.068153016269207 903
1585121124159 0.06498412787914276 904
1585121158059 0.06100106239318848 905
1585121191692 0.06777993589639664 906
1585121228352 0.06133462116122246 907
1585121263529 0.0754399523139 908
1585121297111 0.062352199107408524 909
1585121330731 0.06186471879482269 910
1585121364533 0.05828004330396652 911
1585121398157 0.06598211079835892 912
1585121432021 0.06600017100572586 913
1585121465192 0.0862513929605484 914
1585121499076 0.058000802993774414 915
1585121532645 0.06152313947677612 916
1585121568695 0.06796593964099884 917
1585121602771 0.06717636436223984 918
1585121636302 0.061094459146261215 919
1585121670162 0.05957482010126114 920
1585121703508 0.060583677142858505 921
1585121737600 0.07563737034797668 922
1585121772845 0.062333591282367706 923
1585121806670 0.06654314696788788 924
1585121840572 0.05993974581360817 925
1585121875291 0.06975941359996796 926
1585121908850 0.06968718022108078 927
1585121942335 0.06697145849466324 928
1585121976078 0.07367239892482758 929
1585122009354 0.06919693201780319 930
1585122042891 0.06482681632041931 931
1585122076974 0.07043427228927612 932
1585122110541 0.0737142264842987 933
1585122144336 0.06295010447502136 934
1585122178295 0.06238693371415138 935
1585122212498 0.06476752460002899 936
1585122245944 0.06270122528076172 937
1585122279387 0.05702875927090645 938
1585122313220 0.06388774514198303 939
1585122346776 0.06811448186635971 940
1585122380495 0.061630070209503174 941
1585122414063 0.06399369239807129 942
1585122448133 0.06346949189901352 943
1585122481679 0.06045762822031975 944
1585122515749 0.07665912806987762 945
1585122549457 0.06026997044682503 946
1585122582947 0.06580380350351334 947
1585122617609 0.06707635521888733 948
1585122651095 0.06144760176539421 949
1585122684700 0.07520591467618942 950
1585122718403 0.06176338717341423 951
1585122752032 0.0638233944773674 952
1585122785475 0.05483077093958855 953
1585122819781 0.06385225057601929 954
1585122853652 0.05826031044125557 955
1585122888515 0.0776367262005806 956
1585122922389 0.06518971920013428 957
1585122955746 0.07999935001134872 958
1585122989731 0.05972874164581299 959
1585123023590 0.06458453834056854 960
1585123057673 0.06407035142183304 961
1585123092760 0.0638519674539566 962
1585123126201 0.06179496645927429 963
1585123160195 0.06848735362291336 964
1585123193655 0.06786119937896729 965
1585123227034 0.06918822973966599 966
1585123262075 0.06645606458187103 967
1585123295748 0.06381327658891678 968
1585123329637 0.06244417652487755 969
1585123363160 0.07680629193782806 970
1585123396615 0.0671943798661232 971
1585123430401 0.060110170394182205 972
1585123464756 0.06129710376262665 973
1585123498450 0.06221208721399307 974
1585123532435 0.06718786805868149 975
1585123566776 0.06678850948810577 976
1585123599980 0.06765887886285782 977
1585123634129 0.06389451026916504 978
1585123668273 0.05868273600935936 979
1585123701764 0.06234200671315193 980
1585123736201 0.06813080608844757 981
1585123769892 0.07511919736862183 982
1585123803691 0.06040961667895317 983
1585123837529 0.06045093014836311 984
1585123870998 0.059301458299160004 985
1585123904564 0.06243136525154114 986
1585123938465 0.062287524342536926 987
1585123971833 0.06537751853466034 988
1585124005008 0.06931684166193008 989
1585124038334 0.06098545715212822 990
1585124072923 0.06965963542461395 991
1585124106348 0.062455013394355774 992
1585124140213 0.05954141914844513 993
1585124173866 0.060970939695835114 994
1585124207326 0.06920401751995087 995
1585124241130 0.06241334229707718 996
1585124274492 0.06884352117776871 997
1585124307948 0.06378837674856186 998
1585124342297 0.0627996101975441 999
1585124376582 0.06020890921354294 1000
