1585090811097 0.3327358365058899 0
1585090843695 0.6865565776824951 1
1585090876546 0.6799056529998779 2
1585090909204 0.6810141801834106 3
1585090941968 0.8353065848350525 4
1585090974715 0.725165069103241 5
1585091008217 0.8262736201286316 6
1585091041441 0.8723820447921753 7
1585091074746 0.8550235629081726 8
1585091108067 0.7524056434631348 9
1585091141522 0.7316980361938477 10
1585091175008 0.7717217206954956 11
1585091208210 0.8503065705299377 12
1585091241250 0.8684905767440796 13
1585091274362 0.8855659365653992 14
1585091307609 0.8823820352554321 15
1585091340879 0.8772405385971069 16
1585091373924 0.8857074975967407 17
1585091407226 0.8827829957008362 18
1585091440270 0.8745990991592407 19
1585091473434 0.8722406029701233 20
1585091505944 0.86252361536026 21
1585091538866 0.8433727025985718 22
1585091571423 0.8659905791282654 23
1585091604128 0.8759905695915222 24
1585091637765 0.8733490705490112 25
1585091670550 0.887099027633667 26
1585091703504 0.8894575834274292 27
1585091736350 0.8869575262069702 28
1585091769583 0.8836320638656616 29
1585091802657 0.887099027633667 30
1585091835826 0.8900235891342163 31
1585091870280 0.8959906101226807 32
1585091903334 0.8857076168060303 33
1585091936833 0.8862735629081726 34
1585091969737 0.869457483291626 35
1585092003208 0.8857074975967407 36
1585092036499 0.8979244232177734 37
1585092070017 0.903207540512085 38
1585092103370 0.9005659222602844 39
1585092136607 0.8944574594497681 40
1585092170058 0.9015330076217651 41
1585092203228 0.899599015712738 42
1585092236624 0.8908490538597107 43
1585092269983 0.910565972328186 44
1585092303472 0.9119575023651123 45
1585092337285 0.9144575595855713 46
1585092370592 0.904740571975708 47
1585092405006 0.909032940864563 48
1585092438132 0.9037735462188721 49
1585092471248 0.8955659866333008 50
1585092504404 0.9107074737548828 51
1585092539821 0.9093160033226013 52
1585092573063 0.9145990610122681 53
1585092606231 0.9129244685173035 54
1585092640681 0.9116744995117188 55
1585092673872 0.9133490920066833 56
1585092707206 0.9130659699440002 57
1585092740889 0.9039150476455688 58
1585092774140 0.9141744375228882 59
1585092807487 0.9144574403762817 60
1585092840929 0.9108490943908691 61
1585092874256 0.9144574403762817 62
1585092907383 0.9170990586280823 63
1585092941199 0.9227830171585083 64
1585092975051 0.9177830219268799 65
1585093008245 0.9122405648231506 66
1585093041704 0.9180660247802734 67
1585093074755 0.9241744875907898 68
1585093107994 0.9180660247802734 69
1585093141180 0.9230660200119019 70
1585093175189 0.9280659556388855 71
1585093208374 0.9245990514755249 72
1585093241705 0.9182075262069702 73
1585093275124 0.9195990562438965 74
1585093308170 0.9177830219268799 75
1585093341973 0.9136320352554321 76
1585093376063 0.9173821210861206 77
1585093409490 0.9205660223960876 78
1585093442768 0.9277830123901367 79
1585093476173 0.9230659604072571 80
1585093509796 0.9219574928283691 81
1585093543793 0.9304244518280029 82
1585093577308 0.9233490228652954 83
1585093611521 0.9148821234703064 84
1585093644624 0.9268159866333008 85
1585093677773 0.9327829480171204 86
1585093710974 0.9329244494438171 87
1585093744039 0.9268159866333008 88
1585093777914 0.928207516670227 89
1585093811081 0.9290329217910767 90
1585093844716 0.9244575500488281 91
1585093878213 0.9338915348052979 92
1585093911361 0.9315330386161804 93
1585093944798 0.9291744828224182 94
1585093977984 0.9340329170227051 95
1585094011200 0.9195990562438965 96
1585094044356 0.9402830004692078 97
1585094077799 0.9291744232177734 98
1585094110805 0.933349072933197 99
1585094144257 0.9332075119018555 100
1585094178003 0.9363914728164673 101
1585094211328 0.9302830100059509 102
1585094244664 0.9247405529022217 103
1585094277668 0.9354245066642761 104
1585094310820 0.9415329694747925 105
1585094344125 0.9290330410003662 106
1585094377181 0.9365329742431641 107
1585094411356 0.9343159794807434 108
1585094444580 0.9379245042800903 109
1585094477753 0.9220990538597107 110
1585094511839 0.9430660009384155 111
1585094545766 0.9415329694747925 112
1585094578778 0.9308490753173828 113
1585094612314 0.9413914084434509 114
1585094645901 0.9280659556388855 115
1585094679294 0.9338914752006531 116
1585094712650 0.9382075071334839 117
1585094746422 0.9304244518280029 118
1585094779911 0.9390329718589783 119
1585094813750 0.9391745328903198 120
1585094847004 0.9343159794807434 121
1585094880551 0.9330660104751587 122
1585094914323 0.940282940864563 123
1585094947562 0.9452829957008362 124
1585094980952 0.9384905695915222 125
1585095014329 0.9366744756698608 126
1585095047952 0.9405660033226013 127
1585095081266 0.9379244446754456 128
1585095114608 0.9354245066642761 129
1585095148383 0.9415330290794373 130
1585095181572 0.9463915228843689 131
1585095215133 0.9369574785232544 132
1585095248289 0.9308490753173828 133
1585095281647 0.9209905862808228 134
1585095315788 0.9391745328903198 135
1585095348953 0.9463915228843689 136
1585095382348 0.9466744661331177 137
1585095415796 0.9379245042800903 138
1585095449365 0.9451414942741394 139
1585095483805 0.9340329766273499 140
1585095517412 0.9322405457496643 141
1585095551193 0.9429244995117188 142
1585095584618 0.9413914680480957 143
1585095618382 0.9415329694747925 144
1585095651904 0.9440329670906067 145
1585095685086 0.9538915157318115 146
1585095717994 0.9368159770965576 147
1585095751191 0.9451414942741394 148
1585095785170 0.952641487121582 149
1585095818339 0.9449999928474426 150
1585095852156 0.9452829957008362 151
1585095885384 0.9377829432487488 152
1585095918638 0.9440329670906067 153
1585095951627 0.939174473285675 154
1585095984690 0.9382075071334839 155
1585096018135 0.9394575357437134 156
1585096051263 0.9502829909324646 157
1585096084465 0.9440329670906067 158
1585096117957 0.9513915181159973 159
1585096151418 0.9443159699440002 160
1585096185103 0.9404245018959045 161
1585096218134 0.9418160319328308 162
1585096251287 0.9477829933166504 163
1585096284545 0.9551414847373962 164
1585096317990 0.9512499570846558 165
1585096352221 0.9452829957008362 166
1585096385541 0.9451414942741394 167
1585096418690 0.9457074403762817 168
1585096452227 0.9347404837608337 169
1585096485784 0.9505659341812134 170
1585096519550 0.948065996170044 171
1585096553178 0.9482076168060303 172
1585096586784 0.9351651072502136 173
1585096619907 0.945424497127533 174
1585096653443 0.9490329623222351 175
1585096686677 0.9530659914016724 176
1585096719935 0.9452829957008362 177
1585096753158 0.9441744685173035 178
1585096786358 0.9626414775848389 179
1585096820022 0.9452829957008362 180
1585096853126 0.9588915109634399 181
1585096886112 0.9479244947433472 182
1585096919314 0.9405660033226013 183
1585096952789 0.9530659914016724 184
1585096985873 0.9530659317970276 185
1585097018995 0.9516744613647461 186
1585097052181 0.9562499523162842 187
1585097085343 0.9554244875907898 188
1585097118728 0.9488914012908936 189
1585097152023 0.9529244899749756 190
1585097185376 0.9477829337120056 191
1585097218548 0.9419574737548828 192
1585097251659 0.9601414203643799 193
1585097285403 0.9504244923591614 194
1585097318628 0.9491745233535767 195
1585097351921 0.9526414275169373 196
1585097385176 0.9468160271644592 197
1585097418644 0.9576414823532104 198
1585097452203 0.9490330219268799 199
1585097485235 0.9541744589805603 200
1585097518554 0.9527829885482788 201
1585097551841 0.9493159651756287 202
1585097585462 0.9563915133476257 203
1585097619089 0.955282986164093 204
1585097652095 0.9565329551696777 205
1585097685269 0.9566744565963745 206
1585097718599 0.9543160200119019 207
1585097752098 0.9479244947433472 208
1585097786113 0.9588915109634399 209
1585097819373 0.940141499042511 210
1585097855777 0.9577829837799072 211
1585097889107 0.958065927028656 212
1585097922299 0.9459905624389648 213
1585097955480 0.9493159651756287 214
1585097988769 0.9499999284744263 215
1585098022244 0.9590329527854919 216
1585098055643 0.9565329551696777 217
1585098089527 0.9533490538597107 218
1585098123075 0.9599999189376831 219
1585098156431 0.9588915109634399 220
1585098189976 0.9616744518280029 221
1585098223784 0.9540329575538635 222
1585098257384 0.9519574642181396 223
1585098290360 0.9624999761581421 224
1585098323804 0.9494575262069702 225
1585098358043 0.9515329599380493 226
1585098391336 0.9563915133476257 227
1585098424608 0.9507075548171997 228
1585098457663 0.9529244899749756 229
1585098491075 0.9590330123901367 230
1585098524181 0.9563915133476257 231
1585098557645 0.9501414895057678 232
1585098590828 0.9577829837799072 233
1585098624388 0.9529244303703308 234
1585098657415 0.9590329527854919 235
1585098690571 0.9591745138168335 236
1585098723811 0.9615329504013062 237
1585098757501 0.9613914489746094 238
1585098791888 0.9593159556388855 239
1585098825059 0.9590329527854919 240
1585098857983 0.9493159651756287 241
1585098891526 0.9540329575538635 242
1585098924675 0.960707426071167 243
1585098957863 0.9602829813957214 244
1585098991224 0.9554244875907898 245
1585099024420 0.9665330052375793 246
1585099057643 0.9590329527854919 247
1585099090784 0.9665329456329346 248
1585099124069 0.9579244256019592 249
1585099157240 0.9613914489746094 250
1585099190577 0.955424427986145 251
1585099224246 0.9618160128593445 252
1585099257346 0.9654244184494019 253
1585099290291 0.9665330052375793 254
1585099324196 0.9582074880599976 255
1585099357746 0.9652829170227051 256
1585099390880 0.9438914656639099 257
1585099424590 0.9518159627914429 258
1585099457815 0.9540329575538635 259
1585099491135 0.9569574594497681 260
1585099524600 0.9591744542121887 261
1585099557680 0.9668159484863281 262
1585099590574 0.9591744542121887 263
1585099623824 0.9654244780540466 264
1585099657028 0.955424427986145 265
1585099690246 0.9615329504013062 266
1585099723276 0.955282986164093 267
1585099756560 0.9544575214385986 268
1585099789549 0.9637499451637268 269
1585099822895 0.9591745138168335 270
1585099856324 0.9468160271644592 271
1585099889618 0.9652829766273499 272
1585099923018 0.9602829217910767 273
1585099956251 0.9445990324020386 274
1585099989560 0.9663915038108826 275
1585100023197 0.9530659914016724 276
1585100056374 0.9613914489746094 277
1585100089788 0.9543160200119019 278
1585100122847 0.9568159580230713 279
1585100156136 0.9579244256019592 280
1585100189384 0.9690329432487488 281
1585100222735 0.9529244303703308 282
1585100256231 0.9627829790115356 283
1585100289498 0.9613914489746094 284
1585100322765 0.9604244828224182 285
1585100355903 0.9629244804382324 286
1585100389125 0.955282986164093 287
1585100422918 0.9677829742431641 288
1585100456608 0.9677829742431641 289
1585100489486 0.9701414108276367 290
1585100523345 0.9604244232177734 291
1585100556357 0.968891441822052 292
1585100591016 0.9615329504013062 293
1585100624241 0.9616745114326477 294
1585100657814 0.9641744494438171 295
1585100691327 0.9649999141693115 296
1585100724670 0.9627829790115356 297
1585100758132 0.9674999713897705 298
1585100791436 0.9666744470596313 299
1585100824789 0.9640330076217651 300
1585100858135 0.9687499403953552 301
1585100891747 0.9712499380111694 302
1585100925653 0.9637499451637268 303
1585100959114 0.9651414752006531 304
1585100992411 0.9616744518280029 305
1585101025582 0.9615329504013062 306
1585101058765 0.9580659866333008 307
1585101091811 0.9627829790115356 308
1585101125067 0.9641745090484619 309
1585101158300 0.9666744470596313 310
1585101191712 0.9649999737739563 311
1585101225336 0.961957573890686 312
1585101258593 0.9691744446754456 313
1585101291947 0.9666744470596313 314
1585101325234 0.9652829766273499 315
1585101358756 0.9555659890174866 316
1585101392145 0.9630659818649292 317
1585101425326 0.9643159508705139 318
1585101458512 0.9590330123901367 319
1585101492116 0.9615329504013062 320
1585101525263 0.9618160128593445 321
1585101558923 0.9602829813957214 322
1585101592117 0.9663914442062378 323
1585101625288 0.9615330100059509 324
1585101658758 0.9702829122543335 325
1585101691820 0.968891441822052 326
1585101724898 0.9699999690055847 327
1585101758462 0.9668160080909729 328
1585101791933 0.9597405195236206 329
1585101825409 0.971532940864563 330
1585101859064 0.9566744565963745 331
1585101892255 0.9651414752006531 332
1585101925400 0.9690329432487488 333
1585101958820 0.9655659794807434 334
1585101992291 0.9615329504013062 335
1585102025493 0.9713914394378662 336
1585102059670 0.9570990204811096 337
1585102092865 0.970424473285675 338
1585102126284 0.9665329456329346 339
1585102159502 0.9629244208335876 340
1585102192793 0.9626414775848389 341
1585102225858 0.9738914370536804 342
1585102259053 0.9627829790115356 343
1585102292523 0.9665329456329346 344
1585102325705 0.9669574499130249 345
1585102358981 0.968891441822052 346
1585102392449 0.958065927028656 347
1585102426011 0.9654244780540466 348
1585102459372 0.968891441822052 349
1585102492799 0.9663914442062378 350
1585102525896 0.96875 351
1585102559471 0.9616744518280029 352
1585102592950 0.9504244923591614 353
1585102626810 0.9665329456329346 354
1585102660191 0.9724999666213989 355
1585102693482 0.9715330004692078 356
1585102726651 0.9663914442062378 357
1585102759719 0.9666744470596313 358
1585102793411 0.9654244780540466 359
1585102827519 0.9751414060592651 360
1585102860785 0.9619574546813965 361
1585102894146 0.9699999094009399 362
1585102927240 0.9593160152435303 363
1585102960769 0.9724999666213989 364
1585102994498 0.968891441822052 365
1585103027640 0.9677829742431641 366
1585103060734 0.9663914442062378 367
1585103094312 0.9677829742431641 368
1585103127515 0.9688915014266968 369
1585103160926 0.9665330052375793 370
1585103194924 0.9712499380111694 371
1585103228642 0.9738914966583252 372
1585103261807 0.9663914442062378 373
1585103294951 0.9676414728164673 374
1585103328226 0.9699999690055847 375
1585103361787 0.9690330028533936 376
1585103395328 0.9702829718589783 377
1585103428520 0.968891441822052 378
1585103461816 0.960707426071167 379
1585103495204 0.9701414704322815 380
1585103528316 0.9666744470596313 381
1585103561609 0.9702829718589783 382
1585103594913 0.971532940864563 383
1585103628493 0.9665329456329346 384
1585103661673 0.9651414155960083 385
1585103695569 0.9690329432487488 386
1585103728868 0.9652829766273499 387
1585103762328 0.9712499380111694 388
1585103795498 0.960565984249115 389
1585103829946 0.9762499928474426 390
1585103863067 0.9663915038108826 391
1585103896486 0.9630659818649292 392
1585103929807 0.9777829647064209 393
1585103963174 0.9654244780540466 394
1585103996318 0.9724999666213989 395
1585104029489 0.9726414680480957 396
1585104063384 0.9699999690055847 397
1585104096911 0.9654244780540466 398
1585104130623 0.974174439907074 399
1585104163763 0.9666744470596313 400
1585104197054 0.9668159484863281 401
1585104230040 0.970283031463623 402
1585104263396 0.9691744446754456 403
1585104296503 0.9740329384803772 404
1585104330217 0.9677829146385193 405
1585104363509 0.9727829694747925 406
1585104396557 0.9690329432487488 407
1585104430711 0.9568159580230713 408
1585104463801 0.968891441822052 409
1585104498175 0.9651414155960083 410
1585104531445 0.968891441822052 411
1585104564630 0.9713914394378662 412
1585104597970 0.9665329456329346 413
1585104631362 0.968891441822052 414
1585104664597 0.9665329456329346 415
1585104697706 0.9702829718589783 416
1585104730893 0.9713914394378662 417
1585104764193 0.9679244756698608 418
1585104797896 0.9737499356269836 419
1585104831554 0.9668160080909729 420
1585104865101 0.9601414799690247 421
1585104898635 0.9762499928474426 422
1585104931989 0.9737499952316284 423
1585104965346 0.9738914370536804 424
1585104998755 0.9727829098701477 425
1585105031952 0.9777829051017761 426
1585105065080 0.970424473285675 427
1585105098286 0.971532940864563 428
1585105131516 0.962099015712738 429
1585105165000 0.9762499332427979 430
1585105198288 0.9727829694747925 431
1585105231858 0.9724999666213989 432
1585105265487 0.9612500071525574 433
1585105300645 0.9691745042800903 434
1585105333972 0.9824999570846558 435
1585105367928 0.9652829170227051 436
1585105401218 0.9727829694747925 437
1585105435229 0.9801414608955383 438
1585105468829 0.9726414680480957 439
1585105502465 0.9726414680480957 440
1585105536248 0.9641745090484619 441
1585105569796 0.9726414680480957 442
1585105602899 0.9751414656639099 443
1585105636625 0.9676414728164673 444
1585105670112 0.970424473285675 445
1585105703503 0.9663914442062378 446
1585105737216 0.9666744470596313 447
1585105770692 0.9741744995117188 448
1585105804119 0.9668160080909729 449
1585105838227 0.9641744494438171 450
1585105871535 0.9707074165344238 451
1585105904750 0.9763914346694946 452
1585105938223 0.9726414680480957 453
1585105971626 0.9615329504013062 454
1585106005007 0.9738914370536804 455
1585106038215 0.9749999046325684 456
1585106072220 0.9654244780540466 457
1585106105270 0.9737499356269836 458
1585106138687 0.9787499904632568 459
1585106173119 0.9572405815124512 460
1585106206341 0.9749999642372131 461
1585106239694 0.9737499952316284 462
1585106273168 0.9713914394378662 463
1585106306289 0.9812499284744263 464
1585106339357 0.9676414132118225 465
1585106373211 0.9702829718589783 466
1585106406667 0.9777829647064209 467
1585106440050 0.9654244780540466 468
1585106473733 0.9726414680480957 469
1585106507658 0.9726414680480957 470
1585106540844 0.9774999022483826 471
1585106574553 0.9738914370536804 472
1585106607970 0.9765329360961914 473
1585106641848 0.9737499356269836 474
1585106675055 0.9751414060592651 475
1585106708212 0.9726414680480957 476
1585106741487 0.9765329360961914 477
1585106774947 0.9751414060592651 478
1585106807913 0.971532940864563 479
1585106842794 0.968891441822052 480
1585106876128 0.9726414680480957 481
1585106909486 0.9665330052375793 482
1585106942765 0.9726414680480957 483
1585106976924 0.9663914442062378 484
1585107011123 0.9774999618530273 485
1585107044604 0.9774999618530273 486
1585107078086 0.9702829718589783 487
1585107111746 0.9691744446754456 488
1585107145933 0.9688915014266968 489
1585107178938 0.9729244709014893 490
1585107212190 0.9801415205001831 491
1585107245613 0.9688915014266968 492
1585107279107 0.9776414632797241 493
1585107312495 0.9787499308586121 494
1585107346653 0.9740329384803772 495
1585107380043 0.9752830266952515 496
1585107413550 0.9774999618530273 497
1585107446707 0.9738914966583252 498
1585107479956 0.9627829194068909 499
1585107512975 0.9762499332427979 500
1585107546750 0.9726414680480957 501
1585107579840 0.9690329432487488 502
1585107613115 0.9751414656639099 503
1585107646320 0.9727829694747925 504
1585107679573 0.9777829051017761 505
1585107713158 0.9752829074859619 506
1585107747087 0.9762499332427979 507
1585107781488 0.9713914394378662 508
1585107814785 0.9752829670906067 509
1585107847959 0.9677829742431641 510
1585107880901 0.9701414704322815 511
1585107914243 0.9663914442062378 512
1585107947681 0.9788914918899536 513
1585107981054 0.9738914370536804 514
1585108014412 0.9676414728164673 515
1585108047682 0.9676414728164673 516
1585108082621 0.9713914394378662 517
1585108115829 0.9715330004692078 518
1585108149137 0.9787499308586121 519
1585108182298 0.9629244208335876 520
1585108215525 0.9751414656639099 521
1585108248974 0.9691744446754456 522
1585108282011 0.9640329480171204 523
1585108315458 0.9677829742431641 524
1585108348575 0.9702829718589783 525
1585108381773 0.982499897480011 526
1585108415041 0.9813914895057678 527
1585108449690 0.9751414656639099 528
1585108483100 0.9787499904632568 529
1585108516403 0.9724999070167542 530
1585108549682 0.9727830290794373 531
1585108582971 0.9713914394378662 532
1585108616289 0.9713914394378662 533
1585108650229 0.9663914442062378 534
1585108684062 0.9762499332427979 535
1585108717333 0.9713914394378662 536
1585108750857 0.9658491015434265 537
1585108784233 0.9701414108276367 538
1585108818162 0.970424473285675 539
1585108851387 0.9737499356269836 540
1585108884899 0.9687499403953552 541
1585108919002 0.9751414656639099 542
1585108952594 0.9668159484863281 543
1585108985719 0.9620990753173828 544
1585109018668 0.971532940864563 545
1585109052265 0.9751414060592651 546
1585109085594 0.968891441822052 547
1585109118992 0.9749999642372131 548
1585109152255 0.9726414680480957 549
1585109185308 0.9666744470596313 550
1585109218758 0.9702829718589783 551
1585109252439 0.9788914918899536 552
1585109285829 0.9701414704322815 553
1585109319072 0.9743159413337708 554
1585109352847 0.9738914966583252 555
1585109386076 0.971532940864563 556
1585109419364 0.9716744422912598 557
1585109452417 0.9679244756698608 558
1585109485772 0.9788914918899536 559
1585109518941 0.9737499356269836 560
1585109552269 0.9713914394378662 561
1585109585630 0.9788914322853088 562
1585109619208 0.9762499332427979 563
1585109652479 0.968891441822052 564
1585109686195 0.9718159437179565 565
1585109719775 0.982499897480011 566
1585109753451 0.964599072933197 567
1585109787268 0.9679244160652161 568
1585109820727 0.9765329957008362 569
1585109854237 0.9752829670906067 570
1585109887692 0.9752829670906067 571
1585109921332 0.9737499356269836 572
1585109954771 0.9751414656639099 573
1585109987808 0.9801414608955383 574
1585110020844 0.9741744995117188 575
1585110055716 0.971391499042511 576
1585110089056 0.9737499356269836 577
1585110122303 0.9788914918899536 578
1585110155655 0.9751414656639099 579
1585110188817 0.9726414680480957 580
1585110223014 0.9737499356269836 581
1585110256582 0.9715330004692078 582
1585110289882 0.9777829051017761 583
1585110323138 0.9766744375228882 584
1585110356710 0.9812499284744263 585
1585110390024 0.9815329313278198 586
1585110423181 0.9776415228843689 587
1585110456127 0.9749999642372131 588
1585110489284 0.9776414036750793 589
1585110522589 0.9669574499130249 590
1585110555966 0.9751414656639099 591
1585110589046 0.9749999642372131 592
1585110623290 0.9763914346694946 593
1585110656262 0.9730659127235413 594
1585110689665 0.9801414608955383 595
1585110723787 0.9751414656639099 596
1585110756982 0.9679244756698608 597
1585110789995 0.9790329933166504 598
1585110823286 0.9690329432487488 599
1585110856338 0.9751414060592651 600
1585110889274 0.9762499332427979 601
1585110922587 0.9752829670906067 602
1585110956219 0.98499995470047 603
1585110989444 0.9701414108276367 604
1585111023020 0.9776414632797241 605
1585111057495 0.9788914322853088 606
1585111090706 0.9726414680480957 607
1585111124423 0.9718160033226013 608
1585111157791 0.9701414704322815 609
1585111191284 0.9763914346694946 610
1585111224831 0.9690329432487488 611
1585111258137 0.9752829074859619 612
1585111291873 0.9665329456329346 613
1585111325151 0.9762499332427979 614
1585111358789 0.9812499284744263 615
1585111392006 0.9812499284744263 616
1585111425657 0.9694575071334839 617
1585111459365 0.98499995470047 618
1585111492680 0.9752829670906067 619
1585111525626 0.9763914942741394 620
1585111558932 0.9727829694747925 621
1585111592277 0.9775000214576721 622
1585111626603 0.9749999046325684 623
1585111659953 0.9813914895057678 624
1585111693563 0.9801414012908936 625
1585111726994 0.9691744446754456 626
1585111760399 0.9619574546813965 627
1585111793726 0.9688915014266968 628
1585111827650 0.9727829694747925 629
1585111861404 0.9738914966583252 630
1585111894759 0.9752829074859619 631
1585111928669 0.9738914370536804 632
1585111962950 0.9812499284744263 633
1585111996515 0.9827829599380493 634
1585112031120 0.9752829670906067 635
1585112065395 0.9837499856948853 636
1585112099429 0.9774999618530273 637
1585112133535 0.9738914370536804 638
1585112167248 0.9712499380111694 639
1585112200821 0.9763914346694946 640
1585112234937 0.9738914370536804 641
1585112269121 0.9762499928474426 642
1585112303778 0.9727829694747925 643
1585112337538 0.9622405171394348 644
1585112371201 0.975566029548645 645
1585112404983 0.9763914942741394 646
1585112438808 0.9716744422912598 647
1585112473296 0.9741744995117188 648
1585112507943 0.9851414561271667 649
1585112541674 0.9763914346694946 650
1585112576021 0.983891487121582 651
1585112611162 0.9763914346694946 652
1585112644889 0.9762499928474426 653
1585112678494 0.9774999022483826 654
1585112712004 0.9727830290794373 655
1585112745409 0.9799999594688416 656
1585112778971 0.9752829670906067 657
1585112812535 0.9788914322853088 658
1585112846639 0.9754244685173035 659
1585112881058 0.9754244685173035 660
1585112915319 0.9777829051017761 661
1585112949157 0.9788914322853088 662
1585112983013 0.9702829718589783 663
1585113016835 0.9762499332427979 664
1585113051116 0.9799998998641968 665
1585113084652 0.9777829647064209 666
1585113118584 0.9751414060592651 667
1585113151944 0.981391429901123 668
1585113185088 0.9790329337120056 669
1585113218686 0.9776414632797241 670
1585113252442 0.9774999618530273 671
1585113285949 0.9752829670906067 672
1585113319605 0.9776414632797241 673
1585113353070 0.9715330004692078 674
1585113387306 0.9702829718589783 675
1585113420928 0.9763914942741394 676
1585113454284 0.9713914394378662 677
1585113487815 0.9755659699440002 678
1585113521424 0.9837499260902405 679
1585113554711 0.9724999666213989 680
1585113588213 0.9730660319328308 681
1585113621760 0.9812499284744263 682
1585113655509 0.9787499308586121 683
1585113689706 0.9813914895057678 684
1585113723225 0.9762499928474426 685
1585113756805 0.9838914275169373 686
1585113790399 0.98499995470047 687
1585113824068 0.9799999594688416 688
1585113857819 0.9790329933166504 689
1585113892147 0.9777829051017761 690
1585113925525 0.971532940864563 691
1585113960097 0.9787499904632568 692
1585113995902 0.9754244685173035 693
1585114029618 0.970424473285675 694
1585114063505 0.9827830195426941 695
1585114098372 0.9863914251327515 696
1585114132425 0.9716745018959045 697
1585114165839 0.9826414585113525 698
1585114200241 0.9801414608955383 699
1585114233637 0.982499897480011 700
1585114267148 0.9740329384803772 701
1585114300763 0.9812499284744263 702
1585114334434 0.9738914966583252 703
1585114367844 0.9788914918899536 704
1585114401365 0.9799999594688416 705
1585114434962 0.9693159461021423 706
1585114470265 0.9755659699440002 707
1585114503691 0.9776414632797241 708
1585114537294 0.9824999570846558 709
1585114570847 0.9801414608955383 710
1585114604158 0.970424473285675 711
1585114637983 0.9801414608955383 712
1585114671812 0.9802830219268799 713
1585114705135 0.976674497127533 714
1585114738645 0.9801414608955383 715
1585114773078 0.974032998085022 716
1585114806339 0.9726414680480957 717
1585114840455 0.9776414632797241 718
1585114874062 0.9702829122543335 719
1585114907622 0.981391429901123 720
1585114941453 0.9790329933166504 721
1585114976266 0.9801414012908936 722
1585115011020 0.9763914346694946 723
1585115044373 0.9812499284744263 724
1585115078622 0.9762499928474426 725
1585115112549 0.9752829074859619 726
1585115146200 0.9777829647064209 727
1585115179691 0.9741744995117188 728
1585115214353 0.9787499308586121 729
1585115248074 0.974032998085022 730
1585115281433 0.981391429901123 731
1585115315868 0.9719575643539429 732
1585115349264 0.9774999618530273 733
1585115383872 0.9799999594688416 734
1585115417741 0.9824999570846558 735
1585115451774 0.9802829623222351 736
1585115485524 0.9749999642372131 737
1585115519190 0.9738914966583252 738
1585115553103 0.974174439907074 739
1585115587320 0.9763914346694946 740
1585115620997 0.9749999642372131 741
1585115654652 0.9837499260902405 742
1585115688355 0.981391429901123 743
1585115722068 0.9862499237060547 744
1585115755767 0.98499995470047 745
1585115789566 0.9812499284744263 746
1585115823344 0.9776414632797241 747
1585115856904 0.9776414632797241 748
1585115890734 0.9776414036750793 749
1585115924679 0.9738914370536804 750
1585115958460 0.9779245257377625 751
1585115991813 0.9774999618530273 752
1585116025320 0.9752829670906067 753
1585116058709 0.9827830195426941 754
1585116093085 0.9791744351387024 755
1585116126762 0.9765329360961914 756
1585116160425 0.9790329337120056 757
1585116193749 0.9779244661331177 758
1585116226921 0.9776414632797241 759
1585116261007 0.9788914918899536 760
1585116294474 0.9693159461021423 761
1585116328118 0.9763914942741394 762
1585116361925 0.9716744422912598 763
1585116396043 0.9752829074859619 764
1585116429735 0.9801414012908936 765
1585116464221 0.9763914942741394 766
1585116498444 0.9776414632797241 767
1585116532646 0.9787499308586121 768
1585116566628 0.9763914346694946 769
1585116600554 0.9862499833106995 770
1585116634174 0.9802829623222351 771
1585116668990 0.9802829623222351 772
1585116702771 0.9777829647064209 773
1585116736375 0.9669574499130249 774
1585116769982 0.9837499856948853 775
1585116803798 0.9676414728164673 776
1585116838427 0.9816744923591614 777
1585116872402 0.981391429901123 778
1585116905814 0.9777830243110657 779
1585116939592 0.9788914322853088 780
1585116973338 0.9837499260902405 781
1585117007210 0.9777829647064209 782
1585117041360 0.9812499284744263 783
1585117074965 0.972924530506134 784
1585117108780 0.9763914942741394 785
1585117142150 0.983891487121582 786
1585117175932 0.98499995470047 787
1585117209428 0.9751414656639099 788
1585117242940 0.9826414585113525 789
1585117276353 0.98499995470047 790
1585117310200 0.9765329957008362 791
1585117345411 0.9743159413337708 792
1585117379478 0.983891487121582 793
1585117413362 0.9838914275169373 794
1585117447132 0.9729244709014893 795
1585117480392 0.981391429901123 796
1585117514165 0.9751414656639099 797
1585117547774 0.9826414585113525 798
1585117581811 0.9788914322853088 799
1585117616420 0.9824999570846558 800
1585117650246 0.981391429901123 801
1585117683967 0.9718160033226013 802
1585117717943 0.9788914918899536 803
1585117751700 0.9824999570846558 804
1585117785106 0.9851414561271667 805
1585117818444 0.9776414632797241 806
1585117851725 0.9799999594688416 807
1585117885301 0.9837499856948853 808
1585117919422 0.9787499308586121 809
1585117953253 0.9863914251327515 810
1585117986906 0.981391429901123 811
1585118020976 0.983891487121582 812
1585118054445 0.9787499904632568 813
1585118087849 0.9790329933166504 814
1585118121536 0.9727829694747925 815
1585118155023 0.9752829670906067 816
1585118188661 0.9837499260902405 817
1585118222355 0.9812499284744263 818
1585118256215 0.9751414656639099 819
1585118289641 0.9801414608955383 820
1585118323091 0.976674497127533 821
1585118356537 0.9763914346694946 822
1585118390029 0.9826414585113525 823
1585118423599 0.9752829074859619 824
1585118457065 0.9801414608955383 825
1585118490480 0.9787499308586121 826
1585118523982 0.9801414608955383 827
1585118557421 0.974174439907074 828
1585118591006 0.9766744375228882 829
1585118624447 0.9815329313278198 830
1585118657799 0.9815329909324646 831
1585118691328 0.983891487121582 832
1585118724990 0.9874998927116394 833
1585118758628 0.9801415205001831 834
1585118792353 0.9801414608955383 835
1585118825671 0.9849998950958252 836
1585118859095 0.9824999570846558 837
1585118892813 0.9838914275169373 838
1585118926108 0.9815329313278198 839
1585118959630 0.9826414585113525 840
1585118993757 0.9790329337120056 841
1585119028568 0.9751414656639099 842
1585119062160 0.9801414608955383 843
1585119095706 0.9799998998641968 844
1585119129202 0.974174439907074 845
1585119162630 0.9788914918899536 846
1585119196979 0.9827829599380493 847
1585119230468 0.9824999570846558 848
1585119264053 0.9777829647064209 849
1585119297949 0.9779244661331177 850
1585119331774 0.9826413989067078 851
1585119365454 0.9774999022483826 852
1585119398998 0.9788914322853088 853
1585119432695 0.9801414608955383 854
1585119465958 0.9763914346694946 855
1585119499342 0.9862499237060547 856
1585119533225 0.9837499260902405 857
1585119566797 0.9718159437179565 858
1585119601283 0.9788914322853088 859
1585119634812 0.9777829647064209 860
1585119668385 0.9751414060592651 861
1585119702328 0.987641453742981 862
1585119735966 0.9824999570846558 863
1585119769707 0.9729244112968445 864
1585119803083 0.9707075357437134 865
1585119836470 0.9802829623222351 866
1585119870086 0.9826415181159973 867
1585119903705 0.9713914394378662 868
1585119937619 0.9718160033226013 869
1585119972517 0.9682074785232544 870
1585120005730 0.9788914322853088 871
1585120039935 0.974032998085022 872
1585120073879 0.9826414585113525 873
1585120107425 0.9824999570846558 874
1585120141196 0.981391429901123 875
1585120175443 0.9851415157318115 876
1585120210253 0.9826414585113525 877
1585120244006 0.9802829623222351 878
1585120277805 0.9837499856948853 879
1585120311463 0.976674497127533 880
1585120344872 0.9802829623222351 881
1585120378185 0.9826414585113525 882
1585120411519 0.981391429901123 883
1585120445045 0.9812499284744263 884
1585120479586 0.9777829647064209 885
1585120512874 0.9779244661331177 886
1585120546457 0.981391429901123 887
1585120580145 0.9826414585113525 888
1585120613562 0.9788914322853088 889
1585120647647 0.9740329384803772 890
1585120683146 0.9816744327545166 891
1585120717806 0.9754244685173035 892
1585120752425 0.9874999523162842 893
1585120786670 0.9770990014076233 894
1585120820155 0.9751414060592651 895
1585120853576 0.9774999618530273 896
1585120887262 0.9812499284744263 897
1585120920879 0.9801414608955383 898
1585120954750 0.9815329909324646 899
1585120989621 0.9788914322853088 900
1585121023112 0.983891487121582 901
1585121057202 0.9801414012908936 902
1585121090778 0.9801415205001831 903
1585121124159 0.9788914918899536 904
1585121158059 0.982499897480011 905
1585121191692 0.9774999618530273 906
1585121228352 0.9876413941383362 907
1585121263529 0.9727829098701477 908
1585121297111 0.9787499308586121 909
1585121330731 0.9788914918899536 910
1585121364533 0.9813914895057678 911
1585121398157 0.9837499260902405 912
1585121432021 0.9790329337120056 913
1585121465192 0.9694575071334839 914
1585121499076 0.981391429901123 915
1585121532645 0.9801415205001831 916
1585121568695 0.9801414012908936 917
1585121602771 0.9799999594688416 918
1585121636302 0.9826414585113525 919
1585121670162 0.9874999523162842 920
1585121703508 0.983891487121582 921
1585121737600 0.9740329384803772 922
1585121772845 0.9815329909324646 923
1585121806670 0.9804244637489319 924
1585121840572 0.9837499856948853 925
1585121875291 0.9829245209693909 926
1585121908850 0.9824999570846558 927
1585121942335 0.9788914322853088 928
1585121976078 0.9740329384803772 929
1585122009354 0.9790329337120056 930
1585122042891 0.9826414585113525 931
1585122076974 0.9774999618530273 932
1585122110541 0.970424473285675 933
1585122144336 0.9801414012908936 934
1585122178295 0.986532986164093 935
1585122212498 0.984032928943634 936
1585122245944 0.9850000143051147 937
1585122279387 0.9887499213218689 938
1585122313220 0.9801414608955383 939
1585122346776 0.9738914370536804 940
1585122380495 0.9812499284744263 941
1585122414063 0.9788914322853088 942
1585122448133 0.9827829599380493 943
1585122481679 0.9824999570846558 944
1585122515749 0.9763914346694946 945
1585122549457 0.98499995470047 946
1585122582947 0.981249988079071 947
1585122617609 0.981391429901123 948
1585122651095 0.9862499237060547 949
1585122684700 0.9751414656639099 950
1585122718403 0.98499995470047 951
1585122752032 0.9850000143051147 952
1585122785475 0.9912499785423279 953
1585122819781 0.98499995470047 954
1585122853652 0.9851414561271667 955
1585122888515 0.9751414060592651 956
1585122922389 0.981249988079071 957
1585122955746 0.9738914370536804 958
1585122989731 0.98499995470047 959
1585123023590 0.9812499284744263 960
1585123057673 0.9838914275169373 961
1585123092760 0.9838914275169373 962
1585123126201 0.9827829599380493 963
1585123160195 0.9801414012908936 964
1585123193655 0.9765329360961914 965
1585123227034 0.9749999642372131 966
1585123262075 0.9825000166893005 967
1585123295748 0.9826414585113525 968
1585123329637 0.981391429901123 969
1585123363160 0.9774999618530273 970
1585123396615 0.9790329933166504 971
1585123430401 0.9851414561271667 972
1585123464756 0.9837499856948853 973
1585123498450 0.9826413989067078 974
1585123532435 0.9824999570846558 975
1585123566776 0.9862499237060547 976
1585123599980 0.9790329337120056 977
1585123634129 0.9788914918899536 978
1585123668273 0.9824999570846558 979
1585123701764 0.983891487121582 980
1585123736201 0.9752829670906067 981
1585123769892 0.9751414060592651 982
1585123803691 0.9874999523162842 983
1585123837529 0.9863914847373962 984
1585123870998 0.9851414561271667 985
1585123904564 0.983891487121582 986
1585123938465 0.9826413989067078 987
1585123971833 0.9824999570846558 988
1585124005008 0.976674497127533 989
1585124038334 0.986532986164093 990
1585124072923 0.9716745018959045 991
1585124106348 0.9874999523162842 992
1585124140213 0.9799999594688416 993
1585124173866 0.983891487121582 994
1585124207326 0.9790329337120056 995
1585124241130 0.9851414561271667 996
1585124274492 0.9779244661331177 997
1585124307948 0.9788914918899536 998
1585124342297 0.983891487121582 999
1585124376582 0.9840329885482788 1000
