1585090811097 0.027248883619904518 0
1585090843695 1.4595897197723389 1
1585090876546 0.8711960315704346 2
1585090909204 0.035044994205236435 3
1585090941968 0.012814869172871113 4
1585090974715 0.02367267943918705 5
1585091008217 0.0014243049081414938 6
1585091041441 0.006472066976130009 7
1585091074746 0.002434804104268551 8
1585091108067 0.0049565802328288555 9
1585091141522 0.025634825229644775 10
1585091175008 0.015142576768994331 11
1585091208210 0.0013110680738463998 12
1585091241250 0.0033293443266302347 13
1585091274362 0.0053588878363370895 14
1585091307609 0.013900958932936192 15
1585091340879 0.02393440157175064 16
1585091373924 0.02198222279548645 17
1585091407226 0.013994104228913784 18
1585091440270 0.008969764225184917 19
1585091473434 0.007961687631905079 20
1585091505944 0.003696870058774948 21
1585091538866 0.009558523073792458 22
1585091571423 0.008879461325705051 23
1585091604128 0.001620587077923119 24
1585091637765 0.003173872595652938 25
1585091670550 0.006399031262844801 26
1585091703504 0.0051702940836548805 27
1585091736350 0.010515019297599792 28
1585091769583 0.023288972675800323 29
1585091802657 0.013409007340669632 30
1585091835826 0.009978286921977997 31
1585091870280 0.004516676999628544 32
1585091903334 0.004855454433709383 33
1585091936833 0.001972201280295849 34
1585091969737 0.004611364100128412 35
1585092003208 0.0020022925455123186 36
1585092036499 0.0052187759429216385 37
1585092070017 0.0020078381057828665 38
1585092103370 0.006654515862464905 39
1585092136607 0.001797960721887648 40
1585092170058 0.002205741126090288 41
1585092203228 0.005822599865496159 42
1585092236624 0.0032438456546515226 43
1585092269983 0.0014596439432352781 44
1585092303472 0.002434410387650132 45
1585092337285 0.0026135481894016266 46
1585092370592 0.0013762637972831726 47
1585092405006 0.0026566488668322563 48
1585092438132 0.0011258777230978012 49
1585092471248 0.0036395799834281206 50
1585092504404 0.0011675170389935374 51
1585092539821 0.0022621117532253265 52
1585092573063 0.0050805797800421715 53
1585092606231 0.0018946940544992685 54
1585092640681 0.0018619911279529333 55
1585092673872 0.002843292662873864 56
1585092707206 0.001572546549141407 57
1585092740889 0.0009983116760849953 58
1585092774140 0.0015979900490492582 59
1585092807487 0.003939018119126558 60
1585092840929 0.002832733327522874 61
1585092874256 0.0018307679565623403 62
1585092907383 0.0007628420135006309 63
1585092941199 0.0016372890677303076 64
1585092975051 0.0029875310137867928 65
1585093008245 0.0021041883155703545 66
1585093041704 0.002253140788525343 67
1585093074755 0.0020822917576879263 68
1585093107994 0.0017268036026507616 69
1585093141180 0.0023266253992915154 70
1585093175189 0.0023049158044159412 71
1585093208374 0.002185859950259328 72
1585093241705 0.0021601449698209763 73
1585093275124 0.0018802646081894636 74
1585093308170 0.0022818860597908497 75
1585093341973 0.0038427170366048813 76
1585093376063 0.0038047691341489553 77
1585093409490 0.002429584041237831 78
1585093442768 0.002972221467643976 79
1585093476173 0.002149556064978242 80
1585093509796 0.002349479589611292 81
1585093543793 0.002498298417776823 82
1585093577308 0.0024548096116632223 83
1585093611521 0.0032832070719450712 84
1585093644624 0.001960724126547575 85
1585093677773 0.0027304813265800476 86
1585093710974 0.002152483444660902 87
1585093744039 0.0028505916707217693 88
1585093777914 0.0027265280950814486 89
1585093811081 0.003857244038954377 90
1585093844716 0.0032259831205010414 91
1585093878213 0.004044925328344107 92
1585093911361 0.003478795289993286 93
1585093944798 0.002684700069949031 94
1585093977984 0.0038006450049579144 95
1585094011200 0.0026752171106636524 96
1585094044356 0.004134370479732752 97
1585094077799 0.0035556741058826447 98
1585094110805 0.0032131175976246595 99
1585094144257 0.0037887822836637497 100
1585094178003 0.0036304162349551916 101
1585094211328 0.0032057345379143953 102
1585094244664 0.0027534279506653547 103
1585094277668 0.00397968664765358 104
1585094310820 0.0027976087294518948 105
1585094344125 0.003351145889610052 106
1585094377181 0.0036639764439314604 107
1585094411356 0.0036974039394408464 108
1585094444580 0.0030102296732366085 109
1585094477753 0.0027282112278044224 110
1585094511839 0.003708835691213608 111
1585094545766 0.00399803277105093 112
1585094578778 0.004310221876949072 113
1585094612314 0.003846964566037059 114
1585094645901 0.003315787063911557 115
1585094679294 0.0030703318770974874 116
1585094712650 0.003169021802023053 117
1585094746422 0.0030759358778595924 118
1585094779911 0.0037054449785500765 119
1585094813750 0.003237406024709344 120
1585094847004 0.003190351650118828 121
1585094880551 0.0029850564897060394 122
1585094914323 0.003326695179566741 123
1585094947562 0.003500093938782811 124
1585094980952 0.003808574751019478 125
1585095014329 0.0034350501373410225 126
1585095047952 0.002981704194098711 127
1585095081266 0.0033581112511456013 128
1585095114608 0.0035830317065119743 129
1585095148383 0.0040876190178096294 130
1585095181572 0.005135971587151289 131
1585095215133 0.004117114935070276 132
1585095248289 0.003953793551772833 133
1585095281647 0.002523859031498432 134
1585095315788 0.003806366818025708 135
1585095348953 0.00416938029229641 136
1585095382348 0.004575039725750685 137
1585095415796 0.003883552039042115 138
1585095449365 0.0044060153886675835 139
1585095483805 0.0030707530677318573 140
1585095517412 0.002698271069675684 141
1585095551193 0.0035425974056124687 142
1585095584618 0.004280014429241419 143
1585095618382 0.004170071799308062 144
1585095651904 0.0038552230689674616 145
1585095685086 0.004402268677949905 146
1585095717994 0.003036295296624303 147
1585095751191 0.004104352090507746 148
1585095785170 0.003834616392850876 149
1585095818339 0.003924202173948288 150
1585095852156 0.003739394713193178 151
1585095885384 0.0032268420327454805 152
1585095918638 0.0037165400572121143 153
1585095951627 0.00305479415692389 154
1585095984690 0.0029720193706452847 155
1585096018135 0.0035610729828476906 156
1585096051263 0.00381229049526155 157
1585096084465 0.003119161818176508 158
1585096117957 0.003857624949887395 159
1585096151418 0.0033746573608368635 160
1585096185103 0.003473785240203142 161
1585096218134 0.0032262136228382587 162
1585096251287 0.003909439314156771 163
1585096284545 0.004433174151927233 164
1585096317990 0.004288066644221544 165
1585096352221 0.0035451834555715322 166
1585096385541 0.0044070458970963955 167
1585096418690 0.0033513386733829975 168
1585096452227 0.003673545317724347 169
1585096485784 0.0032344528008252382 170
1585096519550 0.003840954275801778 171
1585096553178 0.003993404097855091 172
1585096586784 0.00303703173995018 173
1585096619907 0.0030415626242756844 174
1585096653443 0.0033020186237990856 175
1585096686677 0.0033443511929363012 176
1585096719935 0.0027331828605383635 177
1585096753158 0.003043896984308958 178
1585096786358 0.0042473673820495605 179
1585096820022 0.0032105082646012306 180
1585096853126 0.0039812675677239895 181
1585096886112 0.004197609145194292 182
1585096919314 0.003175381338223815 183
1585096952789 0.00391459371894598 184
1585096985873 0.0033470240887254477 185
1585097018995 0.004317268263548613 186
1585097052181 0.004698400851339102 187
1585097085343 0.003845907747745514 188
1585097118728 0.004674065858125687 189
1585097152023 0.0029696582350879908 190
1585097185376 0.0026681723538786173 191
1585097218548 0.0037093881983309984 192
1585097251659 0.00345817394554615 193
1585097285403 0.0030258013866841793 194
1585097318628 0.003073648316785693 195
1585097351921 0.003902121912688017 196
1585097385176 0.002951886970549822 197
1585097418644 0.0038785755168646574 198
1585097452203 0.0027495911344885826 199
1585097485235 0.003895614994689822 200
1585097518554 0.0038695363327860832 201
1585097551841 0.005499551072716713 202
1585097585462 0.004070793278515339 203
1585097619089 0.0037346372846513987 204
1585097652095 0.00365833449177444 205
1585097685269 0.003492028685286641 206
1585097718599 0.0039691077545285225 207
1585097752098 0.00391160324215889 208
1585097786113 0.0035878648050129414 209
1585097819373 0.004010164178907871 210
1585097855777 0.003941523376852274 211
1585097889107 0.003749449970200658 212
1585097922299 0.004153321031481028 213
1585097955480 0.002849681070074439 214
1585097988769 0.003625706769526005 215
1585098022244 0.003794074058532715 216
1585098055643 0.0037338733673095703 217
1585098089527 0.004114809911698103 218
1585098123075 0.004167403094470501 219
1585098156431 0.0052603003568947315 220
1585098189976 0.0037902400363236666 221
1585098223784 0.003419809974730015 222
1585098257384 0.003448281204327941 223
1585098290360 0.004550999961793423 224
1585098323804 0.003000450786203146 225
1585098358043 0.003650825470685959 226
1585098391336 0.0041947211138904095 227
1585098424608 0.0037155316676944494 228
1585098457663 0.003800445469096303 229
1585098491075 0.0038032608572393656 230
1585098524181 0.0035480239894241095 231
1585098557645 0.0031173613388091326 232
1585098590828 0.004257762338966131 233
1585098624388 0.003248604480177164 234
1585098657415 0.0037602465599775314 235
1585098690571 0.003093400737270713 236
1585098723811 0.00425817770883441 237
1585098757501 0.0041206469759345055 238
1585098791888 0.003914481028914452 239
1585098825059 0.003947029355913401 240
1585098857983 0.0027581460308283567 241
1585098891526 0.004057176411151886 242
1585098924675 0.00395446689799428 243
1585098957863 0.0036712889559566975 244
1585098991224 0.003040200797840953 245
1585099024420 0.0038143382407724857 246
1585099057643 0.0036107096821069717 247
1585099090784 0.004467545077204704 248
1585099124069 0.003464797744527459 249
1585099157240 0.0033604884520173073 250
1585099190577 0.0034505240619182587 251
1585099224246 0.0038720460142940283 252
1585099257346 0.003843960352241993 253
1585099290291 0.004152428824454546 254
1585099324196 0.0034983498044312 255
1585099357746 0.004041911102831364 256
1585099390880 0.0033341567032039165 257
1585099424590 0.003940879832953215 258
1585099457815 0.0035892846062779427 259
1585099491135 0.003272607456892729 260
1585099524600 0.003183335531502962 261
1585099557680 0.004078597761690617 262
1585099590574 0.003960927948355675 263
1585099623824 0.0037971194833517075 264
1585099657028 0.0037439214065670967 265
1585099690246 0.003703913651406765 266
1585099723276 0.00296956324018538 267
1585099756560 0.003803346771746874 268
1585099789549 0.0036907789763063192 269
1585099822895 0.0033712047152221203 270
1585099856324 0.003612193511798978 271
1585099889618 0.0039045242592692375 272
1585099923018 0.0033510441426187754 273
1585099956251 0.0026159740518778563 274
1585099989560 0.004040918778628111 275
1585100023197 0.0027528193313628435 276
1585100056374 0.0034829615615308285 277
1585100089788 0.003092017490416765 278
1585100122847 0.00306061957962811 279
1585100156136 0.0033722983207553625 280
1585100189384 0.0034676240757107735 281
1585100222735 0.003135278820991516 282
1585100256231 0.003599711460992694 283
1585100289498 0.003226911649107933 284
1585100322765 0.0036549349315464497 285
1585100355903 0.0038748534861952066 286
1585100389125 0.0027917586266994476 287
1585100422918 0.00358458049595356 288
1585100456608 0.003622113959863782 289
1585100489486 0.0046314275823533535 290
1585100523345 0.003498000092804432 291
1585100556357 0.004397893324494362 292
1585100591016 0.0033996757119894028 293
1585100624241 0.0033347434364259243 294
1585100657814 0.003208620473742485 295
1585100691327 0.0036930907517671585 296
1585100724670 0.00339661561883986 297
1585100758132 0.0045572142116725445 298
1585100791436 0.0037509158719331026 299
1585100824789 0.003951750695705414 300
1585100858135 0.0037592260632663965 301
1585100891747 0.004077967256307602 302
1585100925653 0.0036583044566214085 303
1585100959114 0.0030414778739213943 304
1585100992411 0.003931217826902866 305
1585101025582 0.003535190597176552 306
1585101058765 0.003322833916172385 307
1585101091811 0.0034561471547931433 308
1585101125067 0.003267061896622181 309
1585101158300 0.0034347320906817913 310
1585101191712 0.003777801990509033 311
1585101225336 0.0035887747071683407 312
1585101258593 0.003787238849326968 313
1585101291947 0.003877155249938369 314
1585101325234 0.003836460644379258 315
1585101358756 0.00262851663865149 316
1585101392145 0.003240216989070177 317
1585101425326 0.0030988287180662155 318
1585101458512 0.0033654256258159876 319
1585101492116 0.0031617111526429653 320
1585101525263 0.0035791522823274136 321
1585101558923 0.0031657496001571417 322
1585101592117 0.003934662789106369 323
1585101625288 0.0031752847135066986 324
1585101658758 0.0036962733138352633 325
1585101691820 0.003546877996996045 326
1585101724898 0.0037577366456389427 327
1585101758462 0.003568248823285103 328
1585101791933 0.0033652689307928085 329
1585101825409 0.003796593751758337 330
1585101859064 0.003204398090019822 331
1585101892255 0.0036167206708341837 332
1585101925400 0.00310703762806952 333
1585101958820 0.0040063573978841305 334
1585101992291 0.003610075917094946 335
1585102025493 0.0035428295377641916 336
1585102059670 0.0038608978502452374 337
1585102092865 0.004135020077228546 338
1585102126284 0.0032294855918735266 339
1585102159502 0.0036655287258327007 340
1585102192793 0.002425725571811199 341
1585102225858 0.003924059681594372 342
1585102259053 0.003776832018047571 343
1585102292523 0.003541064914315939 344
1585102325705 0.003919306211173534 345
1585102358981 0.003676516003906727 346
1585102392449 0.0033009005710482597 347
1585102426011 0.003348398022353649 348
1585102459372 0.0032574560027569532 349
1585102492799 0.003979683853685856 350
1585102525896 0.00419008219614625 351
1585102559471 0.00423148600384593 352
1585102592950 0.0026829487178474665 353
1585102626810 0.0035189478658139706 354
1585102660191 0.003713421057909727 355
1585102693482 0.0035744395572692156 356
1585102726651 0.003321689087897539 357
1585102759719 0.0034883380867540836 358
1585102793411 0.0042656282894313335 359
1585102827519 0.003847498446702957 360
1585102860785 0.003425197908654809 361
1585102894146 0.004056675359606743 362
1585102927240 0.0033122063614428043 363
1585102960769 0.003230010624974966 364
1585102994498 0.003224817104637623 365
1585103027640 0.00342593714594841 366
1585103060734 0.003535428550094366 367
1585103094312 0.003562453668564558 368
1585103127515 0.0036387343425303698 369
1585103160926 0.0033842071425169706 370
1585103194924 0.0040406291373074055 371
1585103228642 0.004510245751589537 372
1585103261807 0.0035160956904292107 373
1585103294951 0.0031601181253790855 374
1585103328226 0.002957494929432869 375
1585103361787 0.0034037556033581495 376
1585103395328 0.003992893733084202 377
1585103428520 0.003559948643669486 378
1585103461816 0.0033192127011716366 379
1585103495204 0.0031788209453225136 380
1585103528316 0.0026431982405483723 381
1585103561609 0.0028115171007812023 382
1585103594913 0.0030981567688286304 383
1585103628493 0.0030339432414621115 384
1585103661673 0.0032290094532072544 385
1585103695569 0.0034229427110403776 386
1585103728868 0.002711489563807845 387
1585103762328 0.003627164289355278 388
1585103795498 0.002546114381402731 389
1585103829946 0.003740700427442789 390
1585103863067 0.0035665801260620356 391
1585103896486 0.003535614814609289 392
1585103929807 0.0034974603913724422 393
1585103963174 0.0038310701493173838 394
1585103996318 0.0037114399019628763 395
1585104029489 0.003506814129650593 396
1585104063384 0.003733353689312935 397
1585104096911 0.0034209636505693197 398
1585104130623 0.0036572618409991264 399
1585104163763 0.003202999010682106 400
1585104197054 0.003327867714688182 401
1585104230040 0.0031362446025013924 402
1585104263396 0.003337619360536337 403
1585104296503 0.00353631773032248 404
1585104330217 0.003354061394929886 405
1585104363509 0.0036870427429676056 406
1585104396557 0.0033782676327973604 407
1585104430711 0.0022610314190387726 408
1585104463801 0.0028112726286053658 409
1585104498175 0.002668640809133649 410
1585104531445 0.0033379842061549425 411
1585104564630 0.003953227307647467 412
1585104597970 0.0036808187142014503 413
1585104631362 0.0029083264525979757 414
1585104664597 0.0032665058970451355 415
1585104697706 0.0037486550863832235 416
1585104730893 0.0038214577361941338 417
1585104764193 0.0027459876146167517 418
1585104797896 0.0034078871831297874 419
1585104831554 0.0031446125358343124 420
1585104865101 0.002692758571356535 421
1585104898635 0.0033847102895379066 422
1585104931989 0.0036883114371448755 423
1585104965346 0.003462895518168807 424
1585104998755 0.0036018232349306345 425
1585105031952 0.003458254039287567 426
1585105065080 0.0032987589947879314 427
1585105098286 0.0039389897137880325 428
1585105131516 0.003387712873518467 429
1585105165000 0.0038275104016065598 430
1585105198288 0.0034046645741909742 431
1585105231858 0.0033079595305025578 432
1585105265487 0.0035065985284745693 433
1585105300645 0.0033568390645086765 434
1585105333972 0.003787787165492773 435
1585105367928 0.0030543627217411995 436
1585105401218 0.002802167320623994 437
1585105435229 0.004033807665109634 438
1585105468829 0.003802413586527109 439
1585105502465 0.003821066115051508 440
1585105536248 0.0034031535033136606 441
1585105569796 0.003257728647440672 442
1585105602899 0.003310127416625619 443
1585105636625 0.0027225457597523928 444
1585105670112 0.0037392901722341776 445
1585105703503 0.003343895310536027 446
1585105737216 0.0027618221938610077 447
1585105770692 0.0033891992643475533 448
1585105804119 0.0031111089047044516 449
1585105838227 0.003645688993856311 450
1585105871535 0.0038419764023274183 451
1585105904750 0.004309654701501131 452
1585105938223 0.0033651001285761595 453
1585105971626 0.0036469697952270508 454
1585106005007 0.0032641326542943716 455
1585106038215 0.003435476217418909 456
1585106072220 0.003011002903804183 457
1585106105270 0.003432839410379529 458
1585106138687 0.003961536101996899 459
1585106173119 0.0038645360618829727 460
1585106206341 0.003095785854384303 461
1585106239694 0.003153708064928651 462
1585106273168 0.003169095842167735 463
1585106306289 0.0033720755018293858 464
1585106339357 0.0032485981937497854 465
1585106373211 0.0029000560753047466 466
1585106406667 0.0038868479896336794 467
1585106440050 0.003133519785478711 468
1585106473733 0.0032316427677869797 469
1585106507658 0.0034262407571077347 470
1585106540844 0.0032317563891410828 471
1585106574553 0.0031670881435275078 472
1585106607970 0.003322447882965207 473
1585106641848 0.003625240409746766 474
1585106675055 0.003945489414036274 475
1585106708212 0.0036944092717021704 476
1585106741487 0.003682497190311551 477
1585106774947 0.0036722219083458185 478
1585106807913 0.0028618047945201397 479
1585106842794 0.0031660725362598896 480
1585106876128 0.0030350994784384966 481
1585106909486 0.0029103157576173544 482
1585106942765 0.002874112455174327 483
1585106976924 0.002739373594522476 484
1585107011123 0.003052301239222288 485
1585107044604 0.0033432135824114084 486
1585107078086 0.0032426242250949144 487
1585107111746 0.0027151370886713266 488
1585107145933 0.003229711437597871 489
1585107178938 0.003850348060950637 490
1585107212190 0.0034428113140165806 491
1585107245613 0.003030025167390704 492
1585107279107 0.003154118312522769 493
1585107312495 0.0035764421336352825 494
1585107346653 0.0032079475931823254 495
1585107380043 0.003787348046898842 496
1585107413550 0.003947987221181393 497
1585107446707 0.0031356632243841887 498
1585107479956 0.0026328829117119312 499
1585107512975 0.003572245826944709 500
1585107546750 0.002886750502511859 501
1585107579840 0.003018103539943695 502
1585107613115 0.003550468012690544 503
1585107646320 0.0032327468506991863 504
1585107679573 0.003563795005902648 505
1585107713158 0.003275509923696518 506
1585107747087 0.003494862699881196 507
1585107781488 0.0033490965142846107 508
1585107814785 0.003043082542717457 509
1585107847959 0.0024479248095303774 510
1585107880901 0.0033317268826067448 511
1585107914243 0.0031981151551008224 512
1585107947681 0.00363457971252501 513
1585107981054 0.0037111369892954826 514
1585108014412 0.0024059577845036983 515
1585108047682 0.0027076094411313534 516
1585108082621 0.0032766833901405334 517
1585108115829 0.00326317991130054 518
1585108149137 0.0033066836185753345 519
1585108182298 0.0028596732299774885 520
1585108215525 0.0034217978827655315 521
1585108248974 0.0029678053688257933 522
1585108282011 0.0031707449816167355 523
1585108315458 0.0029056845232844353 524
1585108348575 0.003416121006011963 525
1585108381773 0.003940919879823923 526
1585108415041 0.003448419738560915 527
1585108449690 0.0032069100998342037 528
1585108483100 0.003986565861850977 529
1585108516403 0.0029940237291157246 530
1585108549682 0.003081451402977109 531
1585108582971 0.0026364033110439777 532
1585108616289 0.002971341833472252 533
1585108650229 0.0028073210269212723 534
1585108684062 0.0031172428280115128 535
1585108717333 0.002598666353151202 536
1585108750857 0.004052693489938974 537
1585108784233 0.003000089433044195 538
1585108818162 0.0030419162940233946 539
1585108851387 0.0026995253283530474 540
1585108884899 0.0033243000507354736 541
1585108919002 0.003458040300756693 542
1585108952594 0.0030746152624487877 543
1585108985719 0.0031125701498240232 544
1585109018668 0.0032093997579067945 545
1585109052265 0.003232767805457115 546
1585109085594 0.0030950778163969517 547
1585109118992 0.0032119667157530785 548
1585109152255 0.002968583023175597 549
1585109185308 0.0028798584826290607 550
1585109218758 0.0033859407994896173 551
1585109252439 0.003239148063585162 552
1585109285829 0.0026534120552241802 553
1585109319072 0.0034491587430238724 554
1585109352847 0.0029726033098995686 555
1585109386076 0.0030020023696124554 556
1585109419364 0.0028553938027471304 557
1585109452417 0.002992084017023444 558
1585109485772 0.003569655120372772 559
1585109518941 0.0039012341294437647 560
1585109552269 0.003605285193771124 561
1585109585630 0.0030121211893856525 562
1585109619208 0.0029626640025526285 563
1585109652479 0.002793216612190008 564
1585109686195 0.004296170547604561 565
1585109719775 0.0036174196284264326 566
1585109753451 0.005219511687755585 567
1585109787268 0.003149040974676609 568
1585109820727 0.003043107921257615 569
1585109854237 0.0031371989753097296 570
1585109887692 0.0032614923547953367 571
1585109921332 0.0033000048715621233 572
1585109954771 0.0032764014322310686 573
1585109987808 0.0032567945308983326 574
1585110020844 0.003162490902468562 575
1585110055716 0.0029264967888593674 576
1585110089056 0.003193129086866975 577
1585110122303 0.0036070183850824833 578
1585110155655 0.003087433287873864 579
1585110188817 0.0031984392553567886 580
1585110223014 0.0028548066038638353 581
1585110256582 0.002753449836745858 582
1585110289882 0.0031361281871795654 583
1585110323138 0.0035300063900649548 584
1585110356710 0.00386839359998703 585
1585110390024 0.0036388770677149296 586
1585110423181 0.003847228130325675 587
1585110456127 0.0027131880633533 588
1585110489284 0.0032874764874577522 589
1585110522589 0.002604843582957983 590
1585110555966 0.0033597550354897976 591
1585110589046 0.0036234180442988873 592
1585110623290 0.0032107485458254814 593
1585110656262 0.00333732389844954 594
1585110689665 0.003651498118415475 595
1585110723787 0.0034062406048178673 596
1585110756982 0.002500789938494563 597
1585110789995 0.002717297524213791 598
1585110823286 0.003115833504125476 599
1585110856338 0.0029821826610714197 600
1585110889274 0.0030981232412159443 601
1585110922587 0.0030107246711850166 602
1585110956219 0.0035853092558681965 603
1585110989444 0.002689887536689639 604
1585111023020 0.0032518228981643915 605
1585111057495 0.003541591577231884 606
1585111090706 0.0031611977610737085 607
1585111124423 0.002967088483273983 608
1585111157791 0.003163672983646393 609
1585111191284 0.003244236810132861 610
1585111224831 0.002793825464323163 611
1585111258137 0.0026797859463840723 612
1585111291873 0.0031429745722562075 613
1585111325151 0.003148813033476472 614
1585111358789 0.0036606292705982924 615
1585111392006 0.0038083302788436413 616
1585111425657 0.0031725771259516478 617
1585111459365 0.0037097788881510496 618
1585111492680 0.002900176215916872 619
1585111525626 0.0035041773226112127 620
1585111558932 0.002572376048192382 621
1585111592277 0.0031591125298291445 622
1585111626603 0.0031207106076180935 623
1585111659953 0.0035766507498919964 624
1585111693563 0.0033944796305149794 625
1585111726994 0.0025268057361245155 626
1585111760399 0.002447227481752634 627
1585111793726 0.003395381383597851 628
1585111827650 0.0030657462775707245 629
1585111861404 0.0029792245477437973 630
1585111894759 0.003659344743937254 631
1585111928669 0.003029329003766179 632
1585111962950 0.00394761748611927 633
1585111996515 0.003862356301397085 634
1585112031120 0.0033768096473068 635
1585112065395 0.0036694908048957586 636
1585112099429 0.0032859325874596834 637
1585112133535 0.002898946637287736 638
1585112167248 0.002745230682194233 639
1585112200821 0.002499618101865053 640
1585112234937 0.002936852164566517 641
1585112269121 0.0035401969216763973 642
1585112303778 0.003072453895583749 643
1585112337538 0.0039509013295173645 644
1585112371201 0.0029980887193232775 645
1585112404983 0.0028973862063139677 646
1585112438808 0.0026893955655395985 647
1585112473296 0.002817001659423113 648
1585112507943 0.0032935654744505882 649
1585112541674 0.0028705792501568794 650
1585112576021 0.003497339552268386 651
1585112611162 0.0035882487427443266 652
1585112644889 0.003221375634893775 653
1585112678494 0.0029944973066449165 654
1585112712004 0.002365302527323365 655
1585112745409 0.003450092626735568 656
1585112778971 0.003199285129085183 657
1585112812535 0.0032115308567881584 658
1585112846639 0.0030230828560888767 659
1585112881058 0.00295548839494586 660
1585112915319 0.0031749149784445763 661
1585112949157 0.0029818876646459103 662
1585112983013 0.0031946406234055758 663
1585113016835 0.003138743806630373 664
1585113051116 0.0035485192202031612 665
1585113084652 0.0030141156166791916 666
1585113118584 0.002918677870184183 667
1585113151944 0.0031969978008419275 668
1585113185088 0.003535838797688484 669
1585113218686 0.0030418080277740955 670
1585113252442 0.0033845664002001286 671
1585113285949 0.0032068488653749228 672
1585113319605 0.003617022419348359 673
1585113353070 0.003114928724244237 674
1585113387306 0.003364193718880415 675
1585113420928 0.0027678865008056164 676
1585113454284 0.0026050324086099863 677
1585113487815 0.003023778088390827 678
1585113521424 0.003704808419570327 679
1585113554711 0.0029615277890115976 680
1585113588213 0.0027167992666363716 681
1585113621760 0.003180172760039568 682
1585113655509 0.0038542775437235832 683
1585113689706 0.0032029254361987114 684
1585113723225 0.003299367381259799 685
1585113756805 0.0030683306977152824 686
1585113790399 0.0035876473411917686 687
1585113824068 0.00321211782284081 688
1585113857819 0.003530408488586545 689
1585113892147 0.0032247439958155155 690
1585113925525 0.002645851345732808 691
1585113960097 0.0033645157236605883 692
1585113995902 0.0030269180424511433 693
1585114029618 0.002897744532674551 694
1585114063505 0.0038793100975453854 695
1585114098372 0.0031319011468440294 696
1585114132425 0.0031766097526997328 697
1585114165839 0.0033053793013095856 698
1585114200241 0.0032209688797593117 699
1585114233637 0.003123347880318761 700
1585114267148 0.0021624714136123657 701
1585114300763 0.003119844011962414 702
1585114334434 0.002727700397372246 703
1585114367844 0.002895108424127102 704
1585114401365 0.0032733019907027483 705
1585114434962 0.0029172536451369524 706
1585114470265 0.002994376001879573 707
1585114503691 0.003012188011780381 708
1585114537294 0.0032987084705382586 709
1585114570847 0.002968023531138897 710
1585114604158 0.002724208403378725 711
1585114637983 0.0031288964673876762 712
1585114671812 0.003327661659568548 713
1585114705135 0.003352593630552292 714
1585114738645 0.002624539891257882 715
1585114773078 0.0020934503991156816 716
1585114806339 0.0026235587429255247 717
1585114840455 0.0032029827125370502 718
1585114874062 0.002658490790054202 719
1585114907622 0.00399801367893815 720
1585114941453 0.0031557048205286264 721
1585114976266 0.00275811948813498 722
1585115011020 0.0030657602474093437 723
1585115044373 0.0030573587864637375 724
1585115078622 0.003560400800779462 725
1585115112549 0.003412653924897313 726
1585115146200 0.003337756497785449 727
1585115179691 0.0029957876540720463 728
1585115214353 0.0029183346778154373 729
1585115248074 0.0030057397671043873 730
1585115281433 0.003225842025130987 731
1585115315868 0.0028366120532155037 732
1585115349264 0.003115770872682333 733
1585115383872 0.0029664128087460995 734
1585115417741 0.003649272723123431 735
1585115451774 0.0030122019816190004 736
1585115485524 0.0030415449291467667 737
1585115519190 0.002875019097700715 738
1585115553103 0.0029940446838736534 739
1585115587320 0.0026946207508444786 740
1585115620997 0.0025692374911159277 741
1585115654652 0.003457392333075404 742
1585115688355 0.003153481986373663 743
1585115722068 0.00348277622833848 744
1585115755767 0.00303903897292912 745
1585115789566 0.002980314427986741 746
1585115823344 0.0030950699001550674 747
1585115856904 0.0026888777501881123 748
1585115890734 0.00278796860948205 749
1585115924679 0.002687308704480529 750
1585115958460 0.0032973457127809525 751
1585115991813 0.002842191606760025 752
1585116025320 0.0029837340116500854 753
1585116058709 0.0030180574394762516 754
1585116093085 0.003082846524193883 755
1585116126762 0.002782468218356371 756
1585116160425 0.0029043967369943857 757
1585116193749 0.002983542624861002 758
1585116226921 0.0031013619154691696 759
1585116261007 0.003307749517261982 760
1585116294474 0.002291401382535696 761
1585116328118 0.0024341961834579706 762
1585116361925 0.0030042652506381273 763
1585116396043 0.0032329943496733904 764
1585116429735 0.003341405186802149 765
1585116464221 0.0026881357189267874 766
1585116498444 0.0034889194648712873 767
1585116532646 0.002908961847424507 768
1585116566628 0.0028103035874664783 769
1585116600554 0.0031936890445649624 770
1585116634174 0.003217969788238406 771
1585116668990 0.003607502905651927 772
1585116702771 0.0029244704637676477 773
1585116736375 0.002450330648571253 774
1585116769982 0.0029301533941179514 775
1585116803798 0.0022643425036221743 776
1585116838427 0.002904227003455162 777
1585116872402 0.0030529694631695747 778
1585116905814 0.0034664750564843416 779
1585116939592 0.002892416436225176 780
1585116973338 0.003740712534636259 781
1585117007210 0.0028176046907901764 782
1585117041360 0.003223768435418606 783
1585117074965 0.0028696616645902395 784
1585117108780 0.0027290936559438705 785
1585117142150 0.003137958236038685 786
1585117175932 0.0032501418609172106 787
1585117209428 0.0032695874106138945 788
1585117242940 0.0034860274754464626 789
1585117276353 0.0033305122051388025 790
1585117310200 0.0027870694175362587 791
1585117345411 0.0022834227420389652 792
1585117379478 0.0034889341332018375 793
1585117413362 0.0033624800853431225 794
1585117447132 0.0028294003568589687 795
1585117480392 0.003191845491528511 796
1585117514165 0.0028613400645554066 797
1585117547774 0.0033269051928073168 798
1585117581811 0.002701572608202696 799
1585117616420 0.003249479690566659 800
1585117650246 0.002843690337613225 801
1585117683967 0.0038099661469459534 802
1585117717943 0.002882779110223055 803
1585117751700 0.0035663661547005177 804
1585117785106 0.003151158569380641 805
1585117818444 0.0030901830177754164 806
1585117851725 0.0034462036564946175 807
1585117885301 0.0033176655415445566 808
1585117919422 0.0030198555905371904 809
1585117953253 0.0032341312617063522 810
1585117986906 0.0029982412233948708 811
1585118020976 0.0037761356215924025 812
1585118054445 0.0028893996495753527 813
1585118087849 0.0030113558750599623 814
1585118121536 0.00270337937399745 815
1585118155023 0.0033153726253658533 816
1585118188661 0.0030987970530986786 817
1585118222355 0.003105942392721772 818
1585118256215 0.002519147703424096 819
1585118289641 0.003577655414119363 820
1585118323091 0.0029983408749103546 821
1585118356537 0.0032042469829320908 822
1585118390029 0.00317745772190392 823
1585118423599 0.0029179020784795284 824
1585118457065 0.0027256642933934927 825
1585118490480 0.0026123239658772945 826
1585118523982 0.003316066227853298 827
1585118557421 0.003268364118412137 828
1585118591006 0.0028886357322335243 829
1585118624447 0.0027296266052871943 830
1585118657799 0.002569612581282854 831
1585118691328 0.003298207651823759 832
1585118724990 0.0033502080477774143 833
1585118758628 0.0030123405158519745 834
1585118792353 0.002917407313361764 835
1585118825671 0.00307724648155272 836
1585118859095 0.003082757815718651 837
1585118892813 0.003349816193804145 838
1585118926108 0.002809298923239112 839
1585118959630 0.0036313175223767757 840
1585118993757 0.002782761352136731 841
1585119028568 0.0029988246969878674 842
1585119062160 0.003590577282011509 843
1585119095706 0.0032069189473986626 844
1585119129202 0.0027486863546073437 845
1585119162630 0.0030370219610631466 846
1585119196979 0.003000626340508461 847
1585119230468 0.003296222537755966 848
1585119264053 0.0025289924815297127 849
1585119297949 0.0026788150426000357 850
1585119331774 0.0031916857697069645 851
1585119365454 0.0030019478872418404 852
1585119398998 0.0031519329641014338 853
1585119432695 0.0025903047062456608 854
1585119465958 0.002724264981225133 855
1585119499342 0.003033976536244154 856
1585119533225 0.003115106374025345 857
1585119566797 0.0029362437780946493 858
1585119601283 0.0027893350925296545 859
1585119634812 0.003117558779194951 860
1585119668385 0.0023100164253264666 861
1585119702328 0.0032412963919341564 862
1585119735966 0.0028497299645096064 863
1585119769707 0.0027619553729891777 864
1585119803083 0.0027420739643275738 865
1585119836470 0.0027219962794333696 866
1585119870086 0.0025840881280601025 867
1585119903705 0.0023359637707471848 868
1585119937619 0.0022346111945807934 869
1585119972517 0.002585177542641759 870
1585120005730 0.0029487202409654856 871
1585120039935 0.0025099569465965033 872
1585120073879 0.0030313602183014154 873
1585120107425 0.0032185614109039307 874
1585120141196 0.0034200497902929783 875
1585120175443 0.0034197247587144375 876
1585120210253 0.00307423435151577 877
1585120244006 0.0033815226051956415 878
1585120277805 0.0028080043848603964 879
1585120311463 0.002497064648196101 880
1585120344872 0.003189252456650138 881
1585120378185 0.003250530920922756 882
1585120411519 0.003362823510542512 883
1585120445045 0.003104108851402998 884
1585120479586 0.0030566714704036713 885
1585120512874 0.002688057953491807 886
1585120546457 0.0024853672366589308 887
1585120580145 0.002978344215080142 888
1585120613562 0.0027893909718841314 889
1585120647647 0.0028376728296279907 890
1585120683146 0.003345794975757599 891
1585120717806 0.0029992242343723774 892
1585120752425 0.003301936201751232 893
1585120786670 0.0033324831165373325 894
1585120820155 0.002770021790638566 895
1585120853576 0.0030033281072974205 896
1585120887262 0.0031434830743819475 897
1585120920879 0.002661758102476597 898
1585120954750 0.003114882856607437 899
1585120989621 0.0033163921907544136 900
1585121023112 0.0028591935988515615 901
1585121057202 0.002802909817546606 902
1585121090778 0.0028238785453140736 903
1585121124159 0.0030823571141809225 904
1585121158059 0.0032559200190007687 905
1585121191692 0.0031359053682535887 906
1585121228352 0.003281382378190756 907
1585121263529 0.0025634709745645523 908
1585121297111 0.0029482690151780844 909
1585121330731 0.002829954493790865 910
1585121364533 0.003291933098807931 911
1585121398157 0.0030127009376883507 912
1585121432021 0.0032701599411666393 913
1585121465192 0.0030399656388908625 914
1585121499076 0.003109936835244298 915
1585121532645 0.0025890374090522528 916
1585121568695 0.002379980869591236 917
1585121602771 0.002776049543172121 918
1585121636302 0.003385944291949272 919
1585121670162 0.0035568620078265667 920
1585121703508 0.0033161842729896307 921
1585121737600 0.0025848858058452606 922
1585121772845 0.0030075558461248875 923
1585121806670 0.0026075607165694237 924
1585121840572 0.0033703134395182133 925
1585121875291 0.0029545966535806656 926
1585121908850 0.0029467009007930756 927
1585121942335 0.002544758841395378 928
1585121976078 0.0027424138970673084 929
1585122009354 0.0028741927817463875 930
1585122042891 0.0026848753914237022 931
1585122076974 0.0027578941080719233 932
1585122110541 0.00256224162876606 933
1585122144336 0.0030348175205290318 934
1585122178295 0.0030894239898771048 935
1585122212498 0.0029284909833222628 936
1585122245944 0.003186006098985672 937
1585122279387 0.003690207377076149 938
1585122313220 0.0030739381909370422 939
1585122346776 0.002734037349000573 940
1585122380495 0.0027317949570715427 941
1585122414063 0.0029166797176003456 942
1585122448133 0.002791473176330328 943
1585122481679 0.0028335140086710453 944
1585122515749 0.0027350911404937506 945
1585122549457 0.0032419224735349417 946
1585122582947 0.003026640508323908 947
1585122617609 0.002995675429701805 948
1585122651095 0.0029480906669050455 949
1585122684700 0.0024991671089082956 950
1585122718403 0.003081547562032938 951
1585122752032 0.0031402555759996176 952
1585122785475 0.003601092379540205 953
1585122819781 0.003265131963416934 954
1585122853652 0.0032484077382832766 955
1585122888515 0.0031005078926682472 956
1585122922389 0.002957509830594063 957
1585122955746 0.002657211385667324 958
1585122989731 0.0028756451793015003 959
1585123023590 0.0030568738002330065 960
1585123057673 0.0027980757877230644 961
1585123092760 0.0031099324114620686 962
1585123126201 0.003290552645921707 963
1585123160195 0.0026719681918621063 964
1585123193655 0.0030962564051151276 965
1585123227034 0.002392870606854558 966
1585123262075 0.0029712566174566746 967
1585123295748 0.0030671448912471533 968
1585123329637 0.003094668034464121 969
1585123363160 0.002779124304652214 970
1585123396615 0.0027302654925733805 971
1585123430401 0.0033866316080093384 972
1585123464756 0.0030569054652005434 973
1585123498450 0.003042954718694091 974
1585123532435 0.00326443649828434 975
1585123566776 0.0033088061027228832 976
1585123599980 0.0030132532119750977 977
1585123634129 0.002555678365752101 978
1585123668273 0.002947996137663722 979
1585123701764 0.0025507702957838774 980
1585123736201 0.0028587470296770334 981
1585123769892 0.0025275005027651787 982
1585123803691 0.003385470947250724 983
1585123837529 0.003085796255618334 984
1585123870998 0.0026957758236676455 985
1585123904564 0.0027207648381590843 986
1585123938465 0.002909509465098381 987
1585123971833 0.003095506690442562 988
1585124005008 0.0029453872703015804 989
1585124038334 0.003213870571926236 990
1585124072923 0.0027987463399767876 991
1585124106348 0.0027171028777956963 992
1585124140213 0.0027608759701251984 993
1585124173866 0.00284271570853889 994
1585124207326 0.0029685217887163162 995
1585124241130 0.0029370200354605913 996
1585124274492 0.0028886354994028807 997
1585124307948 0.002630487782880664 998
1585124342297 0.0031572661828249693 999
1585124376582 0.003032960696145892 1000
