1585090819113 0.8410864472389221 0
1585090851828 1.301659345626831 1
1585090884620 1.0663869380950928 2
1585090917129 0.5618118047714233 3
1585090950051 0.4864276945590973 4
1585090983068 0.6673341989517212 5
1585091016351 0.5122663378715515 6
1585091049732 0.3411046862602234 7
1585091082975 0.3208814859390259 8
1585091116304 0.3758466839790344 9
1585091149627 0.41702181100845337 10
1585091183192 0.37779074907302856 11
1585091216354 0.3166007995605469 12
1585091249387 0.28185874223709106 13
1585091282478 0.29681694507598877 14
1585091315743 0.321963906288147 15
1585091349087 0.34261083602905273 16
1585091382089 0.32061946392059326 17
1585091415344 0.28956079483032227 18
1585091448578 0.27283191680908203 19
1585091481315 0.27117326855659485 20
1585091514162 0.27535539865493774 21
1585091546942 0.3024519085884094 22
1585091579441 0.28840702772140503 23
1585091612867 0.26447594165802 24
1585091645784 0.2534205913543701 25
1585091678765 0.2472483217716217 26
1585091711514 0.248601034283638 27
1585091744367 0.2561379373073578 28
1585091777720 0.26259422302246094 29
1585091810867 0.253603994846344 30
1585091844860 0.24657215178012848 31
1585091878462 0.24295039474964142 32
1585091911374 0.23799565434455872 33
1585091944843 0.23563948273658752 34
1585091977942 0.24521493911743164 35
1585092011518 0.2421395480632782 36
1585092044739 0.22485771775245667 37
1585092078231 0.21763066947460175 38
1585092111566 0.21930503845214844 39
1585092144860 0.22257187962532043 40
1585092178167 0.21359413862228394 41
1585092211456 0.2190144807100296 42
1585092244677 0.21740487217903137 43
1585092278220 0.20471078157424927 44
1585092311680 0.2131650447845459 45
1585092345340 0.21108394861221313 46
1585092378853 0.2118123322725296 47
1585092413067 0.19917088747024536 48
1585092446211 0.20524513721466064 49
1585092479329 0.20724350214004517 50
1585092512527 0.19598159193992615 51
1585092547972 0.20227646827697754 52
1585092581263 0.196856290102005 53
1585092615033 0.19813108444213867 54
1585092648788 0.19405674934387207 55
1585092681939 0.19317632913589478 56
1585092715471 0.18949925899505615 57
1585092749081 0.19741061329841614 58
1585092782264 0.1950080841779709 59
1585092815699 0.18849855661392212 60
1585092849057 0.18698912858963013 61
1585092882375 0.18448129296302795 62
1585092915413 0.19087818264961243 63
1585092949307 0.18168248236179352 64
1585092983060 0.1767711639404297 65
1585093016368 0.1865704357624054 66
1585093049778 0.18154355883598328 67
1585093082856 0.18047870695590973 68
1585093116045 0.1744917333126068 69
1585093149295 0.17764344811439514 70
1585093183307 0.16958332061767578 71
1585093216452 0.18337997794151306 72
1585093249884 0.1724887490272522 73
1585093283200 0.17203330993652344 74
1585093316279 0.16852809488773346 75
1585093350794 0.1737467497587204 76
1585093384232 0.17228634655475616 77
1585093417829 0.17101266980171204 78
1585093450934 0.1717185527086258 79
1585093484229 0.16880981624126434 80
1585093518137 0.17316433787345886 81
1585093551955 0.16943085193634033 82
1585093586149 0.1785551905632019 83
1585093619513 0.16875869035720825 84
1585093652616 0.16655588150024414 85
1585093685908 0.15657752752304077 86
1585093718977 0.1627732515335083 87
1585093752087 0.15930356085300446 88
1585093785952 0.16017910838127136 89
1585093819189 0.1557197868824005 90
1585093852964 0.16096673905849457 91
1585093886199 0.1586650311946869 92
1585093919525 0.151455819606781 93
1585093952864 0.1572299599647522 94
1585093986238 0.15099550783634186 95
1585094019180 0.1582692563533783 96
1585094052497 0.15190982818603516 97
1585094085813 0.1564597636461258 98
1585094118849 0.15581601858139038 99
1585094152699 0.1537942737340927 100
1585094186011 0.15124982595443726 101
1585094219436 0.14984312653541565 102
1585094252643 0.1554461121559143 103
1585094285749 0.1514696478843689 104
1585094318962 0.15552648901939392 105
1585094352192 0.1484290510416031 106
1585094385294 0.1532619297504425 107
1585094419429 0.15038907527923584 108
1585094452746 0.14723917841911316 109
1585094485932 0.15331484377384186 110
1585094520160 0.14215193688869476 111
1585094553818 0.14261022210121155 112
1585094586786 0.1520790159702301 113
1585094620527 0.13863250613212585 114
1585094654052 0.14304250478744507 115
1585094687412 0.1441207379102707 116
1585094721085 0.1429765522480011 117
1585094754505 0.15105602145195007 118
1585094788200 0.14044617116451263 119
1585094821882 0.1401437520980835 120
1585094855329 0.1464010775089264 121
1585094888897 0.14558935165405273 122
1585094922433 0.14154237508773804 123
1585094955833 0.13740433752536774 124
1585094989347 0.14391197264194489 125
1585095022446 0.13683496415615082 126
1585095056074 0.13832776248455048 127
1585095089362 0.1410408318042755 128
1585095122778 0.13916000723838806 129
1585095156521 0.14099282026290894 130
1585095189716 0.14035925269126892 131
1585095223286 0.1392577588558197 132
1585095256312 0.1535753309726715 133
1585095289645 0.14690278470516205 134
1585095323908 0.1377427577972412 135
1585095357361 0.1325797736644745 136
1585095390480 0.13359253108501434 137
1585095424029 0.14299499988555908 138
1585095457485 0.13829439878463745 139
1585095491841 0.1347876489162445 140
1585095525756 0.14144018292427063 141
1585095559459 0.13227567076683044 142
1585095592659 0.1358712613582611 143
1585095626593 0.13096988201141357 144
1585095659974 0.13210029900074005 145
1585095693087 0.12832438945770264 146
1585095726399 0.14012394845485687 147
1585095760133 0.1278521567583084 148
1585095793202 0.14073801040649414 149
1585095826568 0.12858140468597412 150
1585095860346 0.12745651602745056 151
1585095893528 0.12584669888019562 152
1585095926654 0.13096573948860168 153
1585095959614 0.12892955541610718 154
1585095992957 0.13119861483573914 155
1585096026215 0.1300855576992035 156
1585096059355 0.1273171752691269 157
1585096092483 0.12306857109069824 158
1585096126157 0.12779901921749115 159
1585096159956 0.12250512093305588 160
1585096193135 0.12460952997207642 161
1585096226268 0.13040822744369507 162
1585096259296 0.1267736256122589 163
1585096292766 0.1268593966960907 164
1585096326099 0.1202940046787262 165
1585096360317 0.12490960955619812 166
1585096393730 0.12135975062847137 167
1585096426718 0.12785395979881287 168
1585096460527 0.13389702141284943 169
1585096494075 0.1256735920906067 170
1585096527648 0.11937716603279114 171
1585096561405 0.12254887819290161 172
1585096594920 0.1311570256948471 173
1585096628251 0.12229828536510468 174
1585096661575 0.1180877685546875 175
1585096694730 0.12194786220788956 176
1585096728074 0.1292237937450409 177
1585096761250 0.12465612590312958 178
1585096794638 0.12139640748500824 179
1585096828123 0.11988085508346558 180
1585096861155 0.1187639832496643 181
1585096894303 0.1166301816701889 182
1585096927429 0.1266581118106842 183
1585096960795 0.12098260223865509 184
1585096993921 0.1252836287021637 185
1585097027134 0.11836273968219757 186
1585097060313 0.11904174089431763 187
1585097093532 0.1153164654970169 188
1585097126795 0.11740767955780029 189
1585097160266 0.1240595132112503 190
1585097193465 0.11697836965322495 191
1585097226566 0.12687936425209045 192
1585097259756 0.11425049602985382 193
1585097293533 0.11796313524246216 194
1585097326647 0.11622648686170578 195
1585097360064 0.1162983626127243 196
1585097393306 0.12255873531103134 197
1585097426731 0.11758872866630554 198
1585097460244 0.1157011017203331 199
1585097493283 0.1158040463924408 200
1585097526557 0.113181933760643 201
1585097560035 0.12582311034202576 202
1585097593710 0.10949598252773285 203
1585097627112 0.10665745288133621 204
1585097660114 0.11213207244873047 205
1585097693464 0.11245836317539215 206
1585097726770 0.11380703002214432 207
1585097760323 0.11435146629810333 208
1585097794246 0.10686548799276352 209
1585097827487 0.11683715879917145 210
1585097863871 0.10931072384119034 211
1585097897313 0.11140464246273041 212
1585097930480 0.11533348262310028 213
1585097963614 0.11889107525348663 214
1585097996783 0.11056403815746307 215
1585098030363 0.10608275234699249 216
1585098063670 0.10949136316776276 217
1585098097725 0.11322920024394989 218
1585098131273 0.10582296550273895 219
1585098164549 0.11832880228757858 220
1585098198105 0.10912588238716125 221
1585098231842 0.10783430933952332 222
1585098265395 0.11229468882083893 223
1585098298497 0.10754480212926865 224
1585098331964 0.11402441561222076 225
1585098366172 0.10795173048973083 226
1585098399336 0.11217674612998962 227
1585098432609 0.11393579840660095 228
1585098465852 0.11243773996829987 229
1585098499066 0.11392749845981598 230
1585098532301 0.10446334630250931 231
1585098565654 0.11569377779960632 232
1585098599124 0.1063217744231224 233
1585098632501 0.10946591943502426 234
1585098665518 0.10679780691862106 235
1585098698699 0.1130189299583435 236
1585098731955 0.10739858448505402 237
1585098765575 0.10458572208881378 238
1585098800085 0.1072370707988739 239
1585098833070 0.10728305578231812 240
1585098866391 0.11092833429574966 241
1585098899532 0.10986096411943436 242
1585098932742 0.10392773151397705 243
1585098965969 0.10325931012630463 244
1585098999520 0.1067243367433548 245
1585099032558 0.10104361921548843 246
1585099065690 0.09967736899852753 247
1585099098787 0.09816093742847443 248
1585099132164 0.10633966326713562 249
1585099165436 0.10368221253156662 250
1585099198743 0.10119298100471497 251
1585099232385 0.10771895200014114 252
1585099265385 0.10829231142997742 253
1585099298519 0.10036402940750122 254
1585099332278 0.10258203744888306 255
1585099365733 0.10207419097423553 256
1585099399074 0.10669857263565063 257
1585099432733 0.11635525524616241 258
1585099466065 0.10323682427406311 259
1585099499355 0.10723625123500824 260
1585099532706 0.10287157446146011 261
1585099565734 0.10206644982099533 262
1585099598824 0.09873609244823456 263
1585099631902 0.09985379874706268 264
1585099665213 0.10279981791973114 265
1585099698238 0.10050877928733826 266
1585099731546 0.10117225348949432 267
1585099764559 0.1044846847653389 268
1585099797629 0.10409457236528397 269
1585099831131 0.09788987785577774 270
1585099864482 0.10536991059780121 271
1585099897796 0.10480587184429169 272
1585099931123 0.10016974806785583 273
1585099964384 0.10724048316478729 274
1585099997682 0.09844225645065308 275
1585100031268 0.10514666140079498 276
1585100064448 0.09855423867702484 277
1585100097821 0.11134427785873413 278
1585100130841 0.10193780064582825 279
1585100164147 0.10074916481971741 280
1585100197499 0.09518393874168396 281
1585100230905 0.09781210124492645 282
1585100264334 0.10039421170949936 283
1585100297573 0.09725700318813324 284
1585100330871 0.10031377524137497 285
1585100364039 0.09681090712547302 286
1585100397445 0.09855733811855316 287
1585100431350 0.10178802907466888 288
1585100464608 0.09689447283744812 289
1585100497542 0.09080784022808075 290
1585100531466 0.10625225305557251 291
1585100564492 0.09589648991823196 292
1585100598986 0.10025028884410858 293
1585100632431 0.09505904465913773 294
1585100666094 0.09452290832996368 295
1585100699521 0.09540554881095886 296
1585100733071 0.09445254504680634 297
1585100766309 0.09719563275575638 298
1585100799655 0.10029591619968414 299
1585100832944 0.09520979970693588 300
1585100866272 0.09080931544303894 301
1585100900168 0.0945764034986496 302
1585100933873 0.09453931450843811 303
1585100967262 0.0975627526640892 304
1585101000481 0.09321440011262894 305
1585101033602 0.092007577419281 306
1585101066901 0.09255756437778473 307
1585101100025 0.09496662020683289 308
1585101133142 0.09711490571498871 309
1585101166527 0.09545862674713135 310
1585101199921 0.08928829431533813 311
1585101233345 0.0974888801574707 312
1585101266828 0.09352029860019684 313
1585101300021 0.08905071020126343 314
1585101333390 0.09239919483661652 315
1585101366885 0.09199623763561249 316
1585101400366 0.0909411683678627 317
1585101433478 0.09556636214256287 318
1585101466701 0.1007997989654541 319
1585101500250 0.09071312844753265 320
1585101533391 0.09346183389425278 321
1585101567010 0.09345066547393799 322
1585101600127 0.09097573906183243 323
1585101633416 0.09285159409046173 324
1585101666836 0.09358377754688263 325
1585101699893 0.09192105382680893 326
1585101733196 0.09328590333461761 327
1585101766558 0.08877973258495331 328
1585101800102 0.09831079840660095 329
1585101833541 0.0877094566822052 330
1585101867111 0.095392607152462 331
1585101900369 0.09118640422821045 332
1585101933670 0.08921696245670319 333
1585101967127 0.09051389992237091 334
1585102000378 0.08519941568374634 335
1585102033551 0.09744273871183395 336
1585102067719 0.10028034448623657 337
1585102101097 0.09543569386005402 338
1585102134489 0.09144213795661926 339
1585102167577 0.09160896390676498 340
1585102200949 0.09766022861003876 341
1585102234016 0.08748511970043182 342
1585102267060 0.09122682362794876 343
1585102300647 0.09331287443637848 344
1585102333952 0.0899467021226883 345
1585102367235 0.10462083667516708 346
1585102400698 0.09414812177419662 347
1585102434267 0.09057196974754333 348
1585102467380 0.08782745152711868 349
1585102500823 0.08368218690156937 350
1585102534277 0.08250369131565094 351
1585102567642 0.0928545892238617 352
1585102601240 0.09421473741531372 353
1585102634892 0.08875730633735657 354
1585102668294 0.08571027219295502 355
1585102701677 0.08933921903371811 356
1585102734723 0.08693645894527435 357
1585102768032 0.08427265286445618 358
1585102801490 0.08387201279401779 359
1585102835677 0.08078921586275101 360
1585102868869 0.09208960086107254 361
1585102902139 0.07994388788938522 362
1585102935288 0.08750550448894501 363
1585102969064 0.08196912705898285 364
1585103002559 0.085205078125 365
1585103035784 0.08977124094963074 366
1585103068977 0.08569163084030151 367
1585103102406 0.08314193785190582 368
1585103135733 0.08814653754234314 369
1585103169230 0.08855555951595306 370
1585103203286 0.0815151035785675 371
1585103236665 0.09117493778467178 372
1585103269935 0.0799185186624527 373
1585103303090 0.08542519807815552 374
1585103336723 0.08355751633644104 375
1585103369961 0.08689353615045547 376
1585103403543 0.08800643682479858 377
1585103436684 0.08877252042293549 378
1585103469983 0.0888102799654007 379
1585103503252 0.08362068980932236 380
1585103536432 0.09057978540658951 381
1585103569758 0.08128476142883301 382
1585103603143 0.08282648772001266 383
1585103636631 0.07986865937709808 384
1585103669935 0.08777802437543869 385
1585103703734 0.08223196864128113 386
1585103737146 0.08333784341812134 387
1585103770478 0.08006730675697327 388
1585103804888 0.08652964234352112 389
1585103838121 0.08164462447166443 390
1585103871409 0.08819009363651276 391
1585103904654 0.08734068274497986 392
1585103938125 0.08044037967920303 393
1585103971346 0.0829763188958168 394
1585104004438 0.07928620278835297 395
1585104037801 0.08008810877799988 396
1585104071525 0.08302201330661774 397
1585104104906 0.08937184512615204 398
1585104138737 0.08263225108385086 399
1585104171956 0.0859205350279808 400
1585104205069 0.08570587635040283 401
1585104238034 0.08335675299167633 402
1585104271415 0.08191122859716415 403
1585104304939 0.07831089198589325 404
1585104338402 0.0817505493760109 405
1585104371571 0.08011691272258759 406
1585104404606 0.08414801955223083 407
1585104438707 0.09680526703596115 408
1585104471912 0.082178995013237 409
1585104506351 0.07978662848472595 410
1585104539502 0.08169202506542206 411
1585104572661 0.07946823537349701 412
1585104606256 0.08591538667678833 413
1585104639458 0.07608600705862045 414
1585104672770 0.08968578279018402 415
1585104705910 0.08217602968215942 416
1585104738898 0.0819467306137085 417
1585104772811 0.08407957851886749 418
1585104806114 0.08473297208547592 419
1585104839672 0.085915207862854 420
1585104873333 0.07986311614513397 421
1585104906781 0.07910896837711334 422
1585104940191 0.07400153577327728 423
1585104973584 0.07903048396110535 424
1585105006771 0.08119150996208191 425
1585105040088 0.08015499264001846 426
1585105073216 0.08536653965711594 427
1585105106501 0.07927586138248444 428
1585105139745 0.0817449763417244 429
1585105173062 0.07651246339082718 430
1585105206493 0.0801837295293808 431
1585105240086 0.08659037947654724 432
1585105273521 0.08335941284894943 433
1585105308856 0.08225362747907639 434
1585105342232 0.07582848519086838 435
1585105376027 0.0789695754647255 436
1585105409531 0.08278178423643112 437
1585105443360 0.07454369962215424 438
1585105477020 0.0746348574757576 439
1585105511050 0.07579492032527924 440
1585105544419 0.08568863570690155 441
1585105577821 0.07914283126592636 442
1585105611249 0.07866975665092468 443
1585105644817 0.08283935487270355 444
1585105678279 0.07436728477478027 445
1585105711725 0.08360167592763901 446
1585105745296 0.08414386212825775 447
1585105778846 0.08029061555862427 448
1585105813175 0.08257552981376648 449
1585105846264 0.08700049668550491 450
1585105879826 0.07667343318462372 451
1585105912933 0.07598806917667389 452
1585105946333 0.07266610115766525 453
1585105979755 0.08133761584758759 454
1585106012998 0.07263796031475067 455
1585106046588 0.07244722545146942 456
1585106080208 0.07858254015445709 457
1585106113343 0.0754021406173706 458
1585106146735 0.07902943342924118 459
1585106181172 0.08872541785240173 460
1585106214428 0.07329011708498001 461
1585106247928 0.07563058286905289 462
1585106281280 0.07679063081741333 463
1585106314321 0.07464972138404846 464
1585106347486 0.07950757443904877 465
1585106381477 0.08043788373470306 466
1585106414836 0.07219818234443665 467
1585106448340 0.0759015902876854 468
1585106482506 0.08532276749610901 469
1585106515658 0.07640264928340912 470
1585106549132 0.07335692644119263 471
1585106582630 0.07207369804382324 472
1585106616138 0.08106148988008499 473
1585106649871 0.07751184701919556 474
1585106683162 0.07763770967721939 475
1585106716447 0.07426796853542328 476
1585106749599 0.07062768936157227 477
1585106782967 0.07293373346328735 478
1585106816036 0.0772285908460617 479
1585106850979 0.07579704374074936 480
1585106884338 0.07931643724441528 481
1585106917654 0.08285103738307953 482
1585106950880 0.08717910945415497 483
1585106986063 0.0837266743183136 484
1585107019266 0.07825328409671783 485
1585107052614 0.07235443592071533 486
1585107086373 0.07632115483283997 487
1585107119907 0.07609453797340393 488
1585107153921 0.0760767012834549 489
1585107187070 0.07630874216556549 490
1585107220376 0.07330398261547089 491
1585107253781 0.07300492376089096 492
1585107287280 0.07878081500530243 493
1585107321459 0.07002412527799606 494
1585107354913 0.07832171022891998 495
1585107388264 0.07019855827093124 496
1585107421636 0.07132384181022644 497
1585107454726 0.07462035864591599 498
1585107487997 0.08148887753486633 499
1585107521394 0.07252219319343567 500
1585107554835 0.07376112043857574 501
1585107587862 0.0784221962094307 502
1585107621186 0.07892495393753052 503
1585107654331 0.06993905454874039 504
1585107687591 0.07141963392496109 505
1585107721443 0.07429077476263046 506
1585107755164 0.0737900659441948 507
1585107789761 0.07518600672483444 508
1585107822929 0.07141809165477753 509
1585107856042 0.0757262110710144 510
1585107889140 0.07049470394849777 511
1585107922272 0.07374109327793121 512
1585107955747 0.07316572219133377 513
1585107989251 0.06818383932113647 514
1585108022559 0.08209207653999329 515
1585108055861 0.07328331470489502 516
1585108090630 0.07402495294809341 517
1585108123979 0.07155005633831024 518
1585108157170 0.06902535259723663 519
1585108190348 0.08140259236097336 520
1585108223877 0.0707702487707138 521
1585108257068 0.08084934949874878 522
1585108290144 0.0730656310915947 523
1585108323540 0.07473541051149368 524
1585108356579 0.07014348357915878 525
1585108389790 0.06938092410564423 526
1585108423052 0.06977984309196472 527
1585108457852 0.07218046486377716 528
1585108491262 0.06935371458530426 529
1585108524636 0.069655641913414 530
1585108557676 0.07244235277175903 531
1585108591070 0.07886245846748352 532
1585108624292 0.07191064208745956 533
1585108658510 0.08025296032428741 534
1585108692077 0.06965953856706619 535
1585108725378 0.06954585760831833 536
1585108759170 0.08526144921779633 537
1585108792397 0.07393708825111389 538
1585108826268 0.07390621304512024 539
1585108859515 0.06875570118427277 540
1585108892964 0.08186984807252884 541
1585108927125 0.07266503572463989 542
1585108960687 0.07043085992336273 543
1585108993708 0.08078373968601227 544
1585109026958 0.06927384436130524 545
1585109060378 0.07019595056772232 546
1585109093713 0.07150545716285706 547
1585109127102 0.07355734705924988 548
1585109160339 0.07694858312606812 549
1585109193459 0.07098638266324997 550
1585109227082 0.07022542506456375 551
1585109260542 0.06705213338136673 552
1585109293921 0.07356677204370499 553
1585109327102 0.0686042532324791 554
1585109360951 0.07191213965415955 555
1585109394318 0.07166174054145813 556
1585109427402 0.0692417100071907 557
1585109460535 0.070779949426651 558
1585109493800 0.06776990741491318 559
1585109527016 0.07388423383235931 560
1585109560595 0.07033328711986542 561
1585109593661 0.07292488217353821 562
1585109627233 0.06794659048318863 563
1585109660838 0.06870216876268387 564
1585109694503 0.07330505549907684 565
1585109727921 0.06431829929351807 566
1585109761604 0.07896830141544342 567
1585109795432 0.07811377197504044 568
1585109828996 0.07671193033456802 569
1585109862501 0.07211107015609741 570
1585109895844 0.06876734644174576 571
1585109929515 0.07561168074607849 572
1585109962760 0.06913409382104874 573
1585109995977 0.06721524894237518 574
1585110028973 0.07171227782964706 575
1585110063915 0.07299593836069107 576
1585110097105 0.06726886332035065 577
1585110130373 0.06568655371665955 578
1585110163794 0.06894496828317642 579
1585110196967 0.07604643702507019 580
1585110231356 0.07182610034942627 581
1585110264616 0.07280750572681427 582
1585110298039 0.07286058366298676 583
1585110331399 0.07014047354459763 584
1585110364708 0.06706800311803818 585
1585110398054 0.07395295053720474 586
1585110431175 0.0666109174489975 587
1585110464256 0.0680021122097969 588
1585110497444 0.06468207389116287 589
1585110530894 0.07035087049007416 590
1585110564006 0.06663341820240021 591
1585110598218 0.07197968661785126 592
1585110631312 0.0674707219004631 593
1585110664276 0.07086186110973358 594
1585110697945 0.06878720223903656 595
1585110732038 0.07379814982414246 596
1585110765121 0.07256761938333511 597
1585110798295 0.0707663744688034 598
1585110831332 0.07020765542984009 599
1585110864355 0.0698716789484024 600
1585110897642 0.07012266665697098 601
1585110930697 0.06555841118097305 602
1585110964393 0.07186706364154816 603
1585110998041 0.07097232341766357 604
1585111031210 0.06367609649896622 605
1585111065687 0.06828787922859192 606
1585111099010 0.06549589335918427 607
1585111132618 0.0698162242770195 608
1585111166206 0.07243601232767105 609
1585111199642 0.06842751055955887 610
1585111232967 0.06806781888008118 611
1585111266360 0.06311720609664917 612
1585111299990 0.07241959869861603 613
1585111333629 0.06925967335700989 614
1585111366934 0.06320510059595108 615
1585111400261 0.06532737612724304 616
1585111433723 0.07087171077728271 617
1585111467573 0.062209323048591614 618
1585111500756 0.07097174972295761 619
1585111533842 0.06579899787902832 620
1585111567167 0.06418818235397339 621
1585111600713 0.06600632518529892 622
1585111634729 0.07335582375526428 623
1585111668156 0.060866501182317734 624
1585111701728 0.06381499767303467 625
1585111735187 0.06712942570447922 626
1585111768570 0.07648749649524689 627
1585111801981 0.07177603244781494 628
1585111835841 0.06771150231361389 629
1585111869540 0.07101058214902878 630
1585111903040 0.0657462626695633 631
1585111936865 0.0661027804017067 632
1585111971144 0.06389132142066956 633
1585112004658 0.062125738710165024 634
1585112039258 0.06551897525787354 635
1585112073540 0.06848116219043732 636
1585112107801 0.06551937013864517 637
1585112141780 0.06514308601617813 638
1585112175353 0.06726045906543732 639
1585112209064 0.06593287736177444 640
1585112243104 0.06829855591058731 641
1585112278404 0.06416039168834686 642
1585112311890 0.06327731162309647 643
1585112345827 0.08007921278476715 644
1585112379342 0.0676211565732956 645
1585112413249 0.06799714267253876 646
1585112447168 0.07055388391017914 647
1585112481375 0.06360630691051483 648
1585112516053 0.06064067780971527 649
1585112549867 0.06471443176269531 650
1585112585040 0.06421191990375519 651
1585112619498 0.061388105154037476 652
1585112653079 0.064072385430336 653
1585112686625 0.06518895924091339 654
1585112720050 0.06978093087673187 655
1585112753699 0.061190780252218246 656
1585112787081 0.06362099945545197 657
1585112820916 0.06421570479869843 658
1585112855358 0.06516066193580627 659
1585112889357 0.07302636653184891 660
1585112923480 0.06585235148668289 661
1585112957662 0.06548143923282623 662
1585112991100 0.06851808726787567 663
1585113025352 0.06678849458694458 664
1585113059306 0.06341961026191711 665
1585113092955 0.06734836846590042 666
1585113126649 0.06349588930606842 667
1585113160041 0.06583698093891144 668
1585113193261 0.06555010378360748 669
1585113226906 0.06221214681863785 670
1585113260578 0.06026935577392578 671
1585113294087 0.06728241592645645 672
1585113327766 0.06635992228984833 673
1585113361483 0.06482362747192383 674
1585113395619 0.06586457043886185 675
1585113429130 0.06402183324098587 676
1585113462522 0.06560108810663223 677
1585113496117 0.06378807127475739 678
1585113529513 0.058729931712150574 679
1585113562944 0.06993532180786133 680
1585113596467 0.07093635201454163 681
1585113629975 0.06270106136798859 682
1585113663674 0.06101839244365692 683
1585113697942 0.05949494242668152 684
1585113731367 0.0673898458480835 685
1585113765184 0.06289788335561752 686
1585113798543 0.06498607248067856 687
1585113832212 0.06323237717151642 688
1585113866070 0.06079141050577164 689
1585113900273 0.06092130392789841 690
1585113933640 0.06699058413505554 691
1585113968151 0.06203487515449524 692
1585114004072 0.06516926735639572 693
1585114038081 0.07131552696228027 694
1585114072868 0.060174696147441864 695
1585114106719 0.06252994388341904 696
1585114140616 0.06492921710014343 697
1585114174183 0.062075480818748474 698
1585114208431 0.06183923780918121 699
1585114241912 0.0624687522649765 700
1585114275243 0.06441976875066757 701
1585114308833 0.06152584031224251 702
1585114342499 0.06805447489023209 703
1585114376015 0.06378062814474106 704
1585114409525 0.06067653000354767 705
1585114443136 0.07455949485301971 706
1585114478320 0.07188461720943451 707
1585114511751 0.059246376156806946 708
1585114545390 0.062442563474178314 709
1585114578957 0.06969787925481796 710
1585114612427 0.07731962203979492 711
1585114646313 0.06341127306222916 712
1585114679903 0.07768071442842484 713
1585114713245 0.06014116108417511 714
1585114746837 0.06258275359869003 715
1585114781174 0.06653843075037003 716
1585114814548 0.06332649290561676 717
1585114848538 0.06387642025947571 718
1585114882145 0.07305822521448135 719
1585114916050 0.06015986204147339 720
1585114949690 0.06255336850881577 721
1585114984443 0.06094125658273697 722
1585115019107 0.060792140662670135 723
1585115052422 0.06200813129544258 724
1585115086933 0.07090652734041214 725
1585115120784 0.062125928699970245 726
1585115154445 0.06305541098117828 727
1585115187918 0.06625115871429443 728
1585115222540 0.058579426258802414 729
1585115256239 0.06010257452726364 730
1585115289519 0.060588158667087555 731
1585115323948 0.06432835757732391 732
1585115358199 0.06420830637216568 733
1585115392024 0.0578509159386158 734
1585115426125 0.05566828325390816 735
1585115459990 0.06121461093425751 736
1585115493736 0.059443749487400055 737
1585115527413 0.05983198806643486 738
1585115561212 0.06223608925938606 739
1585115595531 0.06199083477258682 740
1585115629199 0.06029240041971207 741
1585115662937 0.055304404348134995 742
1585115696668 0.05916385352611542 743
1585115730356 0.057785920798778534 744
1585115763905 0.05757749825716019 745
1585115797652 0.06167476624250412 746
1585115831482 0.06188336759805679 747
1585115865351 0.06163715571165085 748
1585115898863 0.061740800738334656 749
1585115932870 0.06219978630542755 750
1585115966535 0.06371055543422699 751
1585116000137 0.06038275361061096 752
1585116033373 0.06529812514781952 753
1585116067833 0.06276485323905945 754
1585116101284 0.06098835915327072 755
1585116134992 0.06489236652851105 756
1585116168569 0.06294173747301102 757
1585116201801 0.061705589294433594 758
1585116235279 0.06177373230457306 759
1585116269274 0.06279782950878143 760
1585116302831 0.0695391297340393 761
1585116336327 0.059400975704193115 762
1585116370143 0.060580626130104065 763
1585116404341 0.06517732888460159 764
1585116437925 0.06559507548809052 765
1585116472661 0.06584016978740692 766
1585116506929 0.059510488063097 767
1585116540943 0.06303877383470535 768
1585116574923 0.05813170224428177 769
1585116608792 0.05879303812980652 770
1585116642393 0.059928297996520996 771
1585116677160 0.06453483551740646 772
1585116710828 0.07331544160842896 773
1585116744578 0.06727688759565353 774
1585116778076 0.06759482622146606 775
1585116813003 0.06648174673318863 776
1585116846649 0.060695357620716095 777
1585116880465 0.05748036876320839 778
1585116914307 0.06058046966791153 779
1585116947660 0.06509772688150406 780
1585116981402 0.05684453248977661 781
1585117015379 0.06209218502044678 782
1585117049553 0.06245158612728119 783
1585117083286 0.06590154021978378 784
1585117116896 0.06728029251098633 785
1585117150444 0.05454498529434204 786
1585117184140 0.056675560772418976 787
1585117217584 0.06280682981014252 788
1585117251168 0.06055591255426407 789
1585117284597 0.05870669335126877 790
1585117318549 0.06319312006235123 791
1585117353672 0.07078824937343597 792
1585117387799 0.05908343940973282 793
1585117421607 0.05933553725481033 794
1585117455293 0.061872757971286774 795
1585117488444 0.06013535335659981 796
1585117522285 0.06319476664066315 797
1585117556475 0.06865458190441132 798
1585117590749 0.05967734754085541 799
1585117624512 0.0573771670460701 800
1585117658487 0.06169603765010834 801
1585117692067 0.06624045968055725 802
1585117726218 0.06229519844055176 803
1585117759758 0.05610164999961853 804
1585117793256 0.05639093369245529 805
1585117826499 0.06474175304174423 806
1585117859931 0.05908661335706711 807
1585117893478 0.056587714701890945 808
1585117927538 0.05790974199771881 809
1585117961486 0.06141196936368942 810
1585117995068 0.05601121485233307 811
1585118029085 0.06004234403371811 812
1585118062664 0.058849677443504333 813
1585118096158 0.055441513657569885 814
1585118129691 0.06040923297405243 815
1585118163193 0.0604352205991745 816
1585118197041 0.0597672276198864 817
1585118230456 0.05922657996416092 818
1585118264386 0.06114630028605461 819
1585118297735 0.05965940281748772 820
1585118331207 0.06131860613822937 821
1585118364744 0.05848575383424759 822
1585118398160 0.059264108538627625 823
1585118431692 0.06105091795325279 824
1585118465163 0.05967824161052704 825
1585118498567 0.05732278525829315 826
1585118532032 0.0605059415102005 827
1585118565556 0.059576719999313354 828
1585118599096 0.05759548395872116 829
1585118632588 0.057812824845314026 830
1585118665874 0.05973418056964874 831
1585118699513 0.0517808273434639 832
1585118733086 0.053149472922086716 833
1585118766708 0.06218959018588066 834
1585118800416 0.05828161537647247 835
1585118833917 0.05874960497021675 836
1585118867221 0.05633566901087761 837
1585118900904 0.060292184352874756 838
1585118934232 0.06674779951572418 839
1585118967777 0.0583345964550972 840
1585119001864 0.056997328996658325 841
1585119036629 0.05927339196205139 842
1585119070265 0.05803428962826729 843
1585119103822 0.05688140541315079 844
1585119137328 0.060023676604032516 845
1585119170895 0.05427742749452591 846
1585119205260 0.0596085786819458 847
1585119238533 0.05998601019382477 848
1585119272141 0.06453250348567963 849
1585119306124 0.058328043669462204 850
1585119339983 0.05695875734090805 851
1585119373560 0.059361010789871216 852
1585119407225 0.0565747432410717 853
1585119440780 0.057232245802879333 854
1585119474119 0.05635247752070427 855
1585119507436 0.05600334703922272 856
1585119541420 0.05930488929152489 857
1585119575042 0.060030195862054825 858
1585119609457 0.05533973127603531 859
1585119643071 0.06171616166830063 860
1585119676720 0.05909323692321777 861
1585119710640 0.054052963852882385 862
1585119744181 0.05432186275720596 863
1585119777879 0.06349416077136993 864
1585119811267 0.06126369535923004 865
1585119844659 0.06174745410680771 866
1585119878489 0.05768042430281639 867
1585119911848 0.06130751222372055 868
1585119945683 0.06789457052946091 869
1585119980603 0.06647777557373047 870
1585120013992 0.05659075826406479 871
1585120048013 0.06094370782375336 872
1585120082197 0.06259489059448242 873
1585120116026 0.05674228072166443 874
1585120149280 0.06583596020936966 875
1585120183521 0.05773822218179703 876
1585120218378 0.05908603221178055 877
1585120252336 0.05948933959007263 878
1585120286054 0.05903337895870209 879
1585120319613 0.06249701976776123 880
1585120352996 0.056844405829906464 881
1585120386363 0.05820620805025101 882
1585120419673 0.054414890706539154 883
1585120453240 0.05897216871380806 884
1585120487734 0.05437096208333969 885
1585120521004 0.05810339003801346 886
1585120554671 0.05771902576088905 887
1585120588259 0.0596117302775383 888
1585120621795 0.05908055603504181 889
1585120655912 0.06309273838996887 890
1585120692479 0.05365318804979324 891
1585120726251 0.06081278622150421 892
1585120760773 0.055041708052158356 893
1585120794806 0.06027064099907875 894
1585120828313 0.06160837411880493 895
1585120862062 0.05838331580162048 896
1585120895448 0.05434145778417587 897
1585120929104 0.05901426821947098 898
1585120962833 0.056684523820877075 899
1585120997808 0.05155869200825691 900
1585121031321 0.06076250225305557 901
1585121065342 0.056522540748119354 902
1585121098915 0.058077119290828705 903
1585121132536 0.0584196075797081 904
1585121166114 0.05909980833530426 905
1585121202405 0.05862358212471008 906
1585121236581 0.05228196829557419 907
1585121271810 0.06946372985839844 908
1585121305273 0.05477841943502426 909
1585121338854 0.057344675064086914 910
1585121372856 0.052741434425115585 911
1585121406304 0.05417449027299881 912
1585121440107 0.057852596044540405 913
1585121473282 0.06615078449249268 914
1585121507134 0.056455425918102264 915
1585121543282 0.05418623983860016 916
1585121576945 0.058353058993816376 917
1585121611037 0.05676673352718353 918
1585121644534 0.05621456354856491 919
1585121678409 0.05253095179796219 920
1585121711726 0.05639243498444557 921
1585121745898 0.06195410341024399 922
1585121781385 0.055718451738357544 923
1585121814747 0.05684716999530792 924
1585121848688 0.05352039262652397 925
1585121883632 0.057822659611701965 926
1585121916999 0.05971710383892059 927
1585121950571 0.0562288723886013 928
1585121984112 0.06003335490822792 929
1585122017550 0.0563584640622139 930
1585122051234 0.05740585923194885 931
1585122085281 0.05928210914134979 932
1585122118724 0.061071719974279404 933
1585122152727 0.06133626028895378 934
1585122186668 0.05664593353867531 935
1585122220616 0.05564195662736893 936
1585122254085 0.05313107371330261 937
1585122287594 0.05167023092508316 938
1585122321447 0.06212563440203667 939
1585122355053 0.05734892934560776 940
1585122388571 0.05420660972595215 941
1585122422413 0.05320372059941292 942
1585122456428 0.06045211851596832 943
1585122490031 0.05845474451780319 944
1585122523834 0.06106024235486984 945
1585122557586 0.0554472878575325 946
1585122591129 0.05933362990617752 947
1585122625777 0.05818789079785347 948
1585122659297 0.05399993062019348 949
1585122693036 0.06825094670057297 950
1585122726608 0.052866481244564056 951
1585122760208 0.05599608272314072 952
1585122794296 0.048786263912916183 953
1585122827970 0.05511126667261124 954
1585122861839 0.052119169384241104 955
1585122896618 0.06352159380912781 956
1585122930536 0.054616060107946396 957
1585122963923 0.06729676574468613 958
1585122998393 0.05339033156633377 959
1585123032182 0.054433390498161316 960
1585123066046 0.06004669517278671 961
1585123100976 0.058136120438575745 962
1585123134361 0.0550132617354393 963
1585123168317 0.05848400294780731 964
1585123201754 0.06111703813076019 965
1585123235428 0.06300991773605347 966
1585123270209 0.055531516671180725 967
1585123303890 0.056948594748973846 968
1585123337753 0.05561884492635727 969
1585123371241 0.06370118260383606 970
1585123404824 0.055002182722091675 971
1585123438703 0.052223142236471176 972
1585123473049 0.05370371416211128 973
1585123506698 0.053274523466825485 974
1585123540582 0.05921497195959091 975
1585123574837 0.06114884465932846 976
1585123608271 0.05693874508142471 977
1585123642548 0.0528189055621624 978
1585123676332 0.05214248597621918 979
1585123710146 0.054965101182460785 980
1585123744351 0.05522885173559189 981
1585123778144 0.060326822102069855 982
1585123812001 0.05145542323589325 983
1585123845620 0.05544795095920563 984
1585123879193 0.050255827605724335 985
1585123913052 0.054377805441617966 986
1585123946676 0.05500344932079315 987
1585123979909 0.05999445915222168 988
1585124013150 0.05807763338088989 989
1585124046499 0.06338485330343246 990
1585124081133 0.059765562415122986 991
1585124114460 0.05268608778715134 992
1585124148291 0.054828524589538574 993
1585124182069 0.05350896716117859 994
1585124215721 0.05863483250141144 995
1585124249255 0.05610227212309837 996
1585124282733 0.058558933436870575 997
1585124316217 0.05316265672445297 998
1585124350401 0.05956316739320755 999
1585124384687 0.052145760506391525 1000
