1585090819113 0.03085637465119362 0
1585090851828 1.5118720531463623 1
1585090884620 0.9118247032165527 2
1585090917129 0.044930532574653625 3
1585090950051 0.010404317639768124 4
1585090983068 0.032154329121112823 5
1585091016351 0.004802959971129894 6
1585091049732 0.0050193509086966515 7
1585091082975 0.00253192987293005 8
1585091116304 0.005752436816692352 9
1585091149627 0.028625696897506714 10
1585091183192 0.012647934257984161 11
1585091216354 0.0015911830123513937 12
1585091249387 0.002664240077137947 13
1585091282478 0.003987051546573639 14
1585091315743 0.011783434078097343 15
1585091349087 0.02676711231470108 16
1585091382089 0.018119491636753082 17
1585091415344 0.009644685313105583 18
1585091448578 0.00600806949660182 19
1585091481315 0.004963509738445282 20
1585091514162 0.003037684131413698 21
1585091546942 0.005483995657414198 22
1585091579441 0.005108266603201628 23
1585091612867 0.002387206768617034 24
1585091645784 0.003083945717662573 25
1585091678765 0.004661583807319403 26
1585091711514 0.00451941043138504 27
1585091744367 0.006223960313946009 28
1585091777720 0.012296162545681 29
1585091810867 0.007764345500618219 30
1585091844860 0.007047002203762531 31
1585091878462 0.0038940897211432457 32
1585091911374 0.004193681757897139 33
1585091944843 0.003173405770212412 34
1585091977942 0.0042676376178860664 35
1585092011518 0.0028758924454450607 36
1585092044739 0.005038764327764511 37
1585092078231 0.0035253181122243404 38
1585092111566 0.005617435090243816 39
1585092144860 0.0027423773426562548 40
1585092178167 0.0026045518461614847 41
1585092211456 0.004948784597218037 42
1585092244677 0.004007525742053986 43
1585092278220 0.0034661157988011837 44
1585092311680 0.0036905701272189617 45
1585092345340 0.003863987512886524 46
1585092378853 0.002652448834851384 47
1585092413067 0.0037772362120449543 48
1585092446211 0.003137743566185236 49
1585092479329 0.004077386111021042 50
1585092512527 0.003226466244086623 51
1585092547972 0.003462577238678932 52
1585092581263 0.004991395398974419 53
1585092615033 0.003898053430020809 54
1585092648788 0.003590936306864023 55
1585092681939 0.00427808566018939 56
1585092715471 0.004009576980024576 57
1585092749081 0.0035419429186731577 58
1585092782264 0.003643955569714308 59
1585092815699 0.00500047393143177 60
1585092849057 0.0042462097480893135 61
1585092882375 0.0034870312083512545 62
1585092915413 0.0037896702997386456 63
1585092949307 0.0037692440673708916 64
1585092983060 0.004431901499629021 65
1585093016368 0.004491356201469898 66
1585093049778 0.004317470360547304 67
1585093082856 0.004484639037400484 68
1585093116045 0.004092041403055191 69
1585093149295 0.004070468246936798 70
1585093183307 0.004491684027016163 71
1585093216452 0.003962051123380661 72
1585093249884 0.004183453507721424 73
1585093283200 0.004014492034912109 74
1585093316279 0.004403115250170231 75
1585093350794 0.005251672118902206 76
1585093384232 0.005519069731235504 77
1585093417829 0.0044320933520793915 78
1585093450934 0.0050714462995529175 79
1585093484229 0.004375968594104052 80
1585093518137 0.004313475452363491 81
1585093551955 0.003625050885602832 82
1585093586149 0.004731830675154924 83
1585093619513 0.004794008564203978 84
1585093652616 0.004319295287132263 85
1585093685908 0.004540334455668926 86
1585093718977 0.004284543916583061 87
1585093752087 0.005255230702459812 88
1585093785952 0.0047663673758506775 89
1585093819189 0.005742461886256933 90
1585093852964 0.005489122588187456 91
1585093886199 0.005467364564538002 92
1585093919525 0.0053349388763308525 93
1585093952864 0.004894612822681665 94
1585093986238 0.005408775992691517 95
1585094019180 0.004805922508239746 96
1585094052497 0.006056956015527248 97
1585094085813 0.005037578754127026 98
1585094118849 0.005056862719357014 99
1585094152699 0.00561175774782896 100
1585094186011 0.0055143083445727825 101
1585094219436 0.00561860715970397 102
1585094252643 0.005083656404167414 103
1585094285749 0.0054603335447609425 104
1585094318962 0.005196808837354183 105
1585094352192 0.004840606823563576 106
1585094385294 0.004689110908657312 107
1585094419429 0.005312520079314709 108
1585094452746 0.004892854019999504 109
1585094485932 0.0050782994367182255 110
1585094520160 0.005730305798351765 111
1585094553818 0.0059494804590940475 112
1585094586786 0.005660405382514 113
1585094620527 0.005463645327836275 114
1585094654052 0.005400447640568018 115
1585094687412 0.004729041829705238 116
1585094721085 0.00491439551115036 117
1585094754505 0.004762640222907066 118
1585094788200 0.00524037703871727 119
1585094821882 0.0050589414313435555 120
1585094855329 0.0051382617093622684 121
1585094888897 0.004799491725862026 122
1585094922433 0.005170092917978764 123
1585094955833 0.00527078565210104 124
1585094989347 0.004997352138161659 125
1585095022446 0.005257710348814726 126
1585095056074 0.004649519920349121 127
1585095089362 0.00481112115085125 128
1585095122778 0.00553405936807394 129
1585095156521 0.0053236233070492744 130
1585095189716 0.005201142281293869 131
1585095223286 0.005136436782777309 132
1585095256312 0.0049140118062496185 133
1585095289645 0.004382002633064985 134
1585095323908 0.00532967085018754 135
1585095357361 0.005359357222914696 136
1585095390480 0.0054801590740680695 137
1585095424029 0.0047380062751472 138
1585095457485 0.005506412126123905 139
1585095491841 0.004776960238814354 140
1585095525756 0.004477782174944878 141
1585095559459 0.00528611009940505 142
1585095592659 0.005188225768506527 143
1585095626593 0.004972629249095917 144
1585095659974 0.004910765681415796 145
1585095693087 0.005666036158800125 146
1585095726399 0.004649790935218334 147
1585095760133 0.005560059100389481 148
1585095793202 0.0056903488002717495 149
1585095826568 0.005250276066362858 150
1585095860346 0.005165429320186377 151
1585095893528 0.004994035232812166 152
1585095926654 0.0050138491205871105 153
1585095959614 0.004792684223502874 154
1585095992957 0.005004750099033117 155
1585096026215 0.005018418654799461 156
1585096059355 0.005039154551923275 157
1585096092483 0.005066151265054941 158
1585096126157 0.005101347342133522 159
1585096159956 0.004987167194485664 160
1585096193135 0.005330687388777733 161
1585096226268 0.005004401784390211 162
1585096259296 0.004962188191711903 163
1585096292766 0.005167290568351746 164
1585096326099 0.005414582788944244 165
1585096360317 0.0047304145991802216 166
1585096393730 0.00525539368391037 167
1585096426718 0.004720835015177727 168
1585096460527 0.004964183550328016 169
1585096494075 0.004738302901387215 170
1585096527648 0.0051806531846523285 171
1585096561405 0.005259164609014988 172
1585096594920 0.0047849975526332855 173
1585096628251 0.004448960535228252 174
1585096661575 0.0049814749509096146 175
1585096694730 0.004848565440624952 176
1585096728074 0.00415536155924201 177
1585096761250 0.00446914229542017 178
1585096794638 0.0051195695996284485 179
1585096828123 0.004837444052100182 180
1585096861155 0.004872286692261696 181
1585096894303 0.005377389024943113 182
1585096927429 0.004134723916649818 183
1585096960795 0.004738309420645237 184
1585096993921 0.004491285886615515 185
1585097027134 0.005501336883753538 186
1585097060313 0.005406247451901436 187
1585097093532 0.004835247993469238 188
1585097126795 0.00547367986291647 189
1585097160266 0.0042175711132586 190
1585097193465 0.004349392373114824 191
1585097226566 0.0047766887582838535 192
1585097259756 0.004395921714603901 193
1585097293533 0.004741663578897715 194
1585097326647 0.004877121653407812 195
1585097360064 0.00481173861771822 196
1585097393306 0.003996323328465223 197
1585097426731 0.004715170245617628 198
1585097460244 0.004334148019552231 199
1585097493283 0.004765805322676897 200
1585097526557 0.005189565010368824 201
1585097560035 0.0058327848091721535 202
1585097593710 0.004925915971398354 203
1585097627112 0.004822541493922472 204
1585097660114 0.0049698231741786 205
1585097693464 0.004543250892311335 206
1585097726770 0.00510072335600853 207
1585097760323 0.0049730828031897545 208
1585097794246 0.004913599696010351 209
1585097827487 0.00487469881772995 210
1585097863871 0.004977199714630842 211
1585097897313 0.0044674621894955635 212
1585097930480 0.0049588559195399284 213
1585097963614 0.003982232883572578 214
1585097996783 0.005027441307902336 215
1585098030363 0.004853281192481518 216
1585098063670 0.004507355857640505 217
1585098097725 0.004785889759659767 218
1585098131273 0.005083461292088032 219
1585098164549 0.004940785467624664 220
1585098198105 0.004718190990388393 221
1585098231842 0.004507672972977161 222
1585098265395 0.004646183457225561 223
1585098298497 0.0049804202280938625 224
1585098331964 0.003974029794335365 225
1585098366172 0.004672106355428696 226
1585098399336 0.004822494462132454 227
1585098432609 0.004515521228313446 228
1585098465852 0.004594890400767326 229
1585098499066 0.0042699906043708324 230
1585098532301 0.004767206963151693 231
1585098565654 0.00383609626442194 232
1585098599124 0.004943646490573883 233
1585098632501 0.004391990602016449 234
1585098665518 0.004664462059736252 235
1585098698699 0.004006672650575638 236
1585098731955 0.005018977448344231 237
1585098765575 0.004933152347803116 238
1585098800085 0.004894379526376724 239
1585098833070 0.004586889408528805 240
1585098866391 0.004128699190914631 241
1585098899532 0.004555252380669117 242
1585098932742 0.0047742389142513275 243
1585098965969 0.004511283244937658 244
1585098999520 0.004118143115192652 245
1585099032558 0.004643532447516918 246
1585099065690 0.004696788266301155 247
1585099098787 0.005222820211201906 248
1585099132164 0.004262886475771666 249
1585099165436 0.004850389435887337 250
1585099198743 0.004581029526889324 251
1585099232385 0.004533197730779648 252
1585099265385 0.004339017905294895 253
1585099298519 0.004584894515573978 254
1585099332278 0.004329849034547806 255
1585099365733 0.004804087802767754 256
1585099399074 0.004516651853919029 257
1585099432733 0.004052415490150452 258
1585099466065 0.004509917460381985 259
1585099499355 0.004220374394208193 260
1585099532706 0.004360032267868519 261
1585099565734 0.004168598912656307 262
1585099598824 0.004865695256739855 263
1585099631902 0.005051388405263424 264
1585099665213 0.004570450633764267 265
1585099698238 0.004226570948958397 266
1585099731546 0.00423434516415 267
1585099764559 0.00443222327157855 268
1585099797629 0.004417837597429752 269
1585099831131 0.004396098665893078 270
1585099864482 0.004447450861334801 271
1585099897796 0.004140445031225681 272
1585099931123 0.004393960814923048 273
1585099964384 0.004111808259040117 274
1585099997682 0.0046278322115540504 275
1585100031268 0.0038955174386501312 276
1585100064448 0.004309577867388725 277
1585100097821 0.004019045736640692 278
1585100130841 0.0042417533695697784 279
1585100164147 0.004152263514697552 280
1585100197499 0.004660937935113907 281
1585100230905 0.004323284141719341 282
1585100264334 0.0041078440845012665 283
1585100297573 0.004353868309408426 284
1585100330871 0.004577812273055315 285
1585100364039 0.004296194761991501 286
1585100397445 0.0039127119816839695 287
1585100431350 0.004191963002085686 288
1585100464608 0.004446262493729591 289
1585100497542 0.005007178522646427 290
1585100531466 0.003997497260570526 291
1585100564492 0.004792336840182543 292
1585100598986 0.0038816824089735746 293
1585100632431 0.0043704928830266 294
1585100666094 0.0042103733867406845 295
1585100699521 0.004361321683973074 296
1585100733071 0.004273127298802137 297
1585100766309 0.004892698489129543 298
1585100799655 0.004512587562203407 299
1585100832944 0.004612366668879986 300
1585100866272 0.004510614089667797 301
1585100900168 0.00427912175655365 302
1585100933873 0.004605671390891075 303
1585100967262 0.004156963899731636 304
1585101000481 0.004626147449016571 305
1585101033602 0.004077044315636158 306
1585101066901 0.0038644555024802685 307
1585101100025 0.004015511367470026 308
1585101133142 0.004042732063680887 309
1585101166527 0.004176873713731766 310
1585101199921 0.004515334963798523 311
1585101233345 0.004211282357573509 312
1585101266828 0.00447677681222558 313
1585101300021 0.004441570956259966 314
1585101333390 0.004625244997441769 315
1585101366885 0.003972325008362532 316
1585101400366 0.004009384661912918 317
1585101433478 0.003894824767485261 318
1585101466701 0.0037080873735249043 319
1585101500250 0.004165757447481155 320
1585101533391 0.004487947560846806 321
1585101567010 0.004412126261740923 322
1585101600127 0.004209117032587528 323
1585101633416 0.004162658005952835 324
1585101666836 0.0038009285926818848 325
1585101699893 0.004300511442124844 326
1585101733196 0.004395877942442894 327
1585101766558 0.004223495721817017 328
1585101800102 0.004016455262899399 329
1585101833541 0.004234562627971172 330
1585101867111 0.003897379618138075 331
1585101900369 0.004161332733929157 332
1585101933670 0.003789044450968504 333
1585101967127 0.004438665695488453 334
1585102000378 0.004253985360264778 335
1585102033551 0.0036726724356412888 336
1585102067719 0.0041234903037548065 337
1585102101097 0.004144649021327496 338
1585102134489 0.003615965135395527 339
1585102167577 0.004071079660207033 340
1585102200949 0.0031712993513792753 341
1585102234016 0.004439513199031353 342
1585102267060 0.004185046069324017 343
1585102300647 0.003954567015171051 344
1585102333952 0.004298198968172073 345
1585102367235 0.0039520906284451485 346
1585102400698 0.003887108527123928 347
1585102434267 0.0036382051184773445 348
1585102467380 0.0038931947201490402 349
1585102500823 0.004119317978620529 350
1585102534277 0.004434836562722921 351
1585102567642 0.00444836588576436 352
1585102601240 0.003598970826715231 353
1585102634892 0.0043793935328722 354
1585102668294 0.004080634564161301 355
1585102701677 0.003932698164135218 356
1585102734723 0.004032832570374012 357
1585102768032 0.004263874609023333 358
1585102801490 0.004382509738206863 359
1585102835677 0.004521491006016731 360
1585102868869 0.003966703545302153 361
1585102902139 0.004628029651939869 362
1585102935288 0.004041031002998352 363
1585102969064 0.003974434919655323 364
1585103002559 0.0037929017562419176 365
1585103035784 0.003792907577008009 366
1585103068977 0.004038446117192507 367
1585103102406 0.004269770812243223 368
1585103135733 0.004159166011959314 369
1585103169230 0.003974675666540861 370
1585103203286 0.004418936558067799 371
1585103236665 0.004488664213567972 372
1585103269935 0.004083120264112949 373
1585103303090 0.0038253760430961847 374
1585103336723 0.0036005752626806498 375
1585103369961 0.004111053887754679 376
1585103403543 0.004118569195270538 377
1585103436684 0.004170428495854139 378
1585103469983 0.004329393617808819 379
1585103503252 0.0038953139446675777 380
1585103536432 0.0034975209273397923 381
1585103569758 0.003658366622403264 382
1585103603143 0.003793544601649046 383
1585103636631 0.003950851503759623 384
1585103669935 0.0034816469997167587 385
1585103703734 0.004162374418228865 386
1585103737146 0.004027459304779768 387
1585103770478 0.0039549823850393295 388
1585103804888 0.003635448170825839 389
1585103838121 0.003785352222621441 390
1585103871409 0.003801169339567423 391
1585103904654 0.003982467111200094 392
1585103938125 0.0038571760524064302 393
1585103971346 0.004263502545654774 394
1585104004438 0.004209435079246759 395
1585104037801 0.0036969156935811043 396
1585104071525 0.004083878360688686 397
1585104104906 0.003960822243243456 398
1585104138737 0.003921414725482464 399
1585104171956 0.0035869430284947157 400
1585104205069 0.0035962346009910107 401
1585104238034 0.0036945040337741375 402
1585104271415 0.0040429215878248215 403
1585104304939 0.0041218968108296394 404
1585104338402 0.00378397130407393 405
1585104371571 0.004059772007167339 406
1585104404606 0.003699983935803175 407
1585104438707 0.002889262977987528 408
1585104471912 0.00350786536000669 409
1585104506351 0.0036527528427541256 410
1585104539502 0.0037220767699182034 411
1585104572661 0.004227510653436184 412
1585104606256 0.003909027203917503 413
1585104639458 0.003630939871072769 414
1585104672770 0.0033716587349772453 415
1585104705910 0.004147627390921116 416
1585104738898 0.004101140890270472 417
1585104772811 0.0034624445252120495 418
1585104806114 0.0036755267065018415 419
1585104839672 0.0037354747764766216 420
1585104873333 0.0035581199917942286 421
1585104906781 0.003961803857237101 422
1585104940191 0.004034430254250765 423
1585104973584 0.0040706126019358635 424
1585105006771 0.003921957686543465 425
1585105040088 0.003742297412827611 426
1585105073216 0.0037141155917197466 427
1585105106501 0.004067853093147278 428
1585105139745 0.004024270921945572 429
1585105173062 0.0042905621230602264 430
1585105206493 0.0040600416250526905 431
1585105240086 0.0036960653960704803 432
1585105273521 0.0038451969157904387 433
1585105308856 0.003786694025620818 434
1585105342232 0.003918889909982681 435
1585105376027 0.0035951868630945683 436
1585105409531 0.003462222870439291 437
1585105443360 0.004234982654452324 438
1585105477020 0.004203508608043194 439
1585105511050 0.003940803464502096 440
1585105544419 0.0033694279845803976 441
1585105577821 0.0036010020412504673 442
1585105611249 0.003971389960497618 443
1585105644817 0.00327531760558486 444
1585105678279 0.003945495001971722 445
1585105711725 0.003794669173657894 446
1585105745296 0.003460665699094534 447
1585105778846 0.003679894609376788 448
1585105813175 0.0035274052061140537 449
1585105846264 0.0037879920564591885 450
1585105879826 0.003922688774764538 451
1585105912933 0.0040227570571005344 452
1585105946333 0.0038153035566210747 453
1585105979755 0.004218279384076595 454
1585106012998 0.0038738204166293144 455
1585106046588 0.0036710393615067005 456
1585106080208 0.0035793352872133255 457
1585106113343 0.0037703681737184525 458
1585106146735 0.0038712630048394203 459
1585106181172 0.0039729708805680275 460
1585106214428 0.0034604633692651987 461
1585106247928 0.0036920933052897453 462
1585106281280 0.003761625848710537 463
1585106314321 0.0034607122652232647 464
1585106347486 0.0035890042781829834 465
1585106381477 0.003595676040276885 466
1585106414836 0.004211001563817263 467
1585106448340 0.003550930880010128 468
1585106482506 0.0031761974096298218 469
1585106515658 0.0038793818093836308 470
1585106549132 0.0036940211430191994 471
1585106582630 0.0036220380570739508 472
1585106616138 0.0035511741880327463 473
1585106649871 0.0041348896920681 474
1585106683162 0.0038074839394539595 475
1585106716447 0.003817550837993622 476
1585106749599 0.00411194609478116 477
1585106782967 0.004049746785312891 478
1585106816036 0.0035028974525630474 479
1585106850979 0.003522072220221162 480
1585106884338 0.0036108954809606075 481
1585106917654 0.003664674237370491 482
1585106950880 0.0031659016385674477 483
1585106986063 0.0034342731814831495 484
1585107019266 0.003440551459789276 485
1585107052614 0.003805940505117178 486
1585107086373 0.003735389094799757 487
1585107119907 0.003514065407216549 488
1585107153921 0.003687308169901371 489
1585107187070 0.004104153253138065 490
1585107220376 0.003967830911278725 491
1585107253781 0.003690991085022688 492
1585107287280 0.0032563013955950737 493
1585107321459 0.003929840866476297 494
1585107354913 0.0036132049281150103 495
1585107388264 0.0040003638714551926 496
1585107421636 0.004264027811586857 497
1585107454726 0.0035659396089613438 498
1585107487997 0.0035735201090574265 499
1585107521394 0.0039047966711223125 500
1585107554835 0.003754405304789543 501
1585107587862 0.0033553317189216614 502
1585107621186 0.0035046690609306097 503
1585107654331 0.0036590690724551678 504
1585107687591 0.0038501443341374397 505
1585107721443 0.003468509530648589 506
1585107755164 0.003852520603686571 507
1585107789761 0.003691041609272361 508
1585107822929 0.003739753970876336 509
1585107856042 0.0029496587812900543 510
1585107889140 0.0035035149194300175 511
1585107922272 0.003424977185204625 512
1585107955747 0.0034791675861924887 513
1585107989251 0.004028182476758957 514
1585108022559 0.00269778398796916 515
1585108055861 0.0032138428650796413 516
1585108090630 0.0034941243939101696 517
1585108123979 0.003568272804841399 518
1585108157170 0.003728520357981324 519
1585108190348 0.0036425706930458546 520
1585108223877 0.0038356587756425142 521
1585108257068 0.0032262206077575684 522
1585108290144 0.003610574174672365 523
1585108323540 0.0034025367349386215 524
1585108356579 0.0038577972445636988 525
1585108389790 0.0041440194472670555 526
1585108423052 0.003796203061938286 527
1585108457852 0.0034800816792994738 528
1585108491262 0.004073394928127527 529
1585108524636 0.0033647287636995316 530
1585108557676 0.003415848594158888 531
1585108591070 0.0029507442377507687 532
1585108624292 0.003556970739737153 533
1585108658510 0.0031523597426712513 534
1585108692077 0.0034182958770543337 535
1585108725378 0.003192824311554432 536
1585108759170 0.0037443542387336493 537
1585108792397 0.0034032422117888927 538
1585108826268 0.003439675783738494 539
1585108859515 0.003364352509379387 540
1585108892964 0.0031088439282029867 541
1585108927125 0.003866190556436777 542
1585108960687 0.003582587232813239 543
1585108993708 0.003315766341984272 544
1585109026958 0.003715168684720993 545
1585109060378 0.003650416387245059 546
1585109093713 0.0034309581387788057 547
1585109127102 0.0033925692550837994 548
1585109160339 0.003335310146212578 549
1585109193459 0.003205210668966174 550
1585109227082 0.003758559003472328 551
1585109260542 0.003770270384848118 552
1585109293921 0.0032090002205222845 553
1585109327102 0.00366855482570827 554
1585109360951 0.003528959583491087 555
1585109394318 0.003541885642334819 556
1585109427402 0.00345025397837162 557
1585109460535 0.0035996087826788425 558
1585109493800 0.004068645648658276 559
1585109527016 0.003747941693291068 560
1585109560595 0.003369217738509178 561
1585109593661 0.0033355597406625748 562
1585109627233 0.0034082576166838408 563
1585109660838 0.0033916181419044733 564
1585109694503 0.004167288076132536 565
1585109727921 0.003730127587914467 566
1585109761604 0.0045309728011488914 567
1585109795432 0.0033209766261279583 568
1585109828996 0.0034151896834373474 569
1585109862501 0.003511229995638132 570
1585109895844 0.003925940487533808 571
1585109929515 0.0031746882013976574 572
1585109962760 0.0037611769512295723 573
1585109995977 0.003406801261007786 574
1585110028973 0.0031915458384901285 575
1585110063915 0.0033712834119796753 576
1585110097105 0.0036981655284762383 577
1585110130373 0.0037407842464745045 578
1585110163794 0.0035516181960701942 579
1585110196967 0.0031991314608603716 580
1585110231356 0.0030115731060504913 581
1585110264616 0.0031301327981054783 582
1585110298039 0.0031893718987703323 583
1585110331399 0.003879183204844594 584
1585110364708 0.0036794072948396206 585
1585110398054 0.0035356106236577034 586
1585110431175 0.003946663346141577 587
1585110464256 0.0032230112701654434 588
1585110497444 0.00360094103962183 589
1585110530894 0.003049192950129509 590
1585110564006 0.003387636039406061 591
1585110598218 0.0034831995144486427 592
1585110631312 0.003625930519774556 593
1585110664276 0.0037244288250803947 594
1585110697945 0.0034365688916295767 595
1585110732038 0.0034637688659131527 596
1585110765121 0.0030943243764340878 597
1585110798295 0.0032011684961616993 598
1585110831332 0.003337613772600889 599
1585110864355 0.0031200051307678223 600
1585110897642 0.0034796695690602064 601
1585110930697 0.0034638107754290104 602
1585110964393 0.003275296650826931 603
1585110998041 0.0031399023719131947 604
1585111031210 0.0037898700684309006 605
1585111065687 0.003649594262242317 606
1585111099010 0.003524265717715025 607
1585111132618 0.0034773685038089752 608
1585111166206 0.0031341873109340668 609
1585111199642 0.0036283330991864204 610
1585111232967 0.0034341723658144474 611
1585111266360 0.0032554203644394875 612
1585111299990 0.003495839424431324 613
1585111333629 0.003552645444869995 614
1585111366934 0.003760770196095109 615
1585111400261 0.003827081061899662 616
1585111433723 0.0035979272797703743 617
1585111467573 0.004098173696547747 618
1585111500756 0.0033714217133820057 619
1585111533842 0.003670466598123312 620
1585111567167 0.003159581683576107 621
1585111600713 0.0034726206213235855 622
1585111634729 0.0031612443272024393 623
1585111668156 0.0036917165853083134 624
1585111701728 0.0036021284759044647 625
1585111735187 0.0032777488231658936 626
1585111768570 0.0029864790849387646 627
1585111801981 0.0034359190613031387 628
1585111835841 0.0033392710611224174 629
1585111869540 0.0030644801445305347 630
1585111903040 0.0037186783738434315 631
1585111936865 0.003485545516014099 632
1585111971144 0.0038112837355583906 633
1585112004658 0.004017262253910303 634
1585112039258 0.0034527776297181845 635
1585112073540 0.003675411455333233 636
1585112107801 0.003582365345209837 637
1585112141780 0.0031686630100011826 638
1585112175353 0.003163720481097698 639
1585112209064 0.0032331408001482487 640
1585112243104 0.0035266922786831856 641
1585112278404 0.003662737086415291 642
1585112311890 0.0034156423062086105 643
1585112345827 0.0038207340985536575 644
1585112379342 0.003249059896916151 645
1585112413249 0.003115968080237508 646
1585112447168 0.003092312254011631 647
1585112481375 0.003429172094911337 648
1585112516053 0.003568354295566678 649
1585112549867 0.0030193242710083723 650
1585112585040 0.0037456806749105453 651
1585112619498 0.0036433804780244827 652
1585112653079 0.0034579774364829063 653
1585112686625 0.003304344369098544 654
1585112720050 0.003007225226610899 655
1585112753699 0.0036824671551585197 656
1585112787081 0.0033609489910304546 657
1585112820916 0.0033148035872727633 658
1585112855358 0.003298826515674591 659
1585112889357 0.0031337901018559933 660
1585112923480 0.003258798271417618 661
1585112957662 0.0032939028460532427 662
1585112991100 0.003204167354851961 663
1585113025352 0.003437416162341833 664
1585113059306 0.0034339679405093193 665
1585113092955 0.0034987374674528837 666
1585113126649 0.0034773857332766056 667
1585113160041 0.003263455582782626 668
1585113193261 0.0036568199284374714 669
1585113226906 0.003395428415387869 670
1585113260578 0.0034935325384140015 671
1585113294087 0.003178295213729143 672
1585113327766 0.0035790656693279743 673
1585113361483 0.0033503491431474686 674
1585113395619 0.003536239732056856 675
1585113429130 0.003166460432112217 676
1585113462522 0.0031341277062892914 677
1585113496117 0.0033096796832978725 678
1585113529513 0.0037288933526724577 679
1585113562944 0.003149566240608692 680
1585113596467 0.0030181596521288157 681
1585113629975 0.003290248103439808 682
1585113663674 0.0036596697755157948 683
1585113697942 0.0034829152282327414 684
1585113731367 0.003364000003784895 685
1585113765184 0.0033588875085115433 686
1585113798543 0.003467998467385769 687
1585113832212 0.0033968982752412558 688
1585113866070 0.0037158362101763487 689
1585113900273 0.0037757314275950193 690
1585113933640 0.003192080184817314 691
1585113968151 0.0034639781806617975 692
1585114004072 0.0032814349979162216 693
1585114038081 0.0029751542024314404 694
1585114072868 0.0037849368527531624 695
1585114106719 0.00351648754440248 696
1585114140616 0.003441965440288186 697
1585114174183 0.0035474738106131554 698
1585114208431 0.0035136165097355843 699
1585114241912 0.0032162184361368418 700
1585114275243 0.0028128516860306263 701
1585114308833 0.0035841739736497402 702
1585114342499 0.002858184278011322 703
1585114376015 0.003425282659009099 704
1585114409525 0.003473884891718626 705
1585114443136 0.003133328864350915 706
1585114478320 0.003136591985821724 707
1585114511751 0.0032163504511117935 708
1585114545390 0.0032587053719908 709
1585114578957 0.003101329319179058 710
1585114612427 0.0027982923202216625 711
1585114646313 0.003426339477300644 712
1585114679903 0.003416788997128606 713
1585114713245 0.003463556058704853 714
1585114746837 0.0030161200556904078 715
1585114781174 0.002691980917006731 716
1585114814548 0.003092590719461441 717
1585114848538 0.0032438584603369236 718
1585114882145 0.00290775578469038 719
1585114916050 0.0037659844383597374 720
1585114949690 0.003235295880585909 721
1585114984443 0.0032912397291511297 722
1585115019107 0.0034921870101243258 723
1585115052422 0.0033196317963302135 724
1585115086933 0.003231910988688469 725
1585115120784 0.003220833372324705 726
1585115154445 0.0033989385701715946 727
1585115187918 0.002986449282616377 728
1585115222540 0.003428263124078512 729
1585115256239 0.0032731909304857254 730
1585115289519 0.0034254032652825117 731
1585115323948 0.0030631220433861017 732
1585115358199 0.003201030194759369 733
1585115392024 0.0034996867179870605 734
1585115426125 0.003944308962672949 735
1585115459990 0.003339479910209775 736
1585115493736 0.0031924014911055565 737
1585115527413 0.0032355543226003647 738
1585115561212 0.0033030309714376926 739
1585115595531 0.0030091037042438984 740
1585115629199 0.0030620002653449774 741
1585115662937 0.003613473381847143 742
1585115696668 0.0033147805370390415 743
1585115730356 0.003513528034090996 744
1585115763905 0.0032210140489041805 745
1585115797652 0.0032742887269705534 746
1585115831482 0.0031686974689364433 747
1585115865351 0.003138783387839794 748
1585115898863 0.0031876172870397568 749
1585115932870 0.002899766433984041 750
1585115966535 0.003165396861732006 751
1585116000137 0.003202269319444895 752
1585116033373 0.003450745716691017 753
1585116067833 0.0031529353000223637 754
1585116101284 0.003378697205334902 755
1585116134992 0.002886982634663582 756
1585116168569 0.0031173666939139366 757
1585116201801 0.003164853435009718 758
1585116235279 0.0031982073560357094 759
1585116269274 0.0032089450396597385 760
1585116302831 0.0028918227180838585 761
1585116336327 0.002920319326221943 762
1585116370143 0.0030319944489747286 763
1585116404341 0.003100608242675662 764
1585116437925 0.003183179534971714 765
1585116472661 0.0027359751984477043 766
1585116506929 0.003522193059325218 767
1585116540943 0.00309785851277411 768
1585116574923 0.0032219490967690945 769
1585116608792 0.0034447554498910904 770
1585116642393 0.0034430790692567825 771
1585116677160 0.0032120724208652973 772
1585116710828 0.0028618460055440664 773
1585116744578 0.0031365463510155678 774
1585116778076 0.0031220722012221813 775
1585116813003 0.00275573693215847 776
1585116846649 0.0033019552938640118 777
1585116880465 0.003267409512773156 778
1585116914307 0.0037347604520618916 779
1585116947660 0.003293402958661318 780
1585116981402 0.0036384188570082188 781
1585117015379 0.003070815932005644 782
1585117049553 0.0031146681867539883 783
1585117083286 0.0031142020598053932 784
1585117116896 0.003049588529393077 785
1585117150444 0.003380145877599716 786
1585117184140 0.0034382303711026907 787
1585117217584 0.0033325403928756714 788
1585117251168 0.003346038516610861 789
1585117284597 0.0031693754717707634 790
1585117318549 0.003003260586410761 791
1585117353672 0.0025593554601073265 792
1585117387799 0.003477691672742367 793
1585117421607 0.0032670532818883657 794
1585117455293 0.0031895115971565247 795
1585117488444 0.003297253977507353 796
1585117522285 0.002899245359003544 797
1585117556475 0.0029370340052992105 798
1585117590749 0.0030153808183968067 799
1585117624512 0.0035148693714290857 800
1585117658487 0.0031681146938353777 801
1585117692067 0.003688208293169737 802
1585117726218 0.00312198419123888 803
1585117759758 0.0037206425331532955 804
1585117793256 0.0033405907452106476 805
1585117826499 0.002947437111288309 806
1585117859931 0.003494749777019024 807
1585117893478 0.0033408724702894688 808
1585117927538 0.0032796275336295366 809
1585117961486 0.003113868646323681 810
1585117995068 0.0030195608269423246 811
1585118029085 0.003705293172970414 812
1585118062664 0.003076065331697464 813
1585118096158 0.0033176643773913383 814
1585118129691 0.0032112253829836845 815
1585118163193 0.0034162565134465694 816
1585118197041 0.0033584681805223227 817
1585118230456 0.003327877027913928 818
1585118264386 0.0027207117527723312 819
1585118297735 0.0037817200645804405 820
1585118331207 0.003109207609668374 821
1585118364744 0.003253671107813716 822
1585118398160 0.003297817427664995 823
1585118431692 0.003433789359405637 824
1585118465163 0.002985214814543724 825
1585118498567 0.0028514591977000237 826
1585118532032 0.003266455139964819 827
1585118565556 0.0034150350838899612 828
1585118599096 0.003225835971534252 829
1585118632588 0.002845281269401312 830
1585118665874 0.002885822206735611 831
1585118699513 0.0034996087197214365 832
1585118733086 0.003456861712038517 833
1585118766708 0.0031931945122778416 834
1585118800416 0.0030846986919641495 835
1585118833917 0.003078819252550602 836
1585118867221 0.0032279579900205135 837
1585118900904 0.003181932494044304 838
1585118934232 0.002745301928371191 839
1585118967777 0.0034553296864032745 840
1585119001864 0.0031347363255918026 841
1585119036629 0.003180833999067545 842
1585119070265 0.0035727634094655514 843
1585119103822 0.003450435120612383 844
1585119137328 0.0030342689715325832 845
1585119170895 0.0032744822092354298 846
1585119205260 0.0033235810697078705 847
1585119238533 0.0033205202780663967 848
1585119272141 0.002865089103579521 849
1585119306124 0.003016097005456686 850
1585119339983 0.0031631458550691605 851
1585119373560 0.003109711455181241 852
1585119407225 0.0033360272645950317 853
1585119440780 0.0030594062991440296 854
1585119474119 0.0031224561389535666 855
1585119507436 0.003270605346187949 856
1585119541420 0.002938421443104744 857
1585119575042 0.0030043907463550568 858
1585119609457 0.0030780676752328873 859
1585119643071 0.0032074039336293936 860
1585119676720 0.002940224949270487 861
1585119710640 0.003301040269434452 862
1585119744181 0.003002831246703863 863
1585119777879 0.0030450879130512476 864
1585119811267 0.0029538068920373917 865
1585119844659 0.0030626109801232815 866
1585119878489 0.0031092907302081585 867
1585119911848 0.0030688736587762833 868
1585119945683 0.0024536214768886566 869
1585119980603 0.0027881397400051355 870
1585120013992 0.003167203161865473 871
1585120048013 0.0028127366676926613 872
1585120082197 0.0031313232611864805 873
1585120116026 0.003331862622871995 874
1585120149280 0.0031741149723529816 875
1585120183521 0.003422524780035019 876
1585120218378 0.0032687403727322817 877
1585120252336 0.0031925244256854057 878
1585120286054 0.00281762657687068 879
1585120319613 0.0030400725081562996 880
1585120352996 0.0034756502136588097 881
1585120386363 0.003482300788164139 882
1585120419673 0.00353306089527905 883
1585120453240 0.002889650873839855 884
1585120487734 0.0031568454578518867 885
1585120521004 0.00301529373973608 886
1585120554671 0.002823515795171261 887
1585120588259 0.0028916550800204277 888
1585120621795 0.00307618360966444 889
1585120655912 0.0028278029058128595 890
1585120692479 0.0034550130367279053 891
1585120726251 0.003052173648029566 892
1585120760773 0.003415839746594429 893
1585120794806 0.0033862339332699776 894
1585120828313 0.0030844933353364468 895
1585120862062 0.0031718858517706394 896
1585120895448 0.003067854791879654 897
1585120929104 0.0029457774944603443 898
1585120962833 0.003296774812042713 899
1585120997808 0.003343024291098118 900
1585121031321 0.003145386464893818 901
1585121065342 0.0031220908276736736 902
1585121098915 0.0029796697199344635 903
1585121132536 0.003203227650374174 904
1585121166114 0.0029551000334322453 905
1585121202405 0.003126702271401882 906
1585121236581 0.003386253956705332 907
1585121271810 0.0024766616988927126 908
1585121305273 0.0031102814245969057 909
1585121338854 0.002930878195911646 910
1585121372856 0.0032952982001006603 911
1585121406304 0.0031978595070540905 912
1585121440107 0.0033842893317341805 913
1585121473282 0.0031646662391722202 914
1585121507134 0.0029304828494787216 915
1585121543282 0.002940934617072344 916
1585121576945 0.0027820742689073086 917
1585121611037 0.0031741666607558727 918
1585121644534 0.0035609141923487186 919
1585121678409 0.003589353524148464 920
1585121711726 0.003252261783927679 921
1585121745898 0.002716495655477047 922
1585121781385 0.0033110470976680517 923
1585121814747 0.0031938529573380947 924
1585121848688 0.0033131875097751617 925
1585121883632 0.00314077059738338 926
1585121916999 0.0029903759714215994 927
1585121950571 0.002917372388765216 928
1585121984112 0.0033575850538909435 929
1585122017550 0.0030355581548064947 930
1585122051234 0.0030964072793722153 931
1585122085281 0.0029671802185475826 932
1585122118724 0.00293473107740283 933
1585122152727 0.002882475033402443 934
1585122186668 0.003222452010959387 935
1585122220616 0.0030008344911038876 936
1585122254085 0.0032411455176770687 937
1585122287594 0.003590250387787819 938
1585122321447 0.0030315257608890533 939
1585122355053 0.0029097008518874645 940
1585122388571 0.0029652698431164026 941
1585122422413 0.0031065503135323524 942
1585122456428 0.002992051187902689 943
1585122490031 0.002752932719886303 944
1585122523834 0.0030808928422629833 945
1585122557586 0.003241413738578558 946
1585122591129 0.0032174461521208286 947
1585122625777 0.003105924231931567 948
1585122659297 0.0030834763310849667 949
1585122693036 0.0025555454194545746 950
1585122726608 0.0032277365680783987 951
1585122760208 0.003082882845774293 952
1585122794296 0.003529026173055172 953
1585122827970 0.0033919750712811947 954
1585122861839 0.003382536582648754 955
1585122896618 0.003222082508727908 956
1585122930536 0.0032255896367132664 957
1585122963923 0.002643273677676916 958
1585122998393 0.003037034533917904 959
1585123032182 0.003257219912484288 960
1585123066046 0.0030419030226767063 961
1585123100976 0.0031546312384307384 962
1585123134361 0.0032985638827085495 963
1585123168317 0.002983039477840066 964
1585123201754 0.003154927399009466 965
1585123235428 0.0026653925888240337 966
1585123270209 0.003210669383406639 967
1585123303890 0.0031474027782678604 968
1585123337753 0.003116059582680464 969
1585123371241 0.0030928784981369972 970
1585123404824 0.0031610485166311264 971
1585123438703 0.003413348225876689 972
1585123473049 0.0032314336858689785 973
1585123506698 0.0031070993281900883 974
1585123540582 0.0031135501340031624 975
1585123574837 0.003136602696031332 976
1585123608271 0.0029653948731720448 977
1585123642548 0.003246098291128874 978
1585123676332 0.003076645778492093 979
1585123710146 0.0028808871284127235 980
1585123744351 0.0031604052055627108 981
1585123778144 0.0028290115296840668 982
1585123812001 0.003232971066609025 983
1585123845620 0.0030529513023793697 984
1585123879193 0.0030616018921136856 985
1585123913052 0.0030277781188488007 986
1585123946676 0.0029710966628044844 987
1585123979909 0.003200942650437355 988
1585124013150 0.0031096627935767174 989
1585124046499 0.0030141493771225214 990
1585124081133 0.0029723478946834803 991
1585124114460 0.00304203387349844 992
1585124148291 0.0029424731619656086 993
1585124182069 0.003273512003943324 994
1585124215721 0.003036750480532646 995
1585124249255 0.0031091049313545227 996
1585124282733 0.003036424983292818 997
1585124316217 0.0030271196737885475 998
1585124350401 0.0030744345858693123 999
1585124384687 0.003108625765889883 1000
