1585090819113 0.30811119079589844 0
1585090851828 0.6827036142349243 1
1585090884620 0.6797804236412048 2
1585090917129 0.6819438934326172 3
1585090950051 0.8133237957954407 4
1585090983068 0.7209924459457397 5
1585091016351 0.8067383766174316 6
1585091049732 0.8417657017707825 7
1585091082975 0.834753155708313 8
1585091116304 0.7432334423065186 9
1585091149627 0.7197762131690979 10
1585091183192 0.7525466680526733 11
1585091216354 0.8275479674339294 12
1585091249387 0.8588047027587891 13
1585091282478 0.8666910529136658 14
1585091315743 0.8549457788467407 15
1585091349087 0.8490992188453674 16
1585091382089 0.8600376844406128 17
1585091415344 0.867770791053772 18
1585091448578 0.8736789226531982 19
1585091481315 0.8712352514266968 20
1585091514162 0.8721813559532166 21
1585091546942 0.8452879190444946 22
1585091579441 0.8600834608078003 23
1585091612867 0.8791638612747192 24
1585091645784 0.8803718090057373 25
1585091678765 0.88724684715271 26
1585091711514 0.8858973979949951 27
1585091744367 0.8817737698554993 28
1585091777720 0.8752642869949341 29
1585091810867 0.8853311538696289 30
1585091844860 0.8903757929801941 31
1585091878462 0.8957922458648682 32
1585091911374 0.8932178020477295 33
1585091944843 0.8958762288093567 34
1585091977942 0.8824682235717773 35
1585092011518 0.8917043209075928 36
1585092044739 0.906797468662262 37
1585092078231 0.9102053046226501 38
1585092111566 0.902677595615387 39
1585092144860 0.9002172946929932 40
1585092178167 0.9068392515182495 41
1585092211456 0.9041482210159302 42
1585092244677 0.9085087776184082 43
1585092278220 0.9191335439682007 44
1585092311680 0.9130094051361084 45
1585092345340 0.9207727909088135 46
1585092378853 0.9105120301246643 47
1585092413067 0.9132137894630432 48
1585092446211 0.9160821437835693 49
1585092479329 0.9107714891433716 50
1585092512527 0.9229398965835571 51
1585092547972 0.9133553504943848 52
1585092581263 0.9217056632041931 53
1585092615033 0.9190484285354614 54
1585092648788 0.9225614070892334 55
1585092681939 0.9206207990646362 56
1585092715471 0.9233528971672058 57
1585092749081 0.9189306497573853 58
1585092782264 0.9211868047714233 59
1585092815699 0.9237995743751526 60
1585092849057 0.9236620664596558 61
1585092882375 0.924048662185669 62
1585092915413 0.9236069917678833 63
1585092949307 0.9366980195045471 64
1585092983060 0.9267266988754272 65
1585093016368 0.9264267683029175 66
1585093049778 0.9278260469436646 67
1585093082856 0.9311867952346802 68
1585093116045 0.9271172881126404 69
1585093149295 0.9314371347427368 70
1585093183307 0.9361593723297119 71
1585093216452 0.9327592849731445 72
1585093249884 0.9278010129928589 73
1585093283200 0.9324815273284912 74
1585093316279 0.9325888156890869 75
1585093350794 0.933942437171936 76
1585093384232 0.9313730001449585 77
1585093417829 0.9339228868484497 78
1585093450934 0.9348110556602478 79
1585093484229 0.9338126182556152 80
1585093518137 0.9323580265045166 81
1585093551955 0.9308252334594727 82
1585093586149 0.9243756532669067 83
1585093619513 0.9319429397583008 84
1585093652616 0.9342700242996216 85
1585093685908 0.941544771194458 86
1585093718977 0.9412131309509277 87
1585093752087 0.9409366846084595 88
1585093785952 0.940272331237793 89
1585093819189 0.9462405443191528 90
1585093852964 0.9425352811813354 91
1585093886199 0.9436699151992798 92
1585093919525 0.9440040588378906 93
1585093952864 0.9423650503158569 94
1585093986238 0.942380428314209 95
1585094019180 0.935259222984314 96
1585094052497 0.9508503079414368 97
1585094085813 0.9424224495887756 98
1585094118849 0.9449120759963989 99
1585094152699 0.9471592903137207 100
1585094186011 0.9459735155105591 101
1585094219436 0.9471147060394287 102
1585094252643 0.9417189359664917 103
1585094285749 0.9477121829986572 104
1585094318962 0.9466860294342041 105
1585094352192 0.9410873651504517 106
1585094385294 0.9429216384887695 107
1585094419429 0.9472154378890991 108
1585094452746 0.9503798484802246 109
1585094485932 0.9392870664596558 110
1585094520160 0.9546172618865967 111
1585094553818 0.9543105363845825 112
1585094586786 0.9407310485839844 113
1585094620527 0.9543355703353882 114
1585094654052 0.9417149424552917 115
1585094687412 0.9424055218696594 116
1585094721085 0.9486056566238403 117
1585094754505 0.9430474638938904 118
1585094788200 0.948616087436676 119
1585094821882 0.9525183439254761 120
1585094855329 0.9481732845306396 121
1585094888897 0.9429506063461304 122
1585094922433 0.9480724930763245 123
1585094955833 0.9565877914428711 124
1585094989347 0.948344886302948 125
1585095022446 0.9529349207878113 126
1585095056074 0.9528117179870605 127
1585095089362 0.9492687582969666 128
1585095122778 0.9520609378814697 129
1585095156521 0.9498085975646973 130
1585095189716 0.9466440677642822 131
1585095223286 0.9482871294021606 132
1585095256312 0.9412482976913452 133
1585095289645 0.9409550428390503 134
1585095323908 0.9547405242919922 135
1585095357361 0.9573911428451538 136
1585095390480 0.9528391361236572 137
1585095424029 0.9500733613967896 138
1585095457485 0.9552527070045471 139
1585095491841 0.9484341144561768 140
1585095525756 0.9503156542778015 141
1585095559459 0.9553511142730713 142
1585095592659 0.9508489370346069 143
1585095626593 0.9528928995132446 144
1585095659974 0.9530317783355713 145
1585095693087 0.9611411094665527 146
1585095726399 0.9507834911346436 147
1585095760133 0.9565171003341675 148
1585095793202 0.9550755023956299 149
1585095826568 0.9547796845436096 150
1585095860346 0.9525456428527832 151
1585095893528 0.955558180809021 152
1585095926654 0.9595451951026917 153
1585095959614 0.9543381929397583 154
1585095992957 0.9548125863075256 155
1585096026215 0.953368604183197 156
1585096059355 0.9611567258834839 157
1585096092483 0.9588363766670227 158
1585096126157 0.95878005027771 159
1585096159956 0.9610468149185181 160
1585096193135 0.9570321440696716 161
1585096226268 0.954298734664917 162
1585096259296 0.9601558446884155 163
1585096292766 0.9616128206253052 164
1585096326099 0.9630004167556763 165
1585096360317 0.9565877914428711 166
1585096393730 0.956670343875885 167
1585096426718 0.9570491313934326 168
1585096460527 0.9511633515357971 169
1585096494075 0.9600338935852051 170
1585096527648 0.960852861404419 171
1585096561405 0.9602149128913879 172
1585096594920 0.9531955718994141 173
1585096628251 0.9592831134796143 174
1585096661575 0.9618919491767883 175
1585096694730 0.963755190372467 176
1585096728074 0.9561281204223633 177
1585096761250 0.9578534960746765 178
1585096794638 0.9631980657577515 179
1585096828123 0.9565303921699524 180
1585096861155 0.9641966819763184 181
1585096894303 0.9614909887313843 182
1585096927429 0.9537695646286011 183
1585096960795 0.960326075553894 184
1585096993921 0.9601727724075317 185
1585097027134 0.96528160572052 186
1585097060313 0.9622246026992798 187
1585097093532 0.9667543768882751 188
1585097126795 0.9607100486755371 189
1585097160266 0.958895206451416 190
1585097193465 0.9591979384422302 191
1585097226566 0.9551740884780884 192
1585097259756 0.9663350582122803 193
1585097293533 0.9629899263381958 194
1585097326647 0.9637826085090637 195
1585097360064 0.9635429382324219 196
1585097393306 0.9557835459709167 197
1585097426731 0.9643763303756714 198
1585097460244 0.9609341621398926 199
1585097493283 0.9628535509109497 200
1585097526557 0.9682114124298096 201
1585097560035 0.9598112106323242 202
1585097593710 0.9651689529418945 203
1585097627112 0.9670858979225159 204
1585097660114 0.9635729789733887 205
1585097693464 0.9662681818008423 206
1585097726770 0.9645334482192993 207
1585097760323 0.9602266550064087 208
1585097794246 0.9700013399124146 209
1585097827487 0.959266185760498 210
1585097863871 0.9641979932785034 211
1585097897313 0.9630750417709351 212
1585097930480 0.9624396562576294 213
1585097963614 0.9605200290679932 214
1585097996783 0.959597647190094 215
1585098030363 0.9702252149581909 216
1585098063670 0.9652396440505981 217
1585098097725 0.9625365734100342 218
1585098131273 0.9711110591888428 219
1585098164549 0.9602120518684387 220
1585098198105 0.9693238735198975 221
1585098231842 0.964947521686554 222
1585098265395 0.963660717010498 223
1585098298497 0.9687787294387817 224
1585098331964 0.9601885080337524 225
1585098366172 0.9674332141876221 226
1585098399336 0.9657244682312012 227
1585098432609 0.9613690376281738 228
1585098465852 0.9643932580947876 229
1585098499066 0.961642861366272 230
1585098532301 0.9672378897666931 231
1585098565654 0.9614883661270142 232
1585098599124 0.9686424136161804 233
1585098632501 0.9620177745819092 234
1585098665518 0.9681563377380371 235
1585098698699 0.965449333190918 236
1585098731955 0.9694063067436218 237
1585098765575 0.9710022211074829 238
1585098800085 0.9702135324478149 239
1585098833070 0.9660873413085938 240
1585098866391 0.9629912376403809 241
1585098899532 0.9655030369758606 242
1585098932742 0.9688402414321899 243
1585098965969 0.9682257175445557 244
1585098999520 0.9674631357192993 245
1585099032558 0.9739753007888794 246
1585099065690 0.9700720310211182 247
1585099098787 0.9749331474304199 248
1585099132164 0.965782105922699 249
1585099165436 0.9734734296798706 250
1585099198743 0.9704899787902832 251
1585099232385 0.9647010564804077 252
1585099265385 0.9716585874557495 253
1585099298519 0.970795214176178 254
1585099332278 0.9692569971084595 255
1585099365733 0.971127986907959 256
1585099399074 0.9601832628250122 257
1585099432733 0.9580918550491333 258
1585099466065 0.9670164585113525 259
1585099499355 0.9674251079559326 260
1585099532706 0.9669626951217651 261
1585099565734 0.9659367203712463 262
1585099598824 0.970698356628418 263
1585099631902 0.9766011238098145 264
1585099665213 0.9663520455360413 265
1585099698238 0.9694063067436218 266
1585099731546 0.9694614410400391 267
1585099764559 0.9660217761993408 268
1585099797629 0.9709171056747437 269
1585099831131 0.970698356628418 270
1585099864482 0.9650746583938599 271
1585099897796 0.9714345932006836 272
1585099931123 0.9693368077278137 273
1585099964384 0.9634106159210205 274
1585099997682 0.972793459892273 275
1585100031268 0.9633529186248779 276
1585100064448 0.9710022211074829 277
1585100097821 0.9656445980072021 278
1585100130841 0.9696723222732544 279
1585100164147 0.9680043458938599 280
1585100197499 0.976738691329956 281
1585100230905 0.9673242568969727 282
1585100264334 0.9700312614440918 283
1585100297573 0.9740290641784668 284
1585100330871 0.9699631929397583 285
1585100364039 0.9721710085868835 286
1585100397445 0.9681970477104187 287
1585100431350 0.9696577787399292 288
1585100464608 0.9744470119476318 289
1585100497542 0.9772928953170776 290
1585100531466 0.9663807153701782 291
1585100564492 0.9740434288978577 292
1585100598986 0.9674331545829773 293
1585100632431 0.9726572036743164 294
1585100666094 0.9748649597167969 295
1585100699521 0.9715421199798584 296
1585100733071 0.973517894744873 297
1585100766309 0.975014328956604 298
1585100799655 0.968796968460083 299
1585100832944 0.9738364219665527 300
1585100866272 0.9769036769866943 301
1585100900168 0.9721958041191101 302
1585100933873 0.9742504358291626 303
1585100967262 0.9720151424407959 304
1585101000481 0.9715459942817688 305
1585101033602 0.9703642129898071 306
1585101066901 0.9686306715011597 307
1585101100025 0.9693225622177124 308
1585101133142 0.9695202112197876 309
1585101166527 0.9736437201499939 310
1585101199921 0.9737643003463745 311
1585101233345 0.9722431898117065 312
1585101266828 0.9744914174079895 313
1585101300021 0.974045991897583 314
1585101333390 0.9759747982025146 315
1585101366885 0.9712695479393005 316
1585101400366 0.9746172428131104 317
1585101433478 0.9727135300636292 318
1585101466701 0.966738760471344 319
1585101500250 0.9735442399978638 320
1585101533391 0.9747968912124634 321
1585101567010 0.9714058637619019 322
1585101600127 0.9722378253936768 323
1585101633416 0.9736975431442261 324
1585101666836 0.9733789563179016 325
1585101699893 0.9768211841583252 326
1585101733196 0.9771263599395752 327
1585101766558 0.9739635586738586 328
1585101800102 0.9694679975509644 329
1585101833541 0.9777395725250244 330
1585101867111 0.971114993095398 331
1585101900369 0.9725707173347473 332
1585101933670 0.9772942066192627 333
1585101967127 0.9733385443687439 334
1585102000378 0.9736974835395813 335
1585102033551 0.9698910713195801 336
1585102067719 0.9688559770584106 337
1585102101097 0.9700206518173218 338
1585102134489 0.9706993699073792 339
1585102167577 0.9677265882492065 340
1585102200949 0.9703629016876221 341
1585102234016 0.9780568480491638 342
1585102267060 0.969878077507019 343
1585102300647 0.9713507294654846 344
1585102333952 0.9741874933242798 345
1585102367235 0.963257908821106 346
1585102400698 0.9676728248596191 347
1585102434267 0.9750876426696777 348
1585102467380 0.9751545190811157 349
1585102500823 0.9735022187232971 350
1585102534277 0.9777082800865173 351
1585102567642 0.9716992378234863 352
1585102601240 0.966476559638977 353
1585102634892 0.9756419658660889 354
1585102668294 0.9758477210998535 355
1585102701677 0.9766285419464111 356
1585102734723 0.9755712151527405 357
1585102768032 0.9784904718399048 358
1585102801490 0.9761987924575806 359
1585102835677 0.9823216795921326 360
1585102868869 0.9727986454963684 361
1585102902139 0.9805554747581482 362
1585102935288 0.9725890159606934 363
1585102969064 0.9779167175292969 364
1585103002559 0.9747521877288818 365
1585103035784 0.9726845026016235 366
1585103068977 0.975417971611023 367
1585103102406 0.9769757986068726 368
1585103135733 0.9755568504333496 369
1585103169230 0.9717531204223633 370
1585103203286 0.9791115522384644 371
1585103236665 0.9739189147949219 372
1585103269935 0.9781957268714905 373
1585103303090 0.9756406545639038 374
1585103336723 0.977222204208374 375
1585103369961 0.976738691329956 376
1585103403543 0.9765591025352478 377
1585103436684 0.9768211841583252 378
1585103469983 0.9720203876495361 379
1585103503252 0.9784040451049805 380
1585103536432 0.9762682318687439 381
1585103569758 0.9801415205001831 382
1585103603143 0.9775863885879517 383
1585103636631 0.977155327796936 384
1585103669935 0.9700994491577148 385
1585103703734 0.980072021484375 386
1585103737146 0.9765303134918213 387
1585103770478 0.9791115522384644 388
1585103804888 0.9726585149765015 389
1585103838121 0.9774736166000366 390
1585103871409 0.9743068814277649 391
1585103904654 0.9720885753631592 392
1585103938125 0.9800026416778564 393
1585103971346 0.9766011238098145 394
1585104004438 0.9797365665435791 395
1585104037801 0.9777383804321289 396
1585104071525 0.976417601108551 397
1585104104906 0.9730187654495239 398
1585104138737 0.9748649597167969 399
1585104171956 0.9772260785102844 400
1585104205069 0.9741167426109314 401
1585104238034 0.9763100743293762 402
1585104271415 0.9775182604789734 403
1585104304939 0.9799474477767944 404
1585104338402 0.9729335904121399 405
1585104371571 0.9759892225265503 406
1585104404606 0.9728497266769409 407
1585104438707 0.9668946266174316 408
1585104471912 0.9769744277000427 409
1585104506351 0.9764595627784729 410
1585104539502 0.9777790307998657 411
1585104572661 0.9806957244873047 412
1585104606256 0.9757951498031616 413
1585104639458 0.9779322743415833 414
1585104672770 0.9733239412307739 415
1585104705910 0.9760035276412964 416
1585104738898 0.9744887351989746 417
1585104772811 0.9753798246383667 418
1585104806114 0.9736948609352112 419
1585104839672 0.9776033759117126 420
1585104873333 0.9728484749794006 421
1585104906781 0.9805004596710205 422
1585104940191 0.9809170961380005 423
1585104973584 0.9804322719573975 424
1585105006771 0.9778090715408325 425
1585105040088 0.9807113409042358 426
1585105073216 0.9752122163772583 427
1585105106501 0.9766285419464111 428
1585105139745 0.9749383926391602 429
1585105173062 0.9817647933959961 430
1585105206493 0.9764488935470581 431
1585105240086 0.9746407270431519 432
1585105273521 0.9730005264282227 433
1585105308856 0.9782270193099976 434
1585105342232 0.9834722280502319 435
1585105376027 0.9742122888565063 436
1585105409531 0.9791692495346069 437
1585105443360 0.9834040403366089 438
1585105477020 0.980765163898468 439
1585105511050 0.9770295023918152 440
1585105544419 0.9711294174194336 441
1585105577821 0.9803628921508789 442
1585105611249 0.9825707674026489 443
1585105644817 0.9752383232116699 444
1585105678279 0.9792543649673462 445
1585105711725 0.976433277130127 446
1585105745296 0.973950207233429 447
1585105778846 0.9789071679115295 448
1585105813175 0.9727566242218018 449
1585105846264 0.9704204797744751 450
1585105879826 0.9770203828811646 451
1585105912933 0.9805712103843689 452
1585105946333 0.9805160760879517 453
1585105979755 0.9753642082214355 454
1585106012998 0.9804322719573975 455
1585106046588 0.9815421104431152 456
1585106080208 0.9766011238098145 457
1585106113343 0.9796527028083801 458
1585106146735 0.9800838232040405 459
1585106181172 0.9711489677429199 460
1585106214428 0.9809865355491638 461
1585106247928 0.9790972471237183 462
1585106281280 0.9793355464935303 463
1585106314321 0.9827513694763184 464
1585106347486 0.9756406545639038 465
1585106381477 0.9775170087814331 466
1585106414836 0.983891487121582 467
1585106448340 0.9760454893112183 468
1585106482506 0.9716847538948059 469
1585106515658 0.9814740419387817 470
1585106549132 0.9804165959358215 471
1585106582630 0.981390118598938 472
1585106616138 0.976044237613678 473
1585106649871 0.9820281863212585 474
1585106683162 0.9769192934036255 475
1585106716447 0.9790984392166138 476
1585106749599 0.9819062948226929 477
1585106782967 0.9817661046981812 478
1585106816036 0.9786974787712097 479
1585106850979 0.9790434241294861 480
1585106884338 0.9794050455093384 481
1585106917654 0.9760442972183228 482
1585106950880 0.9726999998092651 483
1585106986063 0.9710884690284729 484
1585107019266 0.978347659111023 485
1585107052614 0.9826388359069824 486
1585107086373 0.9784747362136841 487
1585107119907 0.9784760475158691 488
1585107153921 0.9773768186569214 489
1585107187070 0.9809066653251648 490
1585107220376 0.982043981552124 491
1585107253781 0.9795989990234375 492
1585107287280 0.9791272282600403 493
1585107321459 0.9832638502120972 494
1585107354913 0.9789896011352539 495
1585107388264 0.9827947616577148 496
1585107421636 0.983903169631958 497
1585107454726 0.9804322719573975 498
1585107487997 0.9747247695922852 499
1585107521394 0.979791522026062 500
1585107554835 0.9809184074401855 501
1585107587862 0.974114179611206 502
1585107621186 0.9773217439651489 503
1585107654331 0.9809890985488892 504
1585107687591 0.9827803373336792 505
1585107721443 0.9807257652282715 506
1585107755164 0.9814582467079163 507
1585107789761 0.9790289998054504 508
1585107822929 0.981683611869812 509
1585107856042 0.9757114052772522 510
1585107889140 0.9796684384346008 511
1585107922272 0.975724458694458 512
1585107955747 0.9790434837341309 513
1585107989251 0.9825012683868408 514
1585108022559 0.9723073244094849 515
1585108055861 0.9769049882888794 516
1585108090630 0.9786267280578613 517
1585108123979 0.9786975383758545 518
1585108157170 0.9809458255767822 519
1585108190348 0.9749488234519958 520
1585108223877 0.9814596176147461 521
1585108257068 0.9737825393676758 522
1585108290144 0.974947452545166 523
1585108323540 0.9768224954605103 524
1585108356579 0.9819613695144653 525
1585108389790 0.9854453206062317 526
1585108423052 0.985293447971344 527
1585108457852 0.982168436050415 528
1585108491262 0.982459306716919 529
1585108524636 0.9802920818328857 530
1585108557676 0.9809891581535339 531
1585108591070 0.9756957292556763 532
1585108624292 0.9806957244873047 533
1585108658510 0.9720845818519592 534
1585108692077 0.9827226400375366 535
1585108725378 0.9790289998054504 536
1585108759170 0.97282874584198 537
1585108792397 0.9785572290420532 538
1585108826268 0.9786987900733948 539
1585108859515 0.9813194274902344 540
1585108892964 0.9702370166778564 541
1585108927125 0.9799462556838989 542
1585108960687 0.9789634943008423 543
1585108993708 0.9730226993560791 544
1585109026958 0.980364203453064 545
1585109060378 0.9831262230873108 546
1585109093713 0.9784878492355347 547
1585109127102 0.9797222018241882 548
1585109160339 0.9798072576522827 549
1585109193459 0.976670503616333 550
1585109227082 0.9791836142539978 551
1585109260542 0.9850013256072998 552
1585109293921 0.9802239537239075 553
1585109327102 0.9823112487792969 554
1585109360951 0.9808346033096313 555
1585109394318 0.9784484505653381 556
1585109427402 0.9813927412033081 557
1585109460535 0.9774488210678101 558
1585109493800 0.9861123561859131 559
1585109527016 0.9813194274902344 560
1585109560595 0.9775156378746033 561
1585109593661 0.9808632731437683 562
1585109627233 0.9825693964958191 563
1585109660838 0.9794456958770752 564
1585109694503 0.9814635515213013 565
1585109727921 0.9873610734939575 566
1585109761604 0.9748282432556152 567
1585109795432 0.9740196466445923 568
1585109828996 0.9810442328453064 569
1585109862501 0.9793081283569336 570
1585109895844 0.9826414585113525 571
1585109929515 0.9755147695541382 572
1585109962760 0.9814596176147461 573
1585109995977 0.9835572838783264 574
1585110028973 0.979462742805481 575
1585110063915 0.9784734845161438 576
1585110097105 0.9824305176734924 577
1585110130373 0.9840434789657593 578
1585110163794 0.9812105894088745 579
1585110196967 0.9784471392631531 580
1585110231356 0.978445827960968 581
1585110264616 0.9799618721008301 582
1585110298039 0.9816691875457764 583
1585110331399 0.9818238019943237 584
1585110364708 0.9835559725761414 585
1585110398054 0.9796553254127502 586
1585110431175 0.983974039554596 587
1585110464256 0.9809865355491638 588
1585110497444 0.9834184050559998 589
1585110530894 0.9773675799369812 590
1585110564006 0.9825707674026489 591
1585110598218 0.9775574207305908 592
1585110631312 0.9811267256736755 593
1585110664276 0.9815329313278198 594
1585110697945 0.9794193506240845 595
1585110732038 0.9795438647270203 596
1585110765121 0.978962242603302 597
1585110798295 0.9799762964248657 598
1585110831332 0.9785585999488831 599
1585110864355 0.9797929525375366 600
1585110897642 0.9806536436080933 601
1585110930697 0.9822391867637634 602
1585110964393 0.9850286841392517 603
1585110998041 0.9775993824005127 604
1585111031210 0.9841272234916687 605
1585111065687 0.9817253947257996 606
1585111099010 0.9803628921508789 607
1585111132618 0.9809080362319946 608
1585111166206 0.978557288646698 609
1585111199642 0.984306812286377 610
1585111232967 0.9787118434906006 611
1585111266360 0.9837526082992554 612
1585111299990 0.9782664775848389 613
1585111333629 0.9817647933959961 614
1585111366934 0.9856249690055847 615
1585111400261 0.9835559725761414 616
1585111433723 0.9793264865875244 617
1585111467573 0.989319920539856 618
1585111500756 0.9804192781448364 619
1585111533842 0.9827934503555298 620
1585111567167 0.9830580949783325 621
1585111600713 0.9822365641593933 622
1585111634729 0.9796263575553894 623
1585111668156 0.9868068695068359 624
1585111701728 0.9846683740615845 625
1585111735187 0.9801427125930786 626
1585111768570 0.9766875505447388 627
1585111801981 0.9788901805877686 628
1585111835841 0.9825025796890259 629
1585111869540 0.9787656664848328 630
1585111903040 0.981683611869812 631
1585111936865 0.9819457530975342 632
1585111971144 0.9852226972579956 633
1585112004658 0.9865447282791138 634
1585112039258 0.981683611869812 635
1585112073540 0.9814726114273071 636
1585112107801 0.9844588041305542 637
1585112141780 0.9816967248916626 638
1585112175353 0.9806249737739563 639
1585112209064 0.9837512969970703 640
1585112243104 0.9825012683868408 641
1585112278404 0.9842361211776733 642
1585112311890 0.9825025796890259 643
1585112345827 0.9743578433990479 644
1585112379342 0.9784918427467346 645
1585112413249 0.979057788848877 646
1585112447168 0.9789215326309204 647
1585112481375 0.9837539196014404 648
1585112516053 0.9871684312820435 649
1585112549867 0.9815289974212646 650
1585112585040 0.9886124134063721 651
1585112619498 0.9823911190032959 652
1585112653079 0.9820138216018677 653
1585112686625 0.9831943511962891 654
1585112720050 0.9811424016952515 655
1585112753699 0.9857087731361389 656
1585112787081 0.9809747934341431 657
1585112820916 0.9855568408966064 658
1585112855358 0.9832677841186523 659
1585112889357 0.9782677888870239 660
1585112923480 0.9801558256149292 661
1585112957662 0.9819744229316711 662
1585112991100 0.9784747362136841 663
1585113025352 0.9831249713897705 664
1585113059306 0.983486533164978 665
1585113092955 0.983891487121582 666
1585113126649 0.9836817979812622 667
1585113160041 0.9845845699310303 668
1585113193261 0.9816428422927856 669
1585113226906 0.9823073148727417 670
1585113260578 0.9837499856948853 671
1585113294087 0.9794614315032959 672
1585113327766 0.983418345451355 673
1585113361483 0.9785442352294922 674
1585113395619 0.9784747362136841 675
1585113429130 0.9820846319198608 676
1585113462522 0.9801401495933533 677
1585113496117 0.981020450592041 678
1585113529513 0.9875838160514832 679
1585113562944 0.9801388382911682 680
1585113596467 0.9811307191848755 681
1585113629975 0.9845138192176819 682
1585113663674 0.9849305152893066 683
1585113697942 0.9868068099021912 684
1585113731367 0.9775310754776001 685
1585113765184 0.9848767518997192 686
1585113798543 0.9832087755203247 687
1585113832212 0.9851532578468323 688
1585113866070 0.9857808947563171 689
1585113900273 0.9851558208465576 690
1585113933640 0.9807664752006531 691
1585113968151 0.985083818435669 692
1585114004072 0.9800877571105957 693
1585114038081 0.9746566414833069 694
1585114072868 0.9875025749206543 695
1585114106719 0.9893068075180054 696
1585114140616 0.980990469455719 697
1585114174183 0.9860717058181763 698
1585114208431 0.9839595556259155 699
1585114241912 0.983069896697998 700
1585114275243 0.9825720191001892 701
1585114308833 0.9867360591888428 702
1585114342499 0.9791679382324219 703
1585114376015 0.9833346009254456 704
1585114409525 0.9847509860992432 705
1585114443136 0.9766311645507812 706
1585114478320 0.9775339365005493 707
1585114511751 0.9839739799499512 708
1585114545390 0.9833763837814331 709
1585114578957 0.9806836843490601 710
1585114612427 0.9709210395812988 711
1585114646313 0.9822929501533508 712
1585114679903 0.9707736968994141 713
1585114713245 0.9838927984237671 714
1585114746837 0.9856262803077698 715
1585114781174 0.9805030822753906 716
1585114814548 0.9814740419387817 717
1585114848538 0.9845294952392578 718
1585114882145 0.9758502840995789 719
1585114916050 0.9852933883666992 720
1585114949690 0.9830030202865601 721
1585114984443 0.9850707054138184 722
1585115019107 0.9848623275756836 723
1585115052422 0.9868893623352051 724
1585115086933 0.9791402816772461 725
1585115120784 0.9815303087234497 726
1585115154445 0.983891487121582 727
1585115187918 0.9796159267425537 728
1585115222540 0.985083818435669 729
1585115256239 0.9814609289169312 730
1585115289519 0.9854466915130615 731
1585115323948 0.9785075187683105 732
1585115358199 0.9837499856948853 733
1585115392024 0.9861111044883728 734
1585115426125 0.9875143766403198 735
1585115459990 0.9851415157318115 736
1585115493736 0.9830555319786072 737
1585115527413 0.9825012683868408 738
1585115561212 0.9827960133552551 739
1585115595531 0.9837512969970703 740
1585115629199 0.9836110472679138 741
1585115662937 0.9874305129051208 742
1585115696668 0.9869600534439087 743
1585115730356 0.9886804819107056 744
1585115763905 0.9874999523162842 745
1585115797652 0.9845138192176819 746
1585115831482 0.9830161333084106 747
1585115865351 0.9835716485977173 748
1585115898863 0.9832651615142822 749
1585115932870 0.9808346033096313 750
1585115966535 0.9802266359329224 751
1585116000137 0.9831944108009338 752
1585116033373 0.983197033405304 753
1585116067833 0.9844757914543152 754
1585116101284 0.9851427674293518 755
1585116134992 0.9785729646682739 756
1585116168569 0.9830030202865601 757
1585116201801 0.9813377261161804 758
1585116235279 0.9827095866203308 759
1585116269274 0.9829323291778564 760
1585116302831 0.9803667664527893 761
1585116336327 0.9843068718910217 762
1585116370143 0.9797260761260986 763
1585116404341 0.981683611869812 764
1585116437925 0.9831550121307373 765
1585116472661 0.9812800288200378 766
1585116506929 0.985085129737854 767
1585116540943 0.9839726686477661 768
1585116574923 0.983502209186554 769
1585116608792 0.9886805415153503 770
1585116642393 0.9862526059150696 771
1585116677160 0.9810035228729248 772
1585116710828 0.9811136722564697 773
1585116744578 0.9779231548309326 774
1585116778076 0.9840972423553467 775
1585116813003 0.9782651662826538 776
1585116846649 0.9863927960395813 777
1585116880465 0.9856957197189331 778
1585116914307 0.9850026369094849 779
1585116947660 0.9818211793899536 780
1585116981402 0.9879860281944275 781
1585117015379 0.9822247624397278 782
1585117049553 0.9834027290344238 783
1585117083286 0.9812132120132446 784
1585117116896 0.979364275932312 785
1585117150444 0.9886124134063721 786
1585117184140 0.9891666769981384 787
1585117217584 0.982168436050415 788
1585117251168 0.9853628873825073 789
1585117284597 0.9854309558868408 790
1585117318549 0.9843776226043701 791
1585117353672 0.978269100189209 792
1585117387799 0.9880567789077759 793
1585117421607 0.9851832389831543 794
1585117455293 0.9827265739440918 795
1585117488444 0.9862512350082397 796
1585117522285 0.9805017709732056 797
1585117556475 0.9813781380653381 798
1585117590749 0.9836410880088806 799
1585117624512 0.9873610734939575 800
1585117658487 0.9848911166191101 801
1585117692067 0.9788390398025513 802
1585117726218 0.9861123561859131 803
1585117759758 0.9880698919296265 804
1585117793256 0.988126277923584 805
1585117826499 0.9810429811477661 806
1585117859931 0.9855555295944214 807
1585117893478 0.98520827293396 808
1585117927538 0.9850837588310242 809
1585117961486 0.9848624467849731 810
1585117995068 0.9862512350082397 811
1585118029085 0.9886124134063721 812
1585118062664 0.985083818435669 813
1585118096158 0.9861831665039062 814
1585118129691 0.9830580949783325 815
1585118163193 0.9809747934341431 816
1585118197041 0.9863194227218628 817
1585118230456 0.9846670627593994 818
1585118264386 0.9780305027961731 819
1585118297735 0.9852239489555359 820
1585118331207 0.9823793768882751 821
1585118364744 0.984306812286377 822
1585118398160 0.9857651591300964 823
1585118431692 0.9839057922363281 824
1585118465163 0.9830017685890198 825
1585118498567 0.9849305152893066 826
1585118532032 0.9857795238494873 827
1585118565556 0.982087254524231 828
1585118599096 0.9833372235298157 829
1585118632588 0.9842530488967896 830
1585118665874 0.9859197735786438 831
1585118699513 0.9886124134063721 832
1585118733086 0.989861011505127 833
1585118766708 0.983710527420044 834
1585118800416 0.9848216772079468 835
1585118833917 0.9865421056747437 836
1585118867221 0.9854453802108765 837
1585118900904 0.9865434169769287 838
1585118934232 0.9819350242614746 839
1585118967777 0.9863207340240479 840
1585119001864 0.9867386221885681 841
1585119036629 0.9825707674026489 842
1585119070265 0.9850707054138184 843
1585119103822 0.986111044883728 844
1585119137328 0.9827960133552551 845
1585119170895 0.9855568408966064 846
1585119205260 0.9859892129898071 847
1585119238533 0.985694408416748 848
1585119272141 0.983891487121582 849
1585119306124 0.9845178127288818 850
1585119339983 0.9864739775657654 851
1585119373560 0.981987476348877 852
1585119407225 0.983890175819397 853
1585119440780 0.988001823425293 854
1585119474119 0.9854178428649902 855
1585119507436 0.9892361164093018 856
1585119541420 0.9842504262924194 857
1585119575042 0.9810612201690674 858
1585119609457 0.9861123561859131 859
1585119643071 0.9818224906921387 860
1585119676720 0.984792947769165 861
1585119710640 0.9889739751815796 862
1585119744181 0.9879165887832642 863
1585119777879 0.9805043339729309 864
1585119811267 0.9795491695404053 865
1585119844659 0.981865644454956 866
1585119878489 0.9874318242073059 867
1585119911848 0.9829179048538208 868
1585119945683 0.978685736656189 869
1585119980603 0.9784523844718933 870
1585120013992 0.985001266002655 871
1585120048013 0.9809053540229797 872
1585120082197 0.9831980466842651 873
1585120116026 0.9875143766403198 874
1585120149280 0.9808489680290222 875
1585120183521 0.9882795810699463 876
1585120218378 0.9864739179611206 877
1585120252336 0.9818081259727478 878
1585120286054 0.9845569729804993 879
1585120319613 0.9829349517822266 880
1585120352996 0.987919270992279 881
1585120386363 0.9853628873825073 882
1585120419673 0.9868068695068359 883
1585120453240 0.9850693941116333 884
1585120487734 0.9844470024108887 885
1585120521004 0.9835599660873413 886
1585120554671 0.9862512350082397 887
1585120588259 0.985918402671814 888
1585120621795 0.9845989942550659 889
1585120655912 0.9812119007110596 890
1585120692479 0.9891705513000488 891
1585120726251 0.9813520908355713 892
1585120760773 0.9890564680099487 893
1585120794806 0.982438325881958 894
1585120828313 0.9809039831161499 895
1585120862062 0.9844588041305542 896
1585120895448 0.9846670627593994 897
1585120929104 0.9863350987434387 898
1585120962833 0.987433135509491 899
1585120997808 0.9861123561859131 900
1585121031321 0.9859879016876221 901
1585121065342 0.9845151305198669 902
1585121098915 0.9842661619186401 903
1585121132536 0.985001266002655 904
1585121166114 0.9834721684455872 905
1585121202405 0.9844588041305542 906
1585121236581 0.9906406402587891 907
1585121271810 0.9793224930763245 908
1585121305273 0.985083818435669 909
1585121338854 0.9827790260314941 910
1585121372856 0.9862512946128845 911
1585121406304 0.9875838160514832 912
1585121440107 0.9857808351516724 913
1585121473282 0.9813954830169678 914
1585121507134 0.9840289950370789 915
1585121543282 0.9853772521018982 916
1585121576945 0.9850707054138184 917
1585121611037 0.9872221946716309 918
1585121644534 0.9864740371704102 919
1585121678409 0.9915276765823364 920
1585121711726 0.9863901734352112 921
1585121745898 0.9825720191001892 922
1585121781385 0.9853641986846924 923
1585121814747 0.987434446811676 924
1585121848688 0.9879860877990723 925
1585121883632 0.985906720161438 926
1585121916999 0.9847365617752075 927
1585121950571 0.9855567812919617 928
1585121984112 0.9820164442062378 929
1585122017550 0.9857808351516724 930
1585122051234 0.9853628873825073 931
1585122085281 0.9850143194198608 932
1585122118724 0.9813233017921448 933
1585122152727 0.9825993776321411 934
1585122186668 0.9893776178359985 935
1585122220616 0.9886831045150757 936
1585122254085 0.9887644052505493 937
1585122287594 0.9915971755981445 938
1585122321447 0.9802240133285522 939
1585122355053 0.9825012683868408 940
1585122388571 0.9861805438995361 941
1585122422413 0.9866679310798645 942
1585122456428 0.984724760055542 943
1585122490031 0.9847365617752075 944
1585122523834 0.9848623275756836 945
1585122557586 0.9880555272102356 946
1585122591129 0.9850693941116333 947
1585122625777 0.986404538154602 948
1585122659297 0.9881249666213989 949
1585122693036 0.9784327745437622 950
1585122726608 0.9882088303565979 951
1585122760208 0.988611102104187 952
1585122794296 0.9934027194976807 953
1585122827970 0.9897221922874451 954
1585122861839 0.9892373085021973 955
1585122896618 0.9842373132705688 956
1585122930536 0.9878472089767456 957
1585122963923 0.9804322719573975 958
1585122998393 0.9887643456459045 959
1585123032182 0.9867360591888428 960
1585123066046 0.9855855703353882 961
1585123100976 0.9848767518997192 962
1585123134361 0.9865447282791138 963
1585123168317 0.9857795238494873 964
1585123201754 0.9811974763870239 965
1585123235428 0.9797222018241882 966
1585123270209 0.9875143766403198 967
1585123303890 0.9848073720932007 968
1585123337753 0.9856957197189331 969
1585123371241 0.9831944108009338 970
1585123404824 0.9861831665039062 971
1585123438703 0.9899462461471558 972
1585123473049 0.9879860877990723 973
1585123506698 0.9864739179611206 974
1585123540582 0.9869587421417236 975
1585123574837 0.9862092733383179 976
1585123608271 0.9845165014266968 977
1585123642548 0.9872235059738159 978
1585123676332 0.986403226852417 979
1585123710146 0.9882100820541382 980
1585123744351 0.9839058518409729 981
1585123778144 0.9836817979812622 982
1585123812001 0.988903284072876 983
1585123845620 0.9881957769393921 984
1585123879193 0.9897929430007935 985
1585123913052 0.9886124134063721 986
1585123946676 0.9842517375946045 987
1585123979909 0.9869587421417236 988
1585124013150 0.9840460419654846 989
1585124046499 0.9830174446105957 990
1585124081133 0.9813928008079529 991
1585124114460 0.9915276765823364 992
1585124148291 0.9829310178756714 993
1585124182069 0.9876545667648315 994
1585124215721 0.9850720167160034 995
1585124249255 0.9860572814941406 996
1585124282733 0.983406662940979 997
1585124316217 0.9861124753952026 998
1585124350401 0.9835165739059448 999
1585124384687 0.988127589225769 1000
