1585002844228 0.28348657488822937 0
1585002876075 0.42678162455558777 1
1585002908177 0.6097701191902161 2
1585002940583 0.6762068867683411 3
1585002972610 0.676436722278595 4
1585003004607 0.6772413849830627 5
1585003037534 0.677241325378418 6
1585003070083 0.6796551942825317 7
1585003102736 0.676436722278595 8
1585003134610 0.6812644004821777 9
1585003166880 0.6756321787834167 10
1585003199224 0.6852107644081116 11
1585003230859 0.700766384601593 12
1585003262868 0.6980459690093994 13
1585003295031 0.7150958180427551 14
1585003327304 0.7324903607368469 15
1585003359330 0.7373180389404297 16
1585003391336 0.7441762089729309 17
