1585002855483 0.3327358365058899 0
1585002887378 0.45575475692749023 1
1585002919643 0.6072877049446106 2
1585002951879 0.6711556911468506 3
1585002983921 0.683089554309845 4
1585003016770 0.6742216944694519 5
1585003048805 0.677688717842102 6
1585003081629 0.6865566372871399 7
1585003113791 0.6810141801834106 8
1585003146067 0.6765801906585693 9
1585003178322 0.6876651048660278 10
1585003210538 0.6767216920852661 11
1585003242293 0.6981132626533508 12
1585003274224 0.7204481363296509 13
1585003306230 0.7607311010360718 14
1585003338790 0.7886556386947632 15
1585003370676 0.7928065657615662 16
1585003402663 0.8247405290603638 17
