1585002844228 0.8505749702453613 0
1585002876075 0.7585116624832153 1
1585002908177 0.7089470028877258 2
1585002940583 0.6807082295417786 3
1585002972610 0.674106240272522 4
1585003004607 0.6565452218055725 5
1585003037534 0.6397882103919983 6
1585003070083 0.6151897311210632 7
1585003102736 0.5986522436141968 8
1585003134610 0.5684323906898499 9
1585003166880 0.5553660988807678 10
1585003199224 0.5339029431343079 11
1585003230859 0.5198601484298706 12
1585003262868 0.506274938583374 13
1585003295031 0.49064505100250244 14
1585003327304 0.47962135076522827 15
1585003359330 0.46864187717437744 16
1585003391336 0.4581456780433655 17
