1585002855483 0.027248883619904518 0
1585002887378 0.0051950919441878796 1
1585002919643 0.002842918736860156 2
1585002951879 0.004186602775007486 3
1585002983921 0.007154326420277357 4
1585003016770 0.010270440019667149 5
1585003048805 0.00832584872841835 6
1585003081629 0.004029661882668734 7
1585003113791 0.0019249331671744585 8
1585003146067 0.0009818400721997023 9
1585003178322 0.004953898023813963 10
1585003210538 0.006399425212293863 11
1585003242293 0.009429310448467731 12
1585003274224 0.013539775274693966 13
1585003306230 0.01641278900206089 14
1585003338790 0.018537767231464386 15
1585003370676 0.019847970455884933 16
1585003402663 0.021075788885354996 17
