1585002844228 0.03446386754512787 0
1585002876075 0.00872707087546587 1
1585002908177 0.006109172012656927 2
1585002940583 0.009392562322318554 3
1585002972610 0.013821033760905266 4
1585003004607 0.018103163689374924 5
1585003037534 0.015930524095892906 6
1585003070083 0.007306827697902918 7
1585003102736 0.004953581374138594 8
1585003134610 0.0018094953848049045 9
1585003166880 0.0023316810838878155 10
1585003199224 0.003064873395487666 11
1585003230859 0.0052277385257184505 12
1585003262868 0.007812274154275656 13
1585003295031 0.010297452099621296 14
1585003327304 0.011695245280861855 15
1585003359330 0.012949653901159763 16
1585003391336 0.013875805772840977 17
