1585002855483 0.8315979242324829 0
1585002887378 0.7384952306747437 1
1585002919643 0.6887212991714478 2
1585002951879 0.6601724624633789 3
1585002983921 0.6443091034889221 4
1585003016770 0.6354579925537109 5
1585003048805 0.6134381890296936 6
1585003081629 0.5819135904312134 7
1585003113791 0.5667967796325684 8
1585003146067 0.5498716831207275 9
1585003178322 0.5233531594276428 10
1585003210538 0.5119046568870544 11
1585003242293 0.49418047070503235 12
1585003274224 0.47899940609931946 13
1585003306230 0.4668614864349365 14
1585003338790 0.4554387629032135 15
1585003370676 0.44550999999046326 16
1585003402663 0.4336460530757904 17
