1585002863304 0.8410864472389221 0
1585002895223 0.7485034465789795 1
1585002927453 0.6988341808319092 2
1585002959598 0.6704403162002563 3
1585002991628 0.6592077016830444 4
1585003024507 0.6460015773773193 5
1585003056871 0.626613199710846 6
1585003089438 0.5985516309738159 7
1585003121591 0.5827245116233826 8
1585003153858 0.5591520071029663 9
1585003186284 0.5393596291542053 10
1585003218245 0.5229038000106812 11
1585003250114 0.5070202946662903 12
1585003282062 0.49263715744018555 13
1585003314237 0.4787532687187195 14
1585003346561 0.4675300717353821 15
1585003378514 0.45707595348358154 16
