1585002863304 0.03085637465119362 0
1585002895223 0.006961081176996231 1
1585002927453 0.00447604525834322 2
1585002959598 0.006789582781493664 3
1585002991628 0.010487680323421955 4
1585003024507 0.014186801388859749 5
1585003056871 0.012128186412155628 6
1585003089438 0.005668244790285826 7
1585003121591 0.003439257387071848 8
1585003153858 0.0013956676702946424 9
1585003186284 0.003642789553850889 10
1585003218245 0.004732149187475443 11
1585003250114 0.007328524254262447 12
1585003282062 0.010676024481654167 13
1585003314237 0.01335512101650238 14
1585003346561 0.01511650625616312 15
1585003378514 0.01639881171286106 16
