1585002863304 0.30811119079589844 0
1585002895223 0.4412682056427002 1
1585002927453 0.6085289120674133 2
1585002959598 0.6736812591552734 3
1585002991628 0.67976313829422 4
1585003024507 0.6757315397262573 5
1585003056871 0.67746502161026 6
1585003089438 0.6831059455871582 7
1585003121591 0.6787254810333252 8
1585003153858 0.6789222955703735 9
1585003186284 0.6816486120223999 10
1585003218245 0.6809662580490112 11
1585003250114 0.6994398236274719 12
1585003282062 0.7092470526695251 13
1585003314237 0.7379134893417358 14
1585003346561 0.7605730295181274 15
1585003378514 0.7650623321533203 16
