1585171248051 0.03446386754512787 0
1585171279971 0.008651548065245152 1
1585171311901 0.006249952130019665 2
1585171343634 0.010491324588656425 3
1585171375456 0.016841942444443703 4
1585171407612 0.024015722796320915 5
1585171440471 0.023849589750170708 6
1585171472644 0.014409825205802917 7
1585171504363 0.01124334242194891 8
1585171536342 0.004561466630548239 9
1585171567937 0.0033765940461307764 10
1585171599855 0.001988479634746909 11
1585171632764 0.004057682119309902 12
1585171664430 0.007535768207162619 13
1585171696264 0.011294458992779255 14
1585171728000 0.013886358588933945 15
1585171759720 0.015702281147241592 16
1585171791397 0.017148489132523537 17
1585171823743 0.017338179051876068 18
1585171855914 0.01791561022400856 19
1585171887751 0.017161458730697632 20
1585171919909 0.0164959579706192 21
1585171951804 0.015173569321632385 22
1585171983777 0.014214386232197285 23
1585172015939 0.013692478649318218 24
1585172047795 0.012324397452175617 25
1585172080147 0.011998850852251053 26
1585172112053 0.010562960058450699 27
1585172143914 0.010126760229468346 28
1585172175980 0.01028701663017273 29
1585172208016 0.010355530306696892 30
1585172240009 0.0097309285774827 31
1585172272065 0.009502069093286991 32
1585172303757 0.00975753553211689 33
1585172335945 0.009616534225642681 34
1585172368025 0.009658838622272015 35
1585172400031 0.009127981960773468 36
1585172432126 0.009816785342991352 37
1585172463788 0.009845519438385963 38
1585172496359 0.009417292661964893 39
1585172528232 0.0083141615614295 40
1585172560027 0.008901990018785 41
1585172592115 0.008571078069508076 42
1585172624336 0.008453233167529106 43
1585172656211 0.008523521013557911 44
1585172688293 0.007829555310308933 45
1585172720697 0.007900696247816086 46
1585172752586 0.007308150175958872 47
1585172784738 0.007899869233369827 48
1585172816524 0.007622185628861189 49
1585172848435 0.007539820391684771 50
