1585171248051 0.8505749702453613 0
1585171279971 0.7582588195800781 1
1585171311901 0.7078867554664612 2
1585171343634 0.6801301836967468 3
1585171375456 0.6754475235939026 4
1585171407612 0.6602656841278076 5
1585171440471 0.6457200646400452 6
1585171472644 0.6216797232627869 7
1585171504363 0.6052224636077881 8
1585171536342 0.5718501210212708 9
1585171567937 0.5562986135482788 10
1585171599855 0.5302959084510803 11
1585171632764 0.5130652189254761 12
1585171664430 0.4972380995750427 13
1585171696264 0.4811260402202606 14
1585171728000 0.47060686349868774 15
1585171759720 0.4617390036582947 16
1585171791397 0.4516615867614746 17
1585171823743 0.44345393776893616 18
1585171855914 0.4297003746032715 19
1585171887751 0.42340755462646484 20
1585171919909 0.4110819399356842 21
1585171951804 0.4052536189556122 22
1585171983777 0.39615628123283386 23
1585172015939 0.38616713881492615 24
1585172047795 0.3826274573802948 25
1585172080147 0.3765341341495514 26
1585172112053 0.3726392984390259 27
1585172143914 0.36751022934913635 28
1585172175980 0.3626644015312195 29
1585172208016 0.35722681879997253 30
1585172240009 0.35529014468193054 31
1585172272065 0.35607919096946716 32
1585172303757 0.3488631844520569 33
1585172335945 0.3443984389305115 34
1585172368025 0.3399258255958557 35
1585172400031 0.3440191149711609 36
1585172432126 0.33535081148147583 37
1585172463788 0.3328835666179657 38
1585172496359 0.3291316628456116 39
1585172528232 0.3309035897254944 40
1585172560027 0.3254822790622711 41
1585172592115 0.32477107644081116 42
1585172624336 0.3222702145576477 43
1585172656211 0.31760355830192566 44
1585172688293 0.32133933901786804 45
1585172720697 0.3170544505119324 46
1585172752586 0.31605497002601624 47
1585172784738 0.30925530195236206 48
1585172816524 0.3081246614456177 49
1585172848435 0.30645397305488586 50
