1585171259102 0.027248883619904518 0
1585171291337 0.005162789952009916 1
1585171323119 0.0029155605006963015 2
1585171355026 0.004876166582107544 3
1585171386904 0.009218226186931133 4
1585171418932 0.014619134366512299 5
1585171451769 0.014036579057574272 6
1585171483752 0.00861402228474617 7
1585171515500 0.005139211192727089 8
1585171547548 0.0018668542616069317 9
1585171579072 0.004083855543285608 10
1585171612129 0.004304359667003155 11
1585171643833 0.00766279362142086 12
1585171675521 0.013428299687802792 13
1585171707382 0.01796228066086769 14
1585171739120 0.021438414230942726 15
1585171770814 0.02346467599272728 16
1585171802706 0.02509208768606186 17
1585171835092 0.026517488062381744 18
1585171867258 0.025525305420160294 19
1585171899099 0.025511084124445915 20
1585171931087 0.02350214123725891 21
1585171963168 0.021532081067562103 22
1585171994829 0.02126108855009079 23
1585172027130 0.020151104778051376 24
1585172059310 0.019524138420820236 25
1585172091467 0.017545608803629875 26
1585172123378 0.016669757664203644 27
1585172155248 0.014502712525427341 28
1585172187226 0.013288909569382668 29
1585172219366 0.01280257012695074 30
1585172251197 0.01301767211407423 31
1585172283125 0.012258960865437984 32
1585172315101 0.012859334237873554 33
1585172347262 0.012619967572391033 34
1585172379235 0.011346915736794472 35
1585172411510 0.011726443655788898 36
1585172443107 0.012100827880203724 37
1585172475127 0.011921841651201248 38
1585172507659 0.011927366256713867 39
1585172539414 0.009811271913349628 40
1585172571406 0.010575266554951668 41
1585172603554 0.008991907350718975 42
1585172635412 0.007856585085391998 43
1585172667568 0.008947686292231083 44
1585172700061 0.007873538881540298 45
1585172731982 0.007909263484179974 46
1585172763924 0.007287203799933195 47
1585172795746 0.009326664730906487 48
1585172827875 0.0068457769230008125 49
1585172859698 0.00684419646859169 50
