1585171259102 0.8315979242324829 0
1585171291337 0.7384100556373596 1
1585171323119 0.6876856088638306 2
1585171355026 0.6595292091369629 3
1585171386904 0.6449902057647705 4
1585171418932 0.6386979222297668 5
1585171451769 0.6186585426330566 6
1585171483752 0.5867530703544617 7
1585171515500 0.5716400146484375 8
1585171547548 0.5527991056442261 9
1585171579072 0.5212072730064392 10
1585171612129 0.5071694254875183 11
1585171643833 0.4858704209327698 12
1585171675521 0.46813687682151794 13
1585171707382 0.4556286334991455 14
1585171739120 0.44511324167251587 15
1585171770814 0.4364745020866394 16
1585171802706 0.4260742962360382 17
1585171835092 0.4143030345439911 18
1585171867258 0.40266454219818115 19
1585171899099 0.3901216685771942 20
1585171931087 0.38329389691352844 21
1585171963168 0.37613701820373535 22
1585171994829 0.3622809648513794 23
1585172027130 0.35825496912002563 24
1585172059310 0.34636080265045166 25
1585172091467 0.34207868576049805 26
1585172123378 0.3364917039871216 27
1585172155248 0.3341163694858551 28
1585172187226 0.3312702476978302 29
1585172219366 0.33230000734329224 30
1585172251197 0.32543471455574036 31
1585172283125 0.322419136762619 32
1585172315101 0.31396612524986267 33
1585172347262 0.3116037845611572 34
1585172379235 0.3143902122974396 35
1585172411510 0.3062341511249542 36
1585172443107 0.3012316823005676 37
1585172475127 0.2965797185897827 38
1585172507659 0.29635852575302124 39
1585172539414 0.2972904443740845 40
1585172571406 0.28984615206718445 41
1585172603554 0.29295340180397034 42
1585172635412 0.29589295387268066 43
1585172667568 0.2842243015766144 44
1585172700061 0.2907405495643616 45
1585172731982 0.2864498794078827 46
1585172763924 0.28650379180908203 47
1585172795746 0.2786381244659424 48
1585172827875 0.2859566807746887 49
1585172859698 0.2864137291908264 50
