1585171259102 0.3327358365058899 0
1585171291337 0.4533962607383728 1
1585171323119 0.6108961701393127 2
1585171355026 0.6711556911468506 3
1585171386904 0.683089554309845 4
1585171418932 0.6754716634750366 5
1585171451769 0.677688717842102 6
1585171483752 0.6865566372871399 7
1585171515500 0.6810141801834106 8
1585171547548 0.6765801906585693 9
1585171579072 0.6876651048660278 10
1585171612129 0.6754717230796814 11
1585171643833 0.6881131529808044 12
1585171675521 0.7179480791091919 13
1585171707382 0.7853065729141235 14
1585171739120 0.8255895972251892 15
1585171770814 0.8512735962867737 16
1585171802706 0.8584905862808228 17
1585171835092 0.876533031463623 18
1585171867258 0.8722405433654785 19
1585171899099 0.8770990371704102 20
1585171931087 0.8698821067810059 21
1585171963168 0.8601650595664978 22
1585171994829 0.8733490109443665 23
1585172027130 0.8700235486030579 24
1585172059310 0.8643159866333008 25
1585172091467 0.8673820495605469 26
1585172123378 0.8670990467071533 27
1585172155248 0.8672405481338501 28
1585172187226 0.8523820638656616 29
1585172219366 0.8647405505180359 30
1585172251197 0.8562735319137573 31
1585172283125 0.865306556224823 32
1585172315101 0.8744574785232544 33
1585172347262 0.8772405385971069 34
1585172379235 0.8572406768798828 35
1585172411510 0.874599039554596 36
1585172443107 0.8841744661331177 37
1585172475127 0.8820990920066833 38
1585172507659 0.8805660009384155 39
1585172539414 0.8819575309753418 40
1585172571406 0.8780660033226013 41
1585172603554 0.8772405385971069 42
1585172635412 0.8795991539955139 43
1585172667568 0.8805660009384155 44
1585172700061 0.8787735104560852 45
1585172731982 0.8782075643539429 46
1585172763924 0.8809905648231506 47
1585172795746 0.8877829313278198 48
1585172827875 0.8759905695915222 49
1585172859698 0.8647406101226807 50
