1585171248051 0.28348657488822937 0
1585171279971 0.42678162455558777 1
1585171311901 0.6142145395278931 2
1585171343634 0.67954021692276 3
1585171375456 0.676436722278595 4
1585171407612 0.6772413849830627 5
1585171440471 0.677241325378418 6
1585171472644 0.6796551942825317 7
1585171504363 0.676436722278595 8
1585171536342 0.6812644004821777 9
1585171567937 0.6756321787834167 10
1585171599855 0.680766224861145 11
1585171632764 0.6963217854499817 12
1585171664430 0.6991570591926575 13
1585171696264 0.7262069582939148 14
1585171728000 0.7579310536384583 15
1585171759720 0.7760153412818909 16
1585171791397 0.7924520969390869 17
1585171823743 0.7950958013534546 18
1585171855914 0.8160919547080994 19
1585171887751 0.802758514881134 20
1585171919909 0.8111494183540344 21
1585171951804 0.8068199157714844 22
1585171983777 0.8139846920967102 23
1585172015939 0.8286207318305969 24
1585172047795 0.8216474652290344 25
1585172080147 0.8154788613319397 26
1585172112053 0.8119539618492126 27
1585172143914 0.8252873420715332 28
1585172175980 0.8254788517951965 29
1585172208016 0.8243677616119385 30
1585172240009 0.8354789018630981 31
1585172272065 0.8285440802574158 32
1585172303757 0.8259003758430481 33
1585172335945 0.8475095629692078 34
1585172368025 0.8480076789855957 35
1585172400031 0.8368965983390808 36
1585172432126 0.8421455025672913 37
1585172463788 0.8423755168914795 38
1585172496359 0.8568965792655945 39
1585172528232 0.842260479927063 40
1585172560027 0.8531800508499146 41
1585172592115 0.8519539833068848 42
1585172624336 0.8496168255805969 43
1585172656211 0.8630651235580444 44
1585172688293 0.8495402336120605 45
1585172720697 0.8539846539497375 46
1585172752586 0.8460920453071594 47
1585172784738 0.8472030758857727 48
1585172816524 0.8629501461982727 49
1585172848435 0.8613409996032715 50
