1585171266954 0.30811119079589844 0
1585171299061 0.4400889277458191 1
1585171330842 0.6125553846359253 2
1585171362766 0.6753479242324829 3
1585171394601 0.67976313829422 4
1585171426641 0.6763565540313721 5
1585171459809 0.67746502161026 6
1585171491374 0.6831059455871582 7
1585171523346 0.6787254810333252 8
1585171555191 0.6789222955703735 9
1585171586607 0.6816486120223999 10
1585171619787 0.6781189441680908 11
1585171651449 0.6922174692153931 12
1585171683281 0.7085525989532471 13
1585171715191 0.7557567358016968 14
1585171746751 0.7917603254318237 15
1585171778594 0.8136444687843323 16
1585171810519 0.8254713416099548 17
1585171842926 0.8358144164085388 18
1585171874950 0.8441662788391113 19
1585171906931 0.8399287462234497 20
1585171938824 0.8405157327651978 21
1585171970750 0.8334925174713135 22
1585172002660 0.8436668515205383 23
1585172034857 0.8493221402168274 24
1585172067181 0.8429816961288452 25
1585172099294 0.8414304256439209 26
1585172131162 0.8395265340805054 27
1585172162970 0.8462639451026917 28
1585172195073 0.8389304876327515 29
1585172227015 0.8445541858673096 30
1585172258889 0.8458762168884277 31
1585172290777 0.8469253182411194 32
1585172322966 0.8501789569854736 33
1585172355050 0.862375020980835 34
1585172387065 0.8526241779327393 35
1585172419334 0.8557478189468384 36
1585172450818 0.8631600141525269 37
1585172483092 0.8622373342514038 38
1585172515253 0.8687312602996826 39
1585172547092 0.8621090054512024 40
1585172579121 0.8656229972839355 41
1585172611377 0.8645972609519958 42
1585172643248 0.8646079897880554 43
1585172675260 0.87181556224823 44
1585172707762 0.8641568422317505 45
1585172739820 0.8660961389541626 46
1585172771683 0.863541305065155 47
1585172803561 0.8674930334091187 48
1585172835598 0.8694703578948975 49
