1585171266954 0.03085637465119362 0
1585171299061 0.00690716877579689 1
1585171330842 0.004582756198942661 2
1585171362766 0.007683745585381985 3
1585171394601 0.01303008385002613 4
1585171426641 0.01931742951273918 5
1585171459809 0.01894308440387249 6
1585171491374 0.011511923745274544 7
1585171523346 0.008191276341676712 8
1585171555191 0.0032141604460775852 9
1585171586607 0.003730224911123514 10
1585171619787 0.0031464197672903538 11
1585171651449 0.005860237870365381 12
1585171683281 0.010482033714652061 13
1585171715191 0.014628369361162186 14
1585171746751 0.01766238734126091 15
1585171778594 0.019583478569984436 16
1585171810519 0.021120287477970123 17
1585171842926 0.021927833557128906 18
1585171874950 0.021720457822084427 19
1585171906931 0.021336272358894348 20
1585171938824 0.019999049603939056 21
1585171970750 0.018352825194597244 22
1585172002660 0.01773773692548275 23
1585172034857 0.016921792179346085 24
1585172067181 0.01592426747083664 25
1585172099294 0.014772229827940464 26
1585172131162 0.013616358861327171 27
1585172162970 0.01231473684310913 28
1585172195073 0.011787963099777699 29
1585172227015 0.011579049751162529 30
1585172258889 0.011374300345778465 31
1585172290777 0.010880514979362488 32
1585172322966 0.01130843535065651 33
1585172355050 0.011118250899016857 34
1585172387065 0.010502876713871956 35
1585172419334 0.010427212342619896 36
1585172450818 0.010958806611597538 37
1585172483092 0.010883680544793606 38
1585172515253 0.010672328993678093 39
1585172547092 0.009062716737389565 40
1585172579121 0.009738627821207047 41
1585172611377 0.008781492710113525 42
1585172643248 0.008154909126460552 43
1585172675260 0.008735603652894497 44
1585172707762 0.007851546630263329 45
1585172739820 0.007904980331659317 46
1585172771683 0.0072976769879460335 47
1585172803561 0.008613266982138157 48
1585172835598 0.007233981043100357 49
