1585171266954 0.8410864472389221 0
1585171299061 0.7483344078063965 1
1585171330842 0.6977862119674683 2
1585171362766 0.6698297262191772 3
1585171394601 0.6602188348770142 4
1585171426641 0.6494817733764648 5
1585171459809 0.6321892738342285 6
1585171491374 0.6042163968086243 7
1585171523346 0.5884312391281128 8
1585171555191 0.5623246431350708 9
1585171586607 0.5387529134750366 10
1585171619787 0.5187326669692993 11
1585171651449 0.4994678199291229 12
1585171683281 0.48268747329711914 13
1585171715191 0.46837735176086426 14
1585171746751 0.4578600525856018 15
1585171778594 0.44910675287246704 16
1585171810519 0.4388679265975952 17
1585171842926 0.4288784861564636 18
1585171874950 0.4161824584007263 19
1585171906931 0.4067646265029907 20
1585171938824 0.3971879184246063 21
1585171970750 0.39069533348083496 22
1585172002660 0.3792186379432678 23
1585172034857 0.3722110390663147 24
1585172067181 0.3644941449165344 25
1585172099294 0.3593063950538635 26
1585172131162 0.35456550121307373 27
1585172162970 0.3508132994174957 28
1585172195073 0.34696733951568604 29
1585172227015 0.3447633981704712 30
1585172258889 0.34036242961883545 31
1585172290777 0.3392491638660431 32
1585172322966 0.3314146399497986 33
1585172355050 0.32800111174583435 34
1585172387065 0.32715803384780884 35
1585172419334 0.32512664794921875 36
1585172450818 0.31829124689102173 37
1585172483092 0.3147316575050354 38
1585172515253 0.3127450942993164 39
1585172547092 0.31409701704978943 40
1585172579121 0.3076642155647278 41
1585172611377 0.30886223912239075 42
1585172643248 0.3090815842151642 43
1585172675260 0.30091392993927 44
1585172707762 0.3060399293899536 45
1585172739820 0.30175215005874634 46
1585172771683 0.30127936601638794 47
1585172803561 0.2939467132091522 48
1585172835598 0.2970406711101532 49
