1585154415813 0.28348657488822937 0
1585154449172 0.42678162455558777 1
1585154482701 0.6097701191902161 2
1585154515849 0.6762068867683411 3
1585154548955 0.676436722278595 4
1585154582146 0.6772413849830627 5
1585154615443 0.677241325378418 6
1585154648762 0.6796551942825317 7
1585154682069 0.676436722278595 8
1585154715513 0.6812644004821777 9
1585154748864 0.6756321787834167 10
1585154782267 0.6852107644081116 11
1585154815590 0.700766384601593 12
1585154848877 0.6980459690093994 13
1585154881998 0.7150958180427551 14
1585154915579 0.7324903607368469 15
1585154948762 0.7373180389404297 16
1585154981666 0.7441762089729309 17
1585155015281 0.7490421533584595 18
1585155048562 0.7568965554237366 19
1585155081795 0.7641761898994446 20
1585155115108 0.7600383758544922 21
1585155148101 0.7397701740264893 22
1585155180943 0.7590421438217163 23
1585155213986 0.7633715867996216 24
1585155247146 0.7601532340049744 25
1585155280341 0.7651723623275757 26
1585155313564 0.7642912268638611 27
1585155346723 0.7654022574424744 28
1585155379803 0.7844827771186829 29
1585155413324 0.8032566905021667 30
1585155446719 0.8059003949165344 31
1585155479959 0.7986589670181274 32
1585155513236 0.8205364346504211 33
1585155546621 0.8203448057174683 34
1585155579605 0.8346743583679199 35
1585155613257 0.8294252753257751 36
1585155646711 0.8286206722259521 37
1585155680048 0.8384292125701904 38
1585155713722 0.837011456489563 39
1585155746858 0.8311493992805481 40
1585155780283 0.8385440111160278 41
1585155813388 0.8463984727859497 42
1585155846898 0.8394253253936768 43
1585155880270 0.8503448963165283 44
1585155913633 0.8376244902610779 45
1585155946627 0.8365134000778198 46
1585155979727 0.8383141756057739 47
1585156012766 0.8463984727859497 48
1585156046148 0.8391187787055969 49
1585156079486 0.8405364155769348 50
1585156112880 0.8594253659248352 51
1585156145907 0.8372030258178711 52
1585156179948 0.8610345125198364 53
1585156213539 0.8477011919021606 54
1585156248364 0.8413410186767578 55
1585156281240 0.8500382900238037 56
1585156314496 0.8513410687446594 57
1585156347770 0.8524520993232727 58
1585156381384 0.8580076694488525 59
1585156414593 0.8554789423942566 60
1585156449188 0.8596168756484985 61
1585156482324 0.8462835550308228 62
1585156515620 0.8513409495353699 63
1585156548905 0.8477010726928711 64
1585156582595 0.8427585959434509 65
1585156615966 0.8496168255805969 66
1585156649488 0.8510344624519348 67
1585156682843 0.8594253659248352 68
1585156716038 0.8440612554550171 69
1585156749184 0.8328736424446106 70
1585156782672 0.8499233722686768 71
1585156815906 0.8360918760299683 72
1585156849187 0.8568965196609497 73
1585156882824 0.8527586460113525 74
1585156916337 0.8467049598693848 75
1585156949806 0.8519540429115295 76
1585156982956 0.8446743488311768 77
1585157016189 0.837701141834259 78
1585157049548 0.8422605395317078 79
1585157082705 0.8529502749443054 80
1585157116441 0.8350958228111267 81
1585157149665 0.8327586650848389 82
1585157182851 0.815632164478302 83
1585157217200 0.8350957632064819 84
1585157250367 0.8306514024734497 85
1585157284180 0.8499233722686768 86
1585157317305 0.8362069129943848 87
1585157350523 0.8418391346931458 88
1585157385090 0.8405364155769348 89
1585157418209 0.8322604894638062 90
1585157451086 0.8360919952392578 91
1585157484509 0.8319540023803711 92
1585157517361 0.8322605490684509 93
1585157550340 0.8286207318305969 94
1585157583873 0.83003830909729 95
1585157617328 0.8244827389717102 96
1585157651162 0.82478928565979 97
1585157684313 0.8200382590293884 98
1585157718426 0.8327586054801941 99
1585157752211 0.8213409781455994 100
1585157785364 0.8188121914863586 101
1585157818470 0.8157087564468384 102
1585157851672 0.8149808049201965 103
1585157884642 0.8152874112129211 104
1585157918156 0.8162068724632263 105
1585157951791 0.8202298283576965 106
1585157984869 0.8197318315505981 107
1585158017762 0.8167049884796143 108
1585158050898 0.8163984417915344 109
1585158084270 0.8204214572906494 110
1585158117647 0.8145977258682251 111
1585158150919 0.8167049884796143 112
1585158184436 0.8111494183540344 113
1585158217540 0.8136780858039856 114
1585158251035 0.8112643957138062 115
1585158284363 0.8122604489326477 116
1585158317695 0.8183141946792603 117
1585158351340 0.8167049884796143 118
1585158384346 0.820842981338501 119
1585158417362 0.8221455812454224 120
