1585154427399 0.3327358365058899 0
1585154460755 0.45575475692749023 1
1585154494369 0.6072877049446106 2
1585154527562 0.6711556911468506 3
1585154560664 0.683089554309845 4
1585154593694 0.6742216944694519 5
1585154626978 0.677688717842102 6
1585154660706 0.6865566372871399 7
1585154693935 0.6810141801834106 8
1585154727226 0.6765801906585693 9
1585154760638 0.6876651048660278 10
1585154794087 0.6767216920852661 11
1585154827553 0.6981132626533508 12
1585154860529 0.7204481363296509 13
1585154894067 0.7607311010360718 14
1585154927366 0.7886556386947632 15
1585154960374 0.7928065657615662 16
1585154993755 0.8247405290603638 17
1585155027243 0.8241744637489319 18
1585155060353 0.8312735557556152 19
1585155093579 0.8280660510063171 20
1585155126706 0.8144810795783997 21
1585155159633 0.8050471544265747 22
1585155192491 0.8336321115493774 23
1585155225631 0.8021225929260254 24
1585155258827 0.8205659985542297 25
1585155291967 0.8126650452613831 26
1585155325164 0.8237736225128174 27
1585155358411 0.8175235986709595 28
1585155391674 0.832382082939148 29
1585155425038 0.8229480385780334 30
1585155458324 0.8364151120185852 31
1585155491808 0.8515565395355225 32
1585155524949 0.8695990443229675 33
1585155558302 0.8673820495605469 34
1585155591331 0.8484905958175659 35
1585155625094 0.8633490800857544 36
1585155658340 0.8694576025009155 37
1585155691867 0.8794574737548828 38
1585155725355 0.8683490753173828 39
1585155758844 0.8794574737548828 40
1585155791932 0.8768159747123718 41
1585155825272 0.8722405433654785 42
1585155858495 0.8698821067810059 43
1585155892027 0.8805660009384155 44
1585155925238 0.8775235414505005 45
1585155958250 0.8757075071334839 46
1585155991396 0.8809905648231506 47
1585156024456 0.8815329074859619 48
1585156057746 0.8794575929641724 49
1585156091398 0.870707631111145 50
1585156124422 0.874457597732544 51
1585156158347 0.8769575357437134 52
1585156191769 0.8748820424079895 53
1585156226906 0.8754244446754456 54
1585156259944 0.8744574785232544 55
1585156292892 0.875990629196167 56
1585156326185 0.8770990967750549 57
1585156359586 0.8857074975967407 58
1585156393162 0.869316041469574 59
1585156426447 0.8786320686340332 60
1585156460905 0.8725235462188721 61
1585156494138 0.865165114402771 62
1585156527222 0.8725236058235168 63
1585156560722 0.8786320686340332 64
1585156594278 0.8780660033226013 65
1585156627891 0.8757075071334839 66
1585156661274 0.8782075643539429 67
1585156694525 0.8757076263427734 68
1585156727597 0.8830659985542297 69
1585156761118 0.8830659985542297 70
1585156794367 0.8703065514564514 71
1585156827679 0.8772405982017517 72
1585156861012 0.8833490610122681 73
1585156894557 0.8725236058235168 74
1585156927938 0.882924497127533 75
1585156961622 0.8739150762557983 76
1585156994639 0.8751651048660278 77
1585157027799 0.8818159699440002 78
1585157061246 0.8695990443229675 79
1585157094631 0.8770990967750549 80
1585157128177 0.8772406578063965 81
1585157161352 0.8816745281219482 82
1585157194506 0.8784905672073364 83
1585157228894 0.8689150810241699 84
1585157262591 0.8783490657806396 85
1585157295763 0.8794575929641724 86
1585157328869 0.8807075023651123 87
1585157362224 0.8784905672073364 88
1585157396672 0.8773820996284485 89
1585157429753 0.8834905624389648 90
1585157462917 0.8747406005859375 91
1585157496113 0.8772405982017517 92
1585157528968 0.8791744709014893 93
1585157562066 0.8808490633964539 94
1585157595561 0.8739151358604431 95
1585157628929 0.8723820447921753 96
1585157662816 0.8794575929641724 97
1585157696041 0.8805660009384155 98
1585157730434 0.8680896162986755 99
1585157763869 0.8758490085601807 100
1585157797140 0.8782075643539429 101
1585157830158 0.8769575357437134 102
1585157863303 0.8737736344337463 103
1585157896216 0.8772405982017517 104
1585157929938 0.8793160319328308 105
1585157963405 0.8807076215744019 106
1585157996508 0.8748821020126343 107
1585158029392 0.874599039554596 108
1585158062543 0.8736320734024048 109
1585158096226 0.874457597732544 110
1585158129389 0.8675236105918884 111
1585158162855 0.8761321306228638 112
1585158196068 0.8722406029701233 113
1585158229332 0.8768160343170166 114
1585158262743 0.8734905123710632 115
1585158296157 0.8732075691223145 116
1585158329441 0.8733490705490112 117
1585158363015 0.8684905767440796 118
1585158396076 0.879315972328186 119
1585158428757 0.8784905672073364 120
