1585154427399 0.027248883619904518 0
1585154460755 0.0051950919441878796 1
1585154494369 0.002842918736860156 2
1585154527562 0.004186602775007486 3
1585154560664 0.007154326420277357 4
1585154593694 0.010270440019667149 5
1585154626978 0.00832584872841835 6
1585154660706 0.004029661882668734 7
1585154693935 0.0019249331671744585 8
1585154727226 0.0009818400721997023 9
1585154760638 0.004953898023813963 10
1585154794087 0.006399425212293863 11
1585154827553 0.009429310448467731 12
1585154860529 0.013539775274693966 13
1585154894067 0.01641278900206089 14
1585154927366 0.018537767231464386 15
1585154960374 0.019847970455884933 16
1585154993755 0.021075788885354996 17
1585155027243 0.022096728906035423 18
1585155060353 0.02001669816672802 19
1585155093579 0.01991729810833931 20
1585155126706 0.018058273941278458 21
1585155159633 0.01585688441991806 22
1585155192491 0.01554941013455391 23
1585155225631 0.014172178693115711 24
1585155258827 0.014581115916371346 25
1585155291967 0.012750016525387764 26
1585155325164 0.012444324791431427 27
1585155358411 0.010970319621264935 28
1585155391674 0.01060222927480936 29
1585155425038 0.010518212802708149 30
1585155458324 0.011320722289383411 31
1585155491808 0.010868648067116737 32
1585155524949 0.01207573153078556 33
1585155558302 0.012297844514250755 34
1585155591331 0.012236286886036396 35
1585155625094 0.0124254385009408 36
1585155658340 0.012696555815637112 37
1585155691867 0.01317288912832737 38
1585155725355 0.013088072650134563 39
1585155758844 0.011270119808614254 40
1585155791932 0.01214594952762127 41
1585155825272 0.010532118380069733 42
1585155858495 0.00949103944003582 43
1585155892027 0.010726859793066978 44
1585155925238 0.009481221437454224 45
1585155958250 0.009627729654312134 46
1585155991396 0.009028274565935135 47
1585156024456 0.011074362322688103 48
1585156057746 0.008783292956650257 49
1585156091398 0.008498083800077438 50
1585156124422 0.00859789177775383 51
1585156158347 0.008314622566103935 52
1585156191769 0.0075955516658723354 53
1585156226906 0.00847971998155117 54
1585156259944 0.008211152628064156 55
1585156292892 0.008432078175246716 56
1585156326185 0.007196631748229265 57
1585156359586 0.006027912255376577 58
1585156393162 0.007035930175334215 59
1585156426447 0.00677774241194129 60
1585156460905 0.005562779493629932 61
1585156494138 0.00608523003757 62
1585156527222 0.0054652635008096695 63
1585156560722 0.007042244542390108 64
1585156594278 0.006812566891312599 65
1585156627891 0.006245918571949005 66
1585156661274 0.005453352816402912 67
1585156694525 0.006116264965385199 68
1585156727597 0.005827402696013451 69
1585156761118 0.006616824306547642 70
1585156794367 0.004935906734317541 71
1585156827679 0.005422158166766167 72
1585156861012 0.005970222409814596 73
1585156894557 0.004428028594702482 74
1585156927938 0.005648629739880562 75
1585156961622 0.004637398757040501 76
1585156994639 0.004411256406456232 77
1585157027799 0.005325863137841225 78
1585157061246 0.004926060326397419 79
1585157094631 0.004298156592994928 80
1585157128177 0.003724323585629463 81
1585157161352 0.0054867141880095005 82
1585157194506 0.004189713858067989 83
1585157228894 0.003919367212802172 84
1585157262591 0.004088596906512976 85
1585157295763 0.0057814172469079494 86
1585157328869 0.003441285341978073 87
1585157362224 0.0041510420851409435 88
1585157396672 0.003076310269534588 89
1585157429753 0.002579417312517762 90
1585157462917 0.0032097334042191505 91
1585157496113 0.0036820932291448116 92
1585157528968 0.004144889302551746 93
1585157562066 0.003294328460469842 94
1585157595561 0.004243143834173679 95
1585157628929 0.0028102202340960503 96
1585157662816 0.003932669758796692 97
1585157696041 0.003530009649693966 98
1585157730434 0.004007322713732719 99
1585157763869 0.0019279631087556481 100
1585157797140 0.0016891880659386516 101
1585157830158 0.0015185391530394554 102
1585157863303 0.003940170165151358 103
1585157896216 0.0025565247051417828 104
1585157929938 0.00246187811717391 105
1585157963405 0.003471407573670149 106
1585157996508 0.002166483551263809 107
1585158029392 0.0020253818947821856 108
1585158062543 0.0018598473398014903 109
1585158096226 0.002978775417432189 110
1585158129389 0.0021071843802928925 111
1585158162855 0.00210531591437757 112
1585158196068 0.0010810482781380415 113
1585158229332 0.0026916516944766045 114
1585158262743 0.0028133008163422346 115
1585158296157 0.0019609893206506968 116
1585158329441 0.0022797647397965193 117
1585158363015 0.0011812894372269511 118
1585158396076 0.0014227936044335365 119
1585158428757 0.0015914265532046556 120
