1585154415813 0.03446386754512787 0
1585154449172 0.00872707087546587 1
1585154482701 0.006109172012656927 2
1585154515849 0.009392562322318554 3
1585154548955 0.013821033760905266 4
1585154582146 0.018103163689374924 5
1585154615443 0.015930524095892906 6
1585154648762 0.007306827697902918 7
1585154682069 0.004953581374138594 8
1585154715513 0.0018094953848049045 9
1585154748864 0.0023316810838878155 10
1585154782267 0.003064873395487666 11
1585154815590 0.0052277385257184505 12
1585154848877 0.007812274154275656 13
1585154881998 0.010297452099621296 14
1585154915579 0.011695245280861855 15
1585154948762 0.012949653901159763 16
1585154981666 0.013875805772840977 17
1585155015281 0.013529224321246147 18
1585155048562 0.013809174299240112 19
1585155081795 0.013000774197280407 20
1585155115108 0.011601967737078667 21
1585155148101 0.010426986031234264 22
1585155180943 0.009490149095654488 23
1585155213986 0.009379999712109566 24
1585155247146 0.008078070357441902 25
1585155280341 0.008551022969186306 26
1585155313564 0.007102102041244507 27
1585155346723 0.0069264802150428295 28
1585155379803 0.007523783482611179 29
1585155413324 0.008011101745069027 30
1585155446719 0.0073691862635314465 31
1585155479959 0.007983947172760963 32
1585155513236 0.008677252568304539 33
1585155546621 0.00844729132950306 34
1585155579605 0.008928847499191761 35
1585155613257 0.009093505330383778 36
1585155646711 0.009765650145709515 37
1585155680048 0.009889734908938408 38
1585155713722 0.009583169594407082 39
1585155746858 0.008667975664138794 40
1585155780283 0.009189775213599205 41
1585155813388 0.008702637627720833 42
1585155846898 0.008603938855230808 43
1585155880270 0.008582323789596558 44
1585155913633 0.007966314442455769 45
1585155946627 0.007798092905431986 46
1585155979727 0.0072425371035933495 47
1585156012766 0.007676017936319113 48
1585156046148 0.0071437060832977295 49
1585156079486 0.007049958687275648 50
1585156112880 0.007384170312434435 51
1585156145907 0.006522893439978361 52
1585156179948 0.007664990145713091 53
1585156213539 0.006644456181675196 54
1585156248364 0.006039055529981852 55
1585156281240 0.006278397981077433 56
1585156314496 0.006491159554570913 57
1585156347770 0.006596342660486698 58
1585156381384 0.00612609414383769 59
1585156414593 0.007352479733526707 60
1585156449188 0.006816984154284 61
1585156482324 0.005743712652474642 62
1585156515620 0.006036160979419947 63
1585156548905 0.005718572530895472 64
1585156582595 0.005247112829238176 65
1585156615966 0.005672710482031107 66
1585156649488 0.005602798890322447 67
1585156682843 0.005131627898663282 68
1585156716038 0.005272107198834419 69
1585156749184 0.004881287459284067 70
1585156782672 0.005487456917762756 71
1585156815906 0.00428183376789093 72
1585156849187 0.004659845493733883 73
1585156882824 0.0050461930222809315 74
1585156916337 0.00429032975807786 75
1585156949806 0.0047397431917488575 76
1585156982956 0.0043496862053871155 77
1585157016189 0.004102928563952446 78
1585157049548 0.003995997831225395 79
1585157082705 0.004591920413076878 80
1585157116441 0.0043931263498961926 81
1585157149665 0.00275709037669003 82
1585157182851 0.00321509363129735 83
1585157217200 0.0033067085314542055 84
1585157250367 0.003538360120728612 85
1585157284180 0.0032544201239943504 86
1585157317305 0.0030637262389063835 87
1585157350523 0.003937708679586649 88
1585157385090 0.002367566106840968 89
1585157418209 0.002706361236050725 90
1585157451086 0.0031794693786650896 91
1585157484509 0.0037030838429927826 92
1585157517361 0.001961694797500968 93
1585157550340 0.0020192109514027834 94
1585157583873 0.0027844528667628765 95
1585157617328 0.001342853531241417 96
1585157651162 0.002977972151711583 97
1585157684313 0.0022810203954577446 98
1585157718426 0.0024441529531031847 99
1585157752211 0.0014825047692283988 100
1585157785364 0.002772438107058406 101
1585157818470 0.0017596464604139328 102
1585157851672 0.001229548710398376 103
1585157884642 0.0010956438491120934 104
1585157918156 0.00288887950591743 105
1585157951791 0.001593800145201385 106
1585157984869 0.0030609529931098223 107
1585158017762 0.002071885857731104 108
1585158050898 0.0006844090530648828 109
1585158084270 0.00276987929828465 110
1585158117647 0.002275141654536128 111
1585158150919 0.0014933027559891343 112
1585158184436 0.002293414669111371 113
1585158217540 0.0007041060016490519 114
1585158251035 0.0010498311603441834 115
1585158284363 0.0019226454896852374 116
1585158317695 0.0006554715218953788 117
1585158351340 0.003133990801870823 118
1585158384346 0.0028148326091468334 119
1585158417362 0.0014318018220365047 120
