1585154427399 0.8315979242324829 0
1585154460755 0.7384952306747437 1
1585154494369 0.6887212991714478 2
1585154527562 0.6601724624633789 3
1585154560664 0.6443091034889221 4
1585154593694 0.6354579925537109 5
1585154626978 0.6134381890296936 6
1585154660706 0.5819135904312134 7
1585154693935 0.5667967796325684 8
1585154727226 0.5498716831207275 9
1585154760638 0.5233531594276428 10
1585154794087 0.5119046568870544 11
1585154827553 0.49418047070503235 12
1585154860529 0.47899940609931946 13
1585154894067 0.4668614864349365 14
1585154927366 0.4554387629032135 15
1585154960374 0.44550999999046326 16
1585154993755 0.4336460530757904 17
1585155027243 0.420783668756485 18
1585155060353 0.413210391998291 19
1585155093579 0.4005080461502075 20
1585155126706 0.39590972661972046 21
1585155159633 0.3935951292514801 22
1585155192491 0.37979426980018616 23
1585155225631 0.3792198598384857 24
1585155258827 0.36621057987213135 25
1585155291967 0.36276310682296753 26
1585155325164 0.3579680919647217 27
1585155358411 0.35575973987579346 28
1585155391674 0.35071003437042236 29
1585155425038 0.35204508900642395 30
1585155458324 0.34353333711624146 31
1585155491808 0.3406102657318115 32
1585155524949 0.329974889755249 33
1585155558302 0.3273528814315796 34
1585155591331 0.32781079411506653 35
1585155625094 0.31928494572639465 36
1585155658340 0.31437569856643677 37
1585155691867 0.30876684188842773 38
1585155725355 0.3079606592655182 39
1585155758844 0.3086010217666626 40
1585155791932 0.3013606667518616 41
1585155825272 0.30382153391838074 42
1585155858495 0.30694568157196045 43
1585155892027 0.2958061099052429 44
1585155925238 0.30290985107421875 45
1585155958250 0.2990056276321411 46
1585155991396 0.298921138048172 47
1585156024456 0.2922511100769043 48
1585156057746 0.29816460609436035 49
1585156091398 0.29972341656684875 50
1585156124422 0.2902974486351013 51
1585156158347 0.29176685214042664 52
1585156191769 0.29540249705314636 53
1585156226906 0.2876715064048767 54
1585156259944 0.2892846465110779 55
1585156292892 0.29070261120796204 56
1585156326185 0.2900576889514923 57
1585156359586 0.30050188302993774 58
1585156393162 0.2917672395706177 59
1585156426447 0.29655471444129944 60
1585156460905 0.29626211524009705 61
1585156494138 0.2912825345993042 62
1585156527222 0.2920547127723694 63
1585156560722 0.2923927903175354 64
1585156594278 0.2851906418800354 65
1585156627891 0.29671183228492737 66
1585156661274 0.2939966917037964 67
1585156694525 0.2882210612297058 68
1585156727597 0.2876574695110321 69
1585156761118 0.28651151061058044 70
1585156794367 0.29032039642333984 71
1585156827679 0.294268935918808 72
1585156861012 0.2904723286628723 73
1585156894557 0.2901802361011505 74
1585156927938 0.28409165143966675 75
1585156961622 0.29189035296440125 76
1585156994639 0.2938573360443115 77
1585157027799 0.28608137369155884 78
1585157061246 0.28982990980148315 79
1585157094631 0.2907831072807312 80
1585157128177 0.2927698791027069 81
1585157161352 0.2813044488430023 82
1585157194506 0.29118478298187256 83
1585157228894 0.29670384526252747 84
1585157262591 0.289301335811615 85
1585157295763 0.28540146350860596 86
1585157328869 0.28836002945899963 87
1585157362224 0.2934744954109192 88
1585157396672 0.2933012843132019 89
1585157429753 0.29256099462509155 90
1585157462917 0.30148428678512573 91
1585157496113 0.2964361608028412 92
1585157528968 0.28889936208724976 93
1585157562066 0.30260294675827026 94
1585157595561 0.2995959222316742 95
1585157628929 0.30903175473213196 96
1585157662816 0.2967115342617035 97
1585157696041 0.29941657185554504 98
1585157730434 0.3134559988975525 99
1585157763869 0.3093401789665222 100
1585157797140 0.3045012354850769 101
1585157830158 0.3081408441066742 102
1585157863303 0.3188726007938385 103
1585157896216 0.3065366744995117 104
1585157929938 0.3046392798423767 105
1585157963405 0.309255450963974 106
1585157996508 0.31349027156829834 107
1585158029392 0.313505619764328 108
1585158062543 0.31651023030281067 109
1585158096226 0.3144262433052063 110
1585158129389 0.31848928332328796 111
1585158162855 0.31414464116096497 112
1585158196068 0.3177315592765808 113
1585158229332 0.30856335163116455 114
1585158262743 0.31184259057044983 115
1585158296157 0.3081710934638977 116
1585158329441 0.31264728307724 117
1585158363015 0.31674203276634216 118
1585158396076 0.30865058302879333 119
1585158428757 0.3087063431739807 120
