1585154415813 0.8505749702453613 0
1585154449172 0.7585116624832153 1
1585154482701 0.7089470028877258 2
1585154515849 0.6807082295417786 3
1585154548955 0.674106240272522 4
1585154582146 0.6565452218055725 5
1585154615443 0.6397882103919983 6
1585154648762 0.6151897311210632 7
1585154682069 0.5986522436141968 8
1585154715513 0.5684323906898499 9
1585154748864 0.5553660988807678 10
1585154782267 0.5339029431343079 11
1585154815590 0.5198601484298706 12
1585154848877 0.506274938583374 13
1585154881998 0.49064505100250244 14
1585154915579 0.47962135076522827 15
1585154948762 0.46864187717437744 16
1585154981666 0.4581456780433655 17
1585155015281 0.4508223533630371 18
1585155048562 0.43744340538978577 19
1585155081795 0.43292465806007385 20
1585155115108 0.42328906059265137 21
1585155148101 0.4203903079032898 22
1585155180943 0.41304123401641846 23
1585155213986 0.40301600098609924 24
1585155247146 0.4023699164390564 25
1585155280341 0.395912766456604 26
1585155313564 0.39316362142562866 27
1585155346723 0.38746052980422974 28
1585155379803 0.38242197036743164 29
1585155413324 0.3762267827987671 30
1585155446719 0.37420931458473206 31
1585155479959 0.37446290254592896 32
1585155513236 0.36484843492507935 33
1585155546621 0.3601154088973999 34
1585155579605 0.35502317547798157 35
1585155613257 0.35827669501304626 36
1585155646711 0.3489896357059479 37
1585155680048 0.3458871841430664 38
1585155713722 0.3422679007053375 39
1585155746858 0.34353354573249817 40
1585155780283 0.3384924829006195 41
1585155813388 0.33826199173927307 42
1585155846898 0.3365025222301483 43
1585155880270 0.3327013850212097 44
1585155913633 0.33698350191116333 45
1585155946627 0.3337990343570709 46
1585155979727 0.3336719572544098 47
1585156012766 0.3282320201396942 48
1585156046148 0.3282967209815979 49
1585156079486 0.32719510793685913 50
1585156112880 0.322846919298172 51
1585156145907 0.32886409759521484 52
1585156179948 0.31862619519233704 53
1585156213539 0.32820025086402893 54
1585156248364 0.328861802816391 55
1585156281240 0.3262898027896881 56
1585156314496 0.32286325097084045 57
1585156347770 0.32276391983032227 58
1585156381384 0.3239573836326599 59
1585156414593 0.3195103704929352 60
1585156449188 0.31560298800468445 61
1585156482324 0.32233327627182007 62
1585156515620 0.33004269003868103 63
1585156548905 0.3188244700431824 64
1585156582595 0.3229001760482788 65
1585156615966 0.3240031898021698 66
1585156649488 0.3190961480140686 67
1585156682843 0.32252010703086853 68
1585156716038 0.3217707872390747 69
1585156749184 0.32773557305336 70
1585156782672 0.3169604539871216 71
1585156815906 0.3272629678249359 72
1585156849187 0.3215470314025879 73
1585156882824 0.32025983929634094 74
1585156916337 0.3225844204425812 75
1585156949806 0.32305142283439636 76
1585156982956 0.3240356743335724 77
1585157016189 0.3284774422645569 78
1585157049548 0.32439377903938293 79
1585157082705 0.3175644874572754 80
1585157116441 0.3283231556415558 81
1585157149665 0.3318101167678833 82
1585157182851 0.3429422676563263 83
1585157217200 0.3286356031894684 84
1585157250367 0.3328600823879242 85
1585157284180 0.32424500584602356 86
1585157317305 0.3320585787296295 87
1585157350523 0.3234739303588867 88
1585157385090 0.33025631308555603 89
1585157418209 0.33085694909095764 90
1585157451086 0.3319951295852661 91
1585157484509 0.33532729744911194 92
1585157517361 0.33581823110580444 93
1585157550340 0.3372862935066223 94
1585157583873 0.3336593210697174 95
1585157617328 0.3397219181060791 96
1585157651162 0.3378945291042328 97
1585157684313 0.347038596868515 98
1585157718426 0.3457029163837433 99
1585157752211 0.34350815415382385 100
1585157785364 0.35013729333877563 101
1585157818470 0.35327020287513733 102
1585157851672 0.3561248481273651 103
1585157884642 0.3538179397583008 104
1585157918156 0.36062324047088623 105
1585157951791 0.3565196394920349 106
1585157984869 0.3609752058982849 107
1585158017762 0.3576963245868683 108
1585158050898 0.3582572042942047 109
1585158084270 0.3592357635498047 110
1585158117647 0.357160747051239 111
1585158150919 0.35972556471824646 112
1585158184436 0.36339226365089417 113
1585158217540 0.3592042922973633 114
1585158251035 0.3624936044216156 115
1585158284363 0.36253178119659424 116
1585158317695 0.3572345972061157 117
1585158351340 0.3640718162059784 118
1585158384346 0.3571637272834778 119
1585158417362 0.3527158796787262 120
