1585154435445 0.8410864472389221 0
1585154468851 0.7485034465789795 1
1585154502531 0.6988341808319092 2
1585154535512 0.6704403162002563 3
1585154568720 0.6592077016830444 4
1585154601860 0.6460015773773193 5
1585154635122 0.626613199710846 6
1585154668653 0.5985516309738159 7
1585154702038 0.5827245116233826 8
1585154735223 0.5591520071029663 9
1585154768759 0.5393596291542053 10
1585154802193 0.5229038000106812 11
1585154835545 0.5070202946662903 12
1585154868536 0.49263715744018555 13
1585154902014 0.4787532687187195 14
1585154935363 0.4675300717353821 15
1585154968346 0.45707595348358154 16
1585155001817 0.44589585065841675 17
1585155035203 0.43580299615859985 18
1585155068276 0.4253268837928772 19
1585155101553 0.4167163372039795 20
1585155134799 0.4095993936061859 21
1585155167571 0.40699273347854614 22
1585155200658 0.3964177370071411 23
1585155233655 0.3911179304122925 24
1585155266797 0.38429024815559387 25
1585155300036 0.37933793663978577 26
1585155333266 0.37556585669517517 27
1585155366514 0.3716101348400116 28
1585155399937 0.366566002368927 29
1585155433296 0.3641359210014343 30
1585155466360 0.35887134075164795 31
1585155499890 0.35753658413887024 32
1585155533009 0.3474116623401642 33
1585155566292 0.34373414516448975 34
1585155599534 0.34141698479652405 35
1585155633140 0.33878082036972046 36
1585155666368 0.3316826820373535 37
1585155700193 0.32732701301574707 38
1585155733396 0.32511427998542786 39
1585155766854 0.3260672688484192 40
1585155799878 0.31992655992507935 41
1585155833365 0.3210417628288269 42
1585155866635 0.3217241168022156 43
1585155900176 0.3142537474632263 44
1585155933321 0.31994667649269104 45
1585155966328 0.3164023160934448 46
1585155999420 0.3162965476512909 47
1585156032513 0.31024158000946045 48
1585156065899 0.3132306635379791 49
1585156099494 0.31345927715301514 50
1585156132590 0.30657219886779785 51
1585156166377 0.31031548976898193 52
1585156199997 0.3070143461227417 53
1585156234874 0.307935893535614 54
1585156267880 0.30907320976257324 55
1585156301113 0.3084962069988251 56
1585156334279 0.3064604699611664 57
1585156367821 0.31163290143013 58
1585156401166 0.3078623116016388 59
1585156434542 0.3080325424671173 60
1585156468888 0.30593255162239075 61
1585156502192 0.30680790543556213 62
1585156535301 0.311048686504364 63
1585156568716 0.3056086301803589 64
1585156602402 0.3040454089641571 65
1585156635868 0.3103575110435486 66
1585156669344 0.3065464198589325 67
1585156702476 0.305370569229126 68
1585156735640 0.3047141432762146 69
1585156769207 0.3071235418319702 70
1585156802410 0.3036404252052307 71
1585156835743 0.31076595187187195 72
1585156869093 0.3060096800327301 73
1585156902609 0.3052200376987457 74
1585156935990 0.30333805084228516 75
1585156969674 0.3074708878993988 76
1585157002665 0.30894649028778076 77
1585157036130 0.30727940797805786 78
1585157069307 0.30711185932159424 79
1585157102684 0.3041737973690033 80
1585157136272 0.31054651737213135 81
1585157169482 0.306557297706604 82
1585157203046 0.31706351041793823 83
1585157236914 0.3126697242259979 84
1585157270725 0.3110806941986084 85
1585157303808 0.30482321977615356 86
1585157336875 0.3102093040943146 87
1585157371188 0.30847421288490295 88
1585157404754 0.3117787837982178 89
1585157437690 0.3117089867591858 90
1585157471042 0.3167397081851959 91
1585157504048 0.31588172912597656 92
1585157536912 0.3123587965965271 93
1585157570321 0.3199446201324463 94
1585157603705 0.3166276216506958 95
1585157637050 0.32437682151794434 96
1585157670925 0.31730303168296814 97
1585157704180 0.32322758436203003 98
1585157738474 0.3295794725418091 99
1585157771971 0.32642418146133423 100
1585157805105 0.32731926441192627 101
1585157838279 0.33070552349090576 102
1585157871280 0.3374987244606018 103
1585157904328 0.33017730712890625 104
1585157938157 0.33263126015663147 105
1585157971372 0.33288753032684326 106
1585158004522 0.3372327387332916 107
1585158037432 0.33560097217559814 108
1585158070639 0.3373837172985077 109
1585158104230 0.3368310034275055 110
1585158137422 0.3378250002861023 111
1585158170919 0.3369351029396057 112
1585158204015 0.3405619263648987 113
1585158237515 0.3338838219642639 114
1585158270949 0.3371680974960327 115
1585158304219 0.33535143733024597 116
1585158337467 0.33494094014167786 117
1585158370995 0.3404069244861603 118
1585158404007 0.33290714025497437 119
1585158436736 0.33071112632751465 120
