1585154435445 0.03085637465119362 0
1585154468851 0.006961081176996231 1
1585154502531 0.00447604525834322 2
1585154535512 0.006789582781493664 3
1585154568720 0.010487680323421955 4
1585154601860 0.014186801388859749 5
1585154635122 0.012128186412155628 6
1585154668653 0.005668244790285826 7
1585154702038 0.003439257387071848 8
1585154735223 0.0013956676702946424 9
1585154768759 0.003642789553850889 10
1585154802193 0.004732149187475443 11
1585154835545 0.007328524254262447 12
1585154868536 0.010676024481654167 13
1585154902014 0.01335512101650238 14
1585154935363 0.01511650625616312 15
1585154968346 0.01639881171286106 16
1585155001817 0.0174757968634367 17
1585155035203 0.017812976613640785 18
1585155068276 0.01691293716430664 19
1585155101553 0.016459036618471146 20
1585155134799 0.014830120839178562 21
1585155167571 0.01314193569123745 22
1585155200658 0.012519779615104198 23
1585155233655 0.011776089668273926 24
1585155266797 0.011329593136906624 25
1585155300036 0.010650519281625748 26
1585155333266 0.009773213416337967 27
1585155366514 0.008948399685323238 28
1585155399937 0.00906300637871027 29
1585155433296 0.009264657273888588 30
1585155466360 0.009344954043626785 31
1585155499890 0.00942629761993885 32
1585155533009 0.010376492515206337 33
1585155566292 0.010372567921876907 34
1585155599534 0.010582567192614079 35
1585155633140 0.010759471915662289 36
1585155666368 0.011231102980673313 37
1585155700193 0.011531312018632889 38
1585155733396 0.011335620656609535 39
1585155766854 0.009969048202037811 40
1585155799878 0.010667862370610237 41
1585155833365 0.009617378003895283 42
1585155866635 0.009047489613294601 43
1585155900176 0.009654591791331768 44
1585155933321 0.008723767474293709 45
1585155966328 0.008712911047041416 46
1585155999420 0.00813540630042553 47
1585156032513 0.009375190362334251 48
1585156065899 0.007963499054312706 49
1585156099494 0.007774021476507187 50
1585156132590 0.007991030812263489 51
1585156166377 0.007418758235871792 52
1585156199997 0.007630270905792713 53
1585156234874 0.007562087848782539 54
1585156267880 0.00712510384619236 55
1585156301113 0.007355238310992718 56
1585156334279 0.006843895651400089 57
1585156367821 0.006312127225100994 58
1585156401166 0.006581012159585953 59
1585156434542 0.007065110839903355 60
1585156468888 0.006189881823956966 61
1585156502192 0.005914471112191677 62
1585156535301 0.005750712007284164 63
1585156568716 0.00638040853664279 64
1585156602402 0.006029839627444744 65
1585156635868 0.005959314294159412 66
1585156669344 0.005528075620532036 67
1585156702476 0.0056239464320242405 68
1585156735640 0.005549754947423935 69
1585156769207 0.005749056115746498 70
1585156802410 0.005211682058870792 71
1585156835743 0.004851995967328548 72
1585156869093 0.005315033718943596 73
1585156902609 0.004737110808491707 74
1585156935990 0.004969479516148567 75
1585156969674 0.004688571207225323 76
1585157002665 0.00438047107309103 77
1585157036130 0.004714395850896835 78
1585157069307 0.004461029078811407 79
1585157102684 0.004445038735866547 80
1585157136272 0.0040587252005934715 81
1585157169482 0.004121902398765087 82
1585157203046 0.0037024037446826696 83
1585157236914 0.0036130379885435104 84
1585157270725 0.0038134786300361156 85
1585157303808 0.004517918452620506 86
1585157336875 0.0032525057904422283 87
1585157371188 0.004044375382363796 88
1585157404754 0.0027219383046031 89
1585157437690 0.0026428892742842436 90
1585157471042 0.0031946012750267982 91
1585157504048 0.003692588536068797 92
1585157536912 0.003053292166441679 93
1585157570321 0.0026567697059363127 94
1585157603705 0.003513798350468278 95
1585157637050 0.0020765368826687336 96
1585157670925 0.0034553208388388157 97
1585157704180 0.0029055150225758553 98
1585157738474 0.0032257377170026302 99
1585157771971 0.0017052339389920235 100
1585157805105 0.002230813028290868 101
1585157838279 0.001639092806726694 102
1585157871280 0.0025848594959825277 103
1585157904328 0.0018260842189192772 104
1585157938157 0.002675378695130348 105
1585157971372 0.002532603917643428 106
1585158004522 0.002613718155771494 107
1585158037432 0.0020486339926719666 108
1585158070639 0.0012721281964331865 109
1585158104230 0.0028743273578584194 110
1585158137422 0.002191163133829832 111
1585158170919 0.0017993093933910131 112
1585158204015 0.0016872314736247063 113
1585158237515 0.0016978788189589977 114
1585158270949 0.00193156604655087 115
1585158304219 0.0019418173469603062 116
1585158337467 0.0014676181599497795 117
1585158370995 0.002157640177756548 118
1585158404007 0.002118813106790185 119
1585158436736 0.0015116141876205802 120
