1585154435445 0.30811119079589844 0
1585154468851 0.4412682056427002 1
1585154502531 0.6085289120674133 2
1585154535512 0.6736812591552734 3
1585154568720 0.67976313829422 4
1585154601860 0.6757315397262573 5
1585154635122 0.67746502161026 6
1585154668653 0.6831059455871582 7
1585154702038 0.6787254810333252 8
1585154735223 0.6789222955703735 9
1585154768759 0.6816486120223999 10
1585154802193 0.6809662580490112 11
1585154835545 0.6994398236274719 12
1585154868536 0.7092470526695251 13
1585154902014 0.7379134893417358 14
1585154935363 0.7605730295181274 15
1585154968346 0.7650623321533203 16
1585155001817 0.7844583988189697 17
1585155035203 0.7866083383560181 18
1585155068276 0.7940850257873535 19
1585155101553 0.7961211204528809 20
1585155134799 0.7872596979141235 21
1585155167571 0.772408664226532 22
1585155200658 0.7963371276855469 23
1585155233655 0.7827470898628235 24
1585155266797 0.790359616279602 25
1585155300036 0.7889187335968018 26
1585155333266 0.7940324544906616 27
1585155366514 0.7914628982543945 28
1585155399937 0.8084324598312378 29
1585155433296 0.8131023645401001 30
1585155466360 0.8211577534675598 31
1585155499890 0.825107753276825 32
1585155533009 0.8450677394866943 33
1585155566292 0.8438634276390076 34
1585155599534 0.8415824770927429 35
1585155633140 0.8463871479034424 36
1585155666368 0.8490391373634338 37
1585155700193 0.8589433431625366 38
1585155733396 0.8526802659034729 39
1585155766854 0.8553034067153931 40
1585155799878 0.8576799631118774 41
1585155833365 0.8593195080757141 42
1585155866635 0.8546537160873413 43
1585155900176 0.8654554486274719 44
1585155933321 0.8575739860534668 45
1585155966328 0.8561104536056519 46
1585155999420 0.8596524000167847 47
1585156032513 0.8639656901359558 48
1585156065899 0.859288215637207 49
1585156099494 0.8556220531463623 50
1585156132590 0.8669414520263672 51
1585156166377 0.8570802807807922 52
1585156199997 0.8679583072662354 53
1585156234874 0.8615628480911255 54
1585156267880 0.8578992486000061 55
1585156301113 0.8630144596099854 56
1585156334279 0.8642200827598572 57
1585156367821 0.8690798282623291 58
1585156401166 0.8636618852615356 59
1585156434542 0.8670555353164673 60
1585156468888 0.8660702109336853 61
1585156502192 0.8557243347167969 62
1585156535301 0.8619322776794434 63
1585156568716 0.8631665706634521 64
1585156602402 0.8604122996330261 65
1585156635868 0.8626621961593628 66
1585156669344 0.8646210432052612 67
1585156702476 0.8675664663314819 68
1585156735640 0.8635636568069458 69
1585156769207 0.8579698204994202 70
1585156802410 0.8601149320602417 71
1585156835743 0.8566662073135376 72
1585156869093 0.8701227903366089 73
1585156902609 0.8626410961151123 74
1585156935990 0.8648147583007812 75
1585156969674 0.8629345893859863 76
1585157002665 0.8599197268486023 77
1585157036130 0.8597585558891296 78
1585157069307 0.8559297919273376 79
1585157102684 0.8650246858596802 80
1585157136272 0.856168270111084 81
1585157169482 0.8572165966033936 82
1585157203046 0.8470613956451416 83
1585157236914 0.8520054221153259 84
1585157270725 0.8545002341270447 85
1585157303808 0.8646904826164246 86
1585157336875 0.8584572076797485 87
1585157371188 0.8601648807525635 88
1585157404754 0.8589592576026917 89
1585157437690 0.8578755259513855 90
1585157471042 0.8554162979125977 91
1585157504048 0.8545973300933838 92
1585157536912 0.8557175397872925 93
1585157570321 0.8547348976135254 94
1585157603705 0.851976752281189 95
1585157637050 0.8484324216842651 96
1585157670925 0.8521234393119812 97
1585157704180 0.8503021001815796 98
1585157738474 0.8504241108894348 99
1585157771971 0.8485950231552124 100
1585157805105 0.8485099077224731 101
1585157838279 0.8463331460952759 102
1585157871280 0.8443772196769714 103
1585157904328 0.8462640047073364 104
1585157938157 0.8477614521980286 105
1585157971372 0.8504687547683716 106
1585158004522 0.8473069667816162 107
1585158037432 0.8456519842147827 108
1585158070639 0.845015287399292 109
1585158104230 0.8474395275115967 110
1585158137422 0.8410606384277344 111
1585158170919 0.846418559551239 112
1585158204015 0.8416950106620789 113
1585158237515 0.8452470302581787 114
1585158270949 0.8423774242401123 115
1585158304219 0.8427339792251587 116
1585158337467 0.8458316326141357 117
1585158370995 0.8425977826118469 118
1585158404007 0.8500794768333435 119
1585158436736 0.8503180742263794 120
