1585016067505 0.03446386754512787 0
1585016100608 0.008651548065245152 1
1585016133932 0.006249952130019665 2
1585016168047 0.010491324588656425 3
1585016201443 0.016841942444443703 4
1585016236230 0.024015722796320915 5
1585016270099 0.023849589750170708 6
1585016303698 0.014409825205802917 7
1585016337726 0.01124334242194891 8
1585016371209 0.004561466630548239 9
1585016405234 0.0033765940461307764 10
1585016438927 0.001988479634746909 11
1585016472342 0.004057682119309902 12
1585016505715 0.007535768207162619 13
1585016539156 0.011294458992779255 14
1585016572551 0.013886358588933945 15
1585016605815 0.015702281147241592 16
1585016639603 0.017148489132523537 17
1585016673516 0.017338179051876068 18
1585016707235 0.01791561022400856 19
1585016741405 0.017161458730697632 20
1585016775793 0.0164959579706192 21
1585016809084 0.015173569321632385 22
1585016842483 0.014214386232197285 23
1585016876877 0.013692478649318218 24
1585016910632 0.012324397452175617 25
1585016944079 0.011998850852251053 26
1585016977332 0.010562960058450699 27
1585017010732 0.010126760229468346 28
1585017043825 0.01028701663017273 29
1585017077274 0.010355530306696892 30
1585017111898 0.0097309285774827 31
1585017145472 0.009502069093286991 32
1585017179665 0.00975753553211689 33
1585017213937 0.009616534225642681 34
1585017247389 0.009658838622272015 35
1585017281057 0.009127981960773468 36
1585017314547 0.009816785342991352 37
1585017348066 0.009845519438385963 38
1585017381483 0.009417292661964893 39
1585017414858 0.0083141615614295 40
1585017448152 0.008901990018785 41
1585017481786 0.008571078069508076 42
1585017515003 0.008453233167529106 43
1585017548555 0.008523521013557911 44
1585017582606 0.007829555310308933 45
1585017615863 0.007900696247816086 46
1585017649779 0.007308150175958872 47
1585017683245 0.007899869233369827 48
1585017716556 0.007622185628861189 49
1585017749638 0.007539820391684771 50
1585017783233 0.008207239210605621 51
1585017816947 0.007092719431966543 52
1585017850258 0.008361543528735638 53
1585017884053 0.007371861021965742 54
1585017917410 0.006836591754108667 55
1585017952792 0.007381410337984562 56
1585017986312 0.007892326451838017 57
1585018020218 0.008011705242097378 58
1585018053639 0.007450766861438751 59
1585018087109 0.008827210403978825 60
1585018120966 0.008445043116807938 61
1585018154081 0.007575049996376038 62
1585018187541 0.007761274930089712 63
1585018221068 0.007889715023338795 64
1585018254803 0.0075646028853952885 65
1585018288262 0.007982242852449417 66
1585018322069 0.007845607586205006 67
1585018355345 0.007679319474846125 68
1585018388853 0.007912625558674335 69
1585018422025 0.0074287899769842625 70
1585018455951 0.008667699061334133 71
1585018489164 0.007097271736711264 72
1585018522390 0.007972095161676407 73
1585018555781 0.008327187970280647 74
1585018589600 0.00806389469653368 75
1585018623248 0.008324104361236095 76
1585018656562 0.008127340115606785 77
1585018690356 0.007494905963540077 78
1585018724172 0.008259453810751438 79
1585018757744 0.008796480484306812 80
1585018791203 0.007954942062497139 81
1585018825075 0.006552089471369982 82
1585018858477 0.008079062215983868 83
1585018891572 0.00833025574684143 84
1585018925233 0.008373863063752651 85
1585018958786 0.008750008419156075 86
1585018992632 0.008107224479317665 87
1585019026066 0.009415444917976856 88
1585019059679 0.008378511294722557 89
1585019093247 0.008740304969251156 90
1585019127052 0.008912664838135242 91
1585019160840 0.00862354040145874 92
1585019194035 0.009013199247419834 93
1585019227470 0.009249366819858551 94
1585019260809 0.009511572308838367 95
1585019294427 0.009512880817055702 96
1585019327985 0.010589735582470894 97
1585019361084 0.008707502856850624 98
1585019394541 0.00901821069419384 99
1585019427813 0.009447273798286915 100
1585019461271 0.009011272341012955 101
1585019494944 0.009942411445081234 102
1585019528621 0.00896716583520174 103
1585019561744 0.009138786233961582 104
1585019594918 0.009121919982135296 105
1585019628720 0.008632550947368145 106
1585019661859 0.007900643162429333 107
1585019695156 0.009456749074161053 108
1585019729163 0.009182502515614033 109
1585019762817 0.008671524934470654 110
1585019796612 0.010272364132106304 111
1585019830487 0.009669620543718338 112
1585019864188 0.00869483221322298 113
1585019898124 0.009984428994357586 114
1585019932414 0.00936280470341444 115
1585019965554 0.009130262769758701 116
1585019999436 0.009076450951397419 117
1585020032703 0.008534502238035202 118
1585020065852 0.008849681355059147 119
1585020099206 0.009478561580181122 120
1585020133257 0.009796869941055775 121
1585020167280 0.008930248208343983 122
1585020200808 0.009527517482638359 123
1585020234792 0.00997387245297432 124
1585020268654 0.008987314067780972 125
1585020302293 0.009749336168169975 126
1585020335635 0.008819395676255226 127
1585020368952 0.008891505189239979 128
1585020402399 0.01001132745295763 129
1585020436012 0.008536683395504951 130
1585020469375 0.008404972031712532 131
1585020503207 0.009663065895438194 132
1585020536577 0.00828353688120842 133
1585020570366 0.008525715209543705 134
1585020603867 0.009495381265878677 135
1585020637785 0.009168973192572594 136
1585020671094 0.008622058667242527 137
1585020705370 0.008590448647737503 138
1585020738824 0.009449515491724014 139
1585020772571 0.009888581931591034 140
1585020808453 0.009764116257429123 141
1585020842612 0.010317306965589523 142
1585020876552 0.008983527310192585 143
1585020910379 0.008924002759158611 144
1585020943578 0.009279993362724781 145
1585020977305 0.009897773154079914 146
1585021011366 0.009554033167660236 147
1585021044850 0.009730127640068531 148
1585021078513 0.008693484589457512 149
1585021112333 0.009353597648441792 150
1585021145654 0.010192932561039925 151
1585021180089 0.009851942770183086 152
1585021214183 0.009634512476623058 153
1585021247592 0.009977899491786957 154
1585021281021 0.009817681275308132 155
1585021314821 0.009371587075293064 156
1585021348365 0.009314032271504402 157
1585021381567 0.010210676118731499 158
1585021415204 0.009097346104681492 159
1585021448598 0.010210290551185608 160
1585021483021 0.010507266968488693 161
1585021517419 0.009707861579954624 162
1585021551194 0.009565540589392185 163
1585021584580 0.009481268934905529 164
1585021617763 0.010213491506874561 165
1585021651553 0.00953522976487875 166
1585021684870 0.00906797219067812 167
1585021718226 0.009143135510385036 168
1585021751652 0.009644217789173126 169
1585021785483 0.009578154422342777 170
1585021819297 0.009747729636728764 171
1585021853877 0.009533380158245564 172
1585021887755 0.010421969927847385 173
1585021921479 0.009176766499876976 174
1585021954648 0.010346665978431702 175
1585021988558 0.010082815773785114 176
1585022021836 0.009216544218361378 177
1585022055324 0.00989603903144598 178
1585022088800 0.008951966650784016 179
1585022122232 0.009936113841831684 180
1585022156556 0.009058857336640358 181
1585022189901 0.009981256909668446 182
1585022224125 0.008557935245335102 183
1585022258178 0.009454510174691677 184
1585022291585 0.009034741669893265 185
1585022325271 0.009957617148756981 186
1585022358668 0.009975266642868519 187
1585022393445 0.0094717126339674 188
1585022426896 0.009880549274384975 189
1585022460680 0.008849643170833588 190
1585022494132 0.009353209286928177 191
1585022528102 0.009418141096830368 192
1585022561308 0.009197560139000416 193
1585022594509 0.010061404667794704 194
1585022628152 0.009953536093235016 195
1585022661619 0.009279325604438782 196
1585022695157 0.008626395836472511 197
1585022728690 0.009225202724337578 198
1585022762367 0.00960216112434864 199
1585022795504 0.009203179739415646 200
1585022829154 0.010103515349328518 201
1585022862508 0.008926955051720142 202
1585022896071 0.009461723268032074 203
1585022929232 0.010501617565751076 204
1585022963034 0.009069018065929413 205
1585022996656 0.009725266136229038 206
1585023030253 0.00947652105242014 207
1585023063653 0.009454965591430664 208
1585023097491 0.009768906980752945 209
1585023131213 0.00978047214448452 210
1585023164700 0.009591332636773586 211
1585023198434 0.008604216389358044 212
1585023231749 0.009609845466911793 213
1585023265141 0.008440665900707245 214
1585023298855 0.009977136738598347 215
1585023332053 0.009597103111445904 216
1585023365505 0.009244287386536598 217
1585023398663 0.008952365256845951 218
1585023432152 0.010204960592091084 219
1585023465935 0.007845061831176281 220
1585023499288 0.0094328997656703 221
1585023532850 0.009754671715199947 222
1585023566236 0.008989042602479458 223
1585023599899 0.009314756840467453 224
1585023633373 0.009085428901016712 225
1585023666896 0.010104306973516941 226
1585023700079 0.00894029252231121 227
1585023733136 0.008841280825436115 228
1585023765931 0.008863359689712524 229
1585023798572 0.008277692832052708 230
1585023831233 0.009676205925643444 231
1585023863682 0.008109594695270061 232
1585023896356 0.008715242147445679 233
1585023928770 0.008520877920091152 234
1585023961437 0.009254229255020618 235
1585023993793 0.008598856627941132 236
1585024026525 0.009037623181939125 237
1585024059055 0.00900382548570633 238
1585024091744 0.010203273966908455 239
1585024124456 0.008417719043791294 240
1585024157295 0.009484678506851196 241
1585024189853 0.008511688560247421 242
1585024222718 0.009530504234135151 243
1585024255518 0.008789983578026295 244
1585024288312 0.009397340007126331 245
1585024321448 0.009274953976273537 246
1585024353835 0.009233759716153145 247
1585024386766 0.010025221854448318 248
1585024419608 0.00829346850514412 249
1585024452892 0.010111798532307148 250
1585024486287 0.009285102598369122 251
1585024519762 0.00871959887444973 252
1585024552895 0.008481600321829319 253
1585024586109 0.009099592454731464 254
1585024619320 0.009148768149316311 255
1585024652575 0.00888543389737606 256
1585024685884 0.009640929289162159 257
1585024719241 0.007553168572485447 258
1585024752406 0.009563975036144257 259
1585024785734 0.008135379292070866 260
1585024819652 0.008691268041729927 261
1585024852828 0.00792972557246685 262
1585024886551 0.009397134184837341 263
1585024919831 0.00970559474080801 264
1585024952924 0.008877421729266644 265
1585024986222 0.00892094150185585 266
1585025019328 0.008969238959252834 267
1585025052304 0.009502379223704338 268
1585025085361 0.00918649509549141 269
1585025118288 0.009543921798467636 270
1585025151373 0.00975594948977232 271
1585025184523 0.007994495332241058 272
1585025217958 0.009514941833913326 273
1585025251182 0.009554248303174973 274
1585025285220 0.009243232198059559 275
1585025318375 0.00840455200523138 276
1585025352059 0.009331249631941319 277
1585025385531 0.008115743286907673 278
1585025418947 0.009140261448919773 279
1585025452160 0.008678464218974113 280
1585025486844 0.009183421730995178 281
1585025520082 0.008997463621199131 282
1585025553121 0.008180858567357063 283
1585025586041 0.008853022940456867 284
1585025618865 0.00885873194783926 285
1585025651803 0.00843718834221363 286
1585025684450 0.009497259743511677 287
1585025717218 0.008173317648470402 288
1585025749723 0.009144412353634834 289
1585025782444 0.008971855975687504 290
1585025814988 0.007639724295586348 291
1585025847672 0.008462755009531975 292
1585025880245 0.008401154540479183 293
1585025912800 0.008970175869762897 294
1585025945630 0.00912876334041357 295
1585025978320 0.008957740850746632 296
1585026011662 0.009242186322808266 297
1585026044301 0.008081995882093906 298
1585026076812 0.008925608359277248 299
1585026109426 0.009430261328816414 300
