1585016067505 0.8505749702453613 0
1585016100608 0.7582588195800781 1
1585016133932 0.7078867554664612 2
1585016168047 0.6801301836967468 3
1585016201443 0.6754475235939026 4
1585016236230 0.6602656841278076 5
1585016270099 0.6457200646400452 6
1585016303698 0.6216797232627869 7
1585016337726 0.6052224636077881 8
1585016371209 0.5718501210212708 9
1585016405234 0.5562986135482788 10
1585016438927 0.5302959084510803 11
1585016472342 0.5130652189254761 12
1585016505715 0.4972380995750427 13
1585016539156 0.4811260402202606 14
1585016572551 0.47060686349868774 15
1585016605815 0.4617390036582947 16
1585016639603 0.4516615867614746 17
1585016673516 0.44345393776893616 18
1585016707235 0.4297003746032715 19
1585016741405 0.42340755462646484 20
1585016775793 0.4110819399356842 21
1585016809084 0.4052536189556122 22
1585016842483 0.39615628123283386 23
1585016876877 0.38616713881492615 24
1585016910632 0.3826274573802948 25
1585016944079 0.3765341341495514 26
1585016977332 0.3726392984390259 27
1585017010732 0.36751022934913635 28
1585017043825 0.3626644015312195 29
1585017077274 0.35722681879997253 30
1585017111898 0.35529014468193054 31
1585017145472 0.35607919096946716 32
1585017179665 0.3488631844520569 33
1585017213937 0.3443984389305115 34
1585017247389 0.3399258255958557 35
1585017281057 0.3440191149711609 36
1585017314547 0.33535081148147583 37
1585017348066 0.3328835666179657 38
1585017381483 0.3291316628456116 39
1585017414858 0.3309035897254944 40
1585017448152 0.3254822790622711 41
1585017481786 0.32477107644081116 42
1585017515003 0.3222702145576477 43
1585017548555 0.31760355830192566 44
1585017582606 0.32133933901786804 45
1585017615863 0.3170544505119324 46
1585017649779 0.31605497002601624 47
1585017683245 0.30925530195236206 48
1585017716556 0.3081246614456177 49
1585017749638 0.30645397305488586 50
1585017783233 0.30040767788887024 51
1585017816947 0.30614012479782104 52
1585017850258 0.2951847314834595 53
1585017884053 0.3029177486896515 54
1585017917410 0.3034694194793701 55
1585017952792 0.2992987036705017 56
1585017986312 0.293941468000412 57
1585018020218 0.2927929162979126 58
1585018053639 0.29378360509872437 59
1585018087109 0.2868563234806061 60
1585018120966 0.2822595536708832 61
1585018154081 0.2875252664089203 62
1585018187541 0.29562124609947205 63
1585018221068 0.2815944254398346 64
1585018254803 0.28425708413124084 65
1585018288262 0.28466564416885376 66
1585018322069 0.2784658372402191 67
1585018355345 0.2808528244495392 68
1585018388853 0.2777598202228546 69
1585018422025 0.2823368310928345 70
1585018455951 0.27042844891548157 71
1585018489164 0.28149110078811646 72
1585018522390 0.2720779478549957 73
1585018555781 0.27063602209091187 74
1585018589600 0.2702755033969879 75
1585018623248 0.2684788107872009 76
1585018656562 0.26810142397880554 77
1585018690356 0.27362385392189026 78
1585018724172 0.2677869200706482 79
1585018757744 0.2597406506538391 80
1585018791203 0.27076709270477295 81
1585018825075 0.2709738612174988 82
1585018858477 0.28423234820365906 83
1585018891572 0.26347076892852783 84
1585018925233 0.2658040225505829 85
1585018958786 0.25516554713249207 86
1585018992632 0.26112356781959534 87
1585019026066 0.25017181038856506 88
1585019059679 0.2545706629753113 89
1585019093247 0.2538014352321625 90
1585019127052 0.2527257204055786 91
1585019160840 0.25465476512908936 92
1585019194035 0.24941685795783997 93
1585019227470 0.24918760359287262 94
1585019260809 0.24338775873184204 95
1585019294427 0.2446805089712143 96
1585019327985 0.24367009103298187 97
1585019361084 0.25149884819984436 98
1585019394541 0.24802565574645996 99
1585019427813 0.24086067080497742 100
1585019461271 0.24664361774921417 101
1585019494944 0.24178361892700195 102
1585019528621 0.24418476223945618 103
1585019561744 0.24054676294326782 104
1585019594918 0.24862170219421387 105
1585019628720 0.23852045834064484 106
1585019661859 0.2446238249540329 107
1585019695156 0.2385973483324051 108
1585019729163 0.23483724892139435 109
1585019762817 0.2425040453672409 110
1585019796612 0.2301110178232193 111
1585019830487 0.23461733758449554 112
1585019864188 0.24045896530151367 113
1585019898124 0.2285449057817459 114
1585019932414 0.23640860617160797 115
1585019965554 0.23819589614868164 116
1585019999436 0.22959144413471222 117
1585020032703 0.23740972578525543 118
1585020065852 0.2324712872505188 119
1585020099206 0.22637134790420532 120
1585020133257 0.23038265109062195 121
1585020167280 0.23137728869915009 122
1585020200808 0.2302175611257553 123
1585020234792 0.22273631393909454 124
1585020268654 0.23091237246990204 125
1585020302293 0.2210383117198944 126
1585020335635 0.22429104149341583 127
1585020368952 0.2271333485841751 128
1585020402399 0.2204558253288269 129
1585020436012 0.22760698199272156 130
1585020469375 0.22964592278003693 131
1585020503207 0.22148394584655762 132
1585020536577 0.2367103099822998 133
1585020570366 0.22492964565753937 134
1585020603867 0.2184499204158783 135
1585020637785 0.2206566333770752 136
1585020671094 0.22124695777893066 137
1585020705370 0.21824009716510773 138
1585020738824 0.22129853069782257 139
1585020772571 0.21637755632400513 140
1585020808453 0.21301957964897156 141
1585020842612 0.212284117937088 142
1585020876552 0.2190152257680893 143
1585020910379 0.2145608514547348 144
1585020943578 0.21151766180992126 145
1585020977305 0.21245558559894562 146
1585021011366 0.21527501940727234 147
1585021044850 0.21069231629371643 148
1585021078513 0.2289953976869583 149
1585021112333 0.21020740270614624 150
1585021145654 0.2092636078596115 151
1585021180089 0.20633167028427124 152
1585021214183 0.2106695920228958 153
1585021247592 0.20778639614582062 154
1585021281021 0.20640885829925537 155
1585021314821 0.21005983650684357 156
1585021348365 0.20875364542007446 157
1585021381567 0.20196010172367096 158
1585021415204 0.20929235219955444 159
1585021448598 0.19699054956436157 160
1585021483021 0.2017287164926529 161
1585021517419 0.20293259620666504 162
1585021551194 0.20221096277236938 163
1585021584580 0.2078385055065155 164
1585021617763 0.19754424691200256 165
1585021651553 0.2002972960472107 166
1585021684870 0.20354634523391724 167
1585021718226 0.20333199203014374 168
1585021751652 0.1995944380760193 169
1585021785483 0.2021588534116745 170
1585021819297 0.19507744908332825 171
1585021853877 0.1982486993074417 172
1585021887755 0.19568826258182526 173
1585021921479 0.19723089039325714 174
1585021954648 0.1908217966556549 175
1585021988558 0.19329914450645447 176
1585022021836 0.20076365768909454 177
1585022055324 0.20053011178970337 178
1585022088800 0.19910456240177155 179
1585022122232 0.1938459873199463 180
1585022156556 0.19487932324409485 181
1585022189901 0.19283248484134674 182
1585022224125 0.20033322274684906 183
1585022258178 0.19128082692623138 184
1585022291585 0.19949324429035187 185
1585022325271 0.19003894925117493 186
1585022358668 0.1926298886537552 187
1585022393445 0.18937183916568756 188
1585022426896 0.19001446664333344 189
1585022460680 0.19601479172706604 190
1585022494132 0.18954354524612427 191
1585022528102 0.18916144967079163 192
1585022561308 0.19041483104228973 193
1585022594509 0.18697315454483032 194
1585022628152 0.18384778499603271 195
1585022661619 0.1903436928987503 196
1585022695157 0.1925780475139618 197
1585022728690 0.1889774203300476 198
1585022762367 0.1852549910545349 199
1585022795504 0.1896667182445526 200
1585022829154 0.18233618140220642 201
1585022862508 0.19774189591407776 202
1585022896071 0.1840655505657196 203
1585022929232 0.17692036926746368 204
1585022963034 0.18830770254135132 205
1585022996656 0.18123020231723785 206
1585023030253 0.1894051879644394 207
1585023063653 0.1827714890241623 208
1585023097491 0.17968983948230743 209
1585023131213 0.1801651418209076 210
1585023164700 0.18514998257160187 211
1585023198434 0.18116804957389832 212
1585023231749 0.18124014139175415 213
1585023265141 0.18701082468032837 214
1585023298855 0.17958109080791473 215
1585023332053 0.17783395946025848 216
1585023365505 0.18006569147109985 217
1585023398663 0.17964912950992584 218
1585023432152 0.17466095089912415 219
1585023465935 0.18971385061740875 220
1585023499288 0.17799915373325348 221
1585023532850 0.17230422794818878 222
1585023566236 0.18252108991146088 223
1585023599899 0.17467589676380157 224
1585023633373 0.17665648460388184 225
1585023666896 0.17120058834552765 226
1585023700079 0.18067562580108643 227
1585023733136 0.1777447760105133 228
1585023765931 0.1778002232313156 229
1585023798572 0.18607103824615479 230
1585023831233 0.17243045568466187 231
1585023863682 0.18140138685703278 232
1585023896356 0.17981697618961334 233
1585023928770 0.1796576976776123 234
1585023961437 0.17350716888904572 235
1585023993793 0.1773388683795929 236
1585024026525 0.17568126320838928 237
1585024059055 0.17535024881362915 238
1585024091744 0.16767139732837677 239
1585024124456 0.17954306304454803 240
1585024157295 0.16730470955371857 241
1585024189853 0.17104367911815643 242
1585024222718 0.16938291490077972 243
1585024255518 0.17230069637298584 244
1585024288312 0.16900217533111572 245
1585024321448 0.16796191036701202 246
1585024353835 0.16500581800937653 247
1585024386766 0.16222265362739563 248
1585024419608 0.17439720034599304 249
1585024452892 0.1685364842414856 250
1585024486287 0.1665726602077484 251
1585024519762 0.1766587346792221 252
1585024552895 0.1759757250547409 253
1585024586109 0.16851480305194855 254
1585024619320 0.16760174930095673 255
1585024652575 0.1719350963830948 256
1585024685884 0.16231994330883026 257
1585024719241 0.18703889846801758 258
1585024752406 0.16423793137073517 259
1585024785734 0.17234456539154053 260
1585024819652 0.16897642612457275 261
1585024852828 0.17003081738948822 262
1585024886551 0.1648206263780594 263
1585024919831 0.16058418154716492 264
1585024952924 0.16717950999736786 265
1585024986222 0.1631758213043213 266
1585025019328 0.16076527535915375 267
1585025052304 0.16180498898029327 268
1585025085361 0.16837002336978912 269
1585025118288 0.15855738520622253 270
1585025151373 0.1572960764169693 271
1585025184523 0.1731584668159485 272
1585025217958 0.15834075212478638 273
1585025251182 0.15797793865203857 274
1585025285220 0.15957093238830566 275
1585025318375 0.166499063372612 276
1585025352059 0.16340385377407074 277
1585025385531 0.1699664443731308 278
1585025418947 0.1635676473379135 279
1585025452160 0.1593005508184433 280
1585025486844 0.16042597591876984 281
1585025520082 0.16222961246967316 282
1585025553121 0.16500312089920044 283
1585025586041 0.15655359625816345 284
1585025618865 0.16419655084609985 285
1585025651803 0.15925297141075134 286
1585025684450 0.15322355926036835 287
1585025717218 0.17189174890518188 288
1585025749723 0.15833616256713867 289
1585025782444 0.157194122672081 290
1585025814988 0.1699203997850418 291
1585025847672 0.1596759408712387 292
1585025880245 0.15951648354530334 293
1585025912800 0.15600627660751343 294
1585025945630 0.15141265094280243 295
1585025978320 0.16127847135066986 296
1585026011662 0.1509581208229065 297
1585026044301 0.16526545584201813 298
1585026076812 0.16912157833576202 299
1585026109426 0.1490127146244049 300
