1585016067505 0.28348657488822937 0
1585016100608 0.42678162455558777 1
1585016133932 0.6142145395278931 2
1585016168047 0.67954021692276 3
1585016201443 0.676436722278595 4
1585016236230 0.6772413849830627 5
1585016270099 0.677241325378418 6
1585016303698 0.6796551942825317 7
1585016337726 0.676436722278595 8
1585016371209 0.6812644004821777 9
1585016405234 0.6756321787834167 10
1585016438927 0.680766224861145 11
1585016472342 0.6963217854499817 12
1585016505715 0.6991570591926575 13
1585016539156 0.7262069582939148 14
1585016572551 0.7579310536384583 15
1585016605815 0.7760153412818909 16
1585016639603 0.7924520969390869 17
1585016673516 0.7950958013534546 18
1585016707235 0.8160919547080994 19
1585016741405 0.802758514881134 20
1585016775793 0.8111494183540344 21
1585016809084 0.8068199157714844 22
1585016842483 0.8139846920967102 23
1585016876877 0.8286207318305969 24
1585016910632 0.8216474652290344 25
1585016944079 0.8154788613319397 26
1585016977332 0.8119539618492126 27
1585017010732 0.8252873420715332 28
1585017043825 0.8254788517951965 29
1585017077274 0.8243677616119385 30
1585017111898 0.8354789018630981 31
1585017145472 0.8285440802574158 32
1585017179665 0.8259003758430481 33
1585017213937 0.8475095629692078 34
1585017247389 0.8480076789855957 35
1585017281057 0.8368965983390808 36
1585017314547 0.8421455025672913 37
1585017348066 0.8423755168914795 38
1585017381483 0.8568965792655945 39
1585017414858 0.842260479927063 40
1585017448152 0.8531800508499146 41
1585017481786 0.8519539833068848 42
1585017515003 0.8496168255805969 43
1585017548555 0.8630651235580444 44
1585017582606 0.8495402336120605 45
1585017615863 0.8539846539497375 46
1585017649779 0.8460920453071594 47
1585017683245 0.8472030758857727 48
1585017716556 0.8629501461982727 49
1585017749638 0.8613409996032715 50
1585017783233 0.8768965601921082 51
1585017816947 0.8460919857025146 52
1585017850258 0.8699234127998352 53
1585017884053 0.8665899634361267 54
1585017917410 0.8583141565322876 55
1585017952792 0.8652873635292053 56
1585017986312 0.8681992292404175 57
1585018020218 0.8713410496711731 58
1585018053639 0.8777011036872864 59
1585018087109 0.8726437091827393 60
1585018120966 0.8804214596748352 61
1585018154081 0.8737547993659973 62
1585018187541 0.8619540333747864 63
1585018221068 0.8699234127998352 64
1585018254803 0.8802298903465271 65
1585018288262 0.8775861859321594 66
1585018322069 0.8781991600990295 67
1585018355345 0.873869776725769 68
1585018388853 0.8751723766326904 69
1585018422025 0.8794253468513489 70
1585018455951 0.8810345530509949 71
1585018489164 0.8799232840538025 72
1585018522390 0.8891187310218811 73
1585018555781 0.8824520707130432 74
1585018589600 0.8819540143013 75
1585018623248 0.8883141279220581 76
1585018656562 0.8846743702888489 77
1585018690356 0.8878927230834961 78
1585018724172 0.888007640838623 79
1585018757744 0.8970881700515747 80
1585018791203 0.883678138256073 81
1585018825075 0.8802298903465271 82
1585018858477 0.867241382598877 83
1585018891572 0.8980076313018799 84
1585018925233 0.8918390274047852 85
1585018958786 0.889616847038269 86
1585018992632 0.8957854509353638 87
1585019026066 0.9012260437011719 88
1585019059679 0.8980076313018799 89
1585019093247 0.8959770202636719 90
1585019127052 0.9020306468009949 91
1585019160840 0.8988121747970581 92
1585019194035 0.9005363583564758 93
1585019227470 0.90141761302948 94
1585019260809 0.9113409519195557 95
1585019294427 0.9126436710357666 96
1585019327985 0.9164751172065735 97
1585019361084 0.9032566547393799 98
1585019394541 0.9086973667144775 99
1585019427813 0.9109194874763489 100
1585019461271 0.9083908200263977 101
1585019494944 0.9086973667144775 102
1585019528621 0.9121456146240234 103
1585019561744 0.9126436710357666 104
1585019594918 0.9105363488197327 105
1585019628720 0.9134482145309448 106
1585019661859 0.9010344743728638 107
1585019695156 0.9070881009101868 108
1585019729163 0.9126436710357666 109
1585019762817 0.9045593738555908 110
1585019796612 0.9180076718330383 111
1585019830487 0.9135631918907166 112
1585019864188 0.8999233245849609 113
1585019898124 0.9204214215278625 114
1585019932414 0.9142528176307678 115
1585019965554 0.9081991910934448 116
1585019999436 0.9178926944732666 117
1585020032703 0.8965900540351868 118
1585020065852 0.9124520421028137 119
1585020099206 0.9215325117111206 120
1585020133257 0.9195018410682678 121
1585020167280 0.9054788947105408 122
1585020200808 0.9148659110069275 123
1585020234792 0.9185057878494263 124
1585020268654 0.9107279181480408 125
1585020302293 0.9250574111938477 126
1585020335635 0.9223371148109436 127
1585020368952 0.9151724576950073 128
1585020402399 0.9301148653030396 129
1585020436012 0.9153640866279602 130
1585020469375 0.9049807786941528 131
1585020503207 0.9216474890708923 132
1585020536577 0.9045976996421814 133
1585020570366 0.9096168875694275 134
1585020603867 0.9190037846565247 135
1585020637785 0.9185057878494263 136
1585020671094 0.9209195375442505 137
1585020705370 0.9098083972930908 138
1585020738824 0.9204214215278625 139
1585020772571 0.9220305681228638 140
1585020808453 0.9337548017501831 141
1585020842612 0.9272797107696533 142
1585020876552 0.9167815446853638 143
1585020910379 0.9259769916534424 144
1585020943578 0.9290038347244263 145
1585020977305 0.9256704449653625 146
1585021011366 0.9190037846565247 147
1585021044850 0.9172029495239258 148
1585021078513 0.91379314661026 149
1585021112333 0.9202299118041992 150
1585021145654 0.9283908009529114 151
1585021180089 0.9314175844192505 152
1585021214183 0.9321455359458923 153
1585021247592 0.9286972880363464 154
1585021281021 0.9167815446853638 155
1585021314821 0.9193102717399597 156
1585021348365 0.9234482645988464 157
1585021381567 0.9334482550621033 158
1585021415204 0.9145593643188477 159
1585021448598 0.9350574612617493 160
1585021483021 0.9312260150909424 161
1585021517419 0.931839108467102 162
1585021551194 0.933141827583313 163
1585021584580 0.9264751076698303 164
1585021617763 0.9323371052742004 165
1585021651553 0.932643711566925 166
1585021684870 0.9337548017501831 167
1585021718226 0.9345592856407166 168
1585021751652 0.937088131904602 169
1585021785483 0.9290038347244263 170
1585021819297 0.9315325617790222 171
1585021853877 0.9320305585861206 172
1585021887755 0.9329502582550049 173
1585021921479 0.9253638386726379 174
1585021954648 0.933946430683136 175
1585021988558 0.9361685514450073 176
1585022021836 0.9298084378242493 177
1585022055324 0.9230650663375854 178
1585022088800 0.9194252490997314 179
1585022122232 0.9315325617790222 180
1585022156556 0.9272797107696533 181
1585022189901 0.9393103122711182 182
1585022224125 0.9229502081871033 183
1585022258178 0.9348659515380859 184
1585022291585 0.9293102622032166 185
1585022325271 0.9359768629074097 186
1585022358668 0.9351723790168762 187
1585022393445 0.932643711566925 188
1585022426896 0.9312260150909424 189
1585022460680 0.9334482550621033 190
1585022494132 0.9273945689201355 191
1585022528102 0.9372795820236206 192
1585022561308 0.9380843043327332 193
1585022594509 0.9480841755867004 194
1585022628152 0.9380843043327332 195
1585022661619 0.9401148557662964 196
1585022695157 0.9286972880363464 197
1585022728690 0.9299998879432678 198
1585022762367 0.9337548017501831 199
1585022795504 0.9345592856407166 200
1585022829154 0.943141758441925 201
1585022862508 0.9283908009529114 202
1585022896071 0.937892735004425 203
1585022929232 0.9488887786865234 204
1585022963034 0.9309195280075073 205
1585022996656 0.943141758441925 206
1585023030253 0.932643711566925 207
1585023063653 0.9401148557662964 208
1585023097491 0.9375861287117004 209
1585023131213 0.9393103122711182 210
1585023164700 0.9356704354286194 211
1585023198434 0.939195454120636 212
1585023231749 0.9391953349113464 213
1585023265141 0.9245594143867493 214
1585023298855 0.9409195780754089 215
1585023332053 0.9373945593833923 216
1585023365505 0.9412260055541992 217
1585023398663 0.938390851020813 218
1585023432152 0.94283527135849 219
1585023465935 0.9265899658203125 220
1585023499288 0.942337155342102 221
1585023532850 0.9453639984130859 222
1585023566236 0.947586178779602 223
1585023599899 0.9390038251876831 224
1585023633373 0.9359769821166992 225
1585023666896 0.9491954445838928 226
1585023700079 0.9332566857337952 227
1585023733136 0.9356704354286194 228
1585023765931 0.9340612888336182 229
1585023798572 0.9340612888336182 230
1585023831233 0.9464750289916992 231
1585023863682 0.9367815852165222 232
1585023896356 0.9393103122711182 233
1585023928770 0.9386972784996033 234
1585023961437 0.9456704258918762 235
1585023993793 0.9434483051300049 236
1585024026525 0.9437548518180847 237
1585024059055 0.938007652759552 238
1585024091744 0.943639874458313 239
1585024124456 0.9345592856407166 240
1585024157295 0.9417241215705872 241
1585024189853 0.9386972784996033 242
1585024222718 0.9434483051300049 243
1585024255518 0.9414175748825073 244
1585024288312 0.9459770321846008 245
1585024321448 0.9514176249504089 246
1585024353835 0.947586178779602 247
1585024386766 0.9461686015129089 248
1585024419608 0.9331417083740234 249
1585024452892 0.9458620548248291 250
1585024486287 0.950114905834198 251
1585024519762 0.937088131904602 252
1585024552895 0.9470880627632141 253
1585024586109 0.9506130218505859 254
1585024619320 0.9456704258918762 255
1585024652575 0.9417241215705872 256
1585024685884 0.9490037560462952 257
1585024719241 0.9268965125083923 258
1585024752406 0.9503064751625061 259
1585024785734 0.9437547326087952 260
1585024819652 0.9420306086540222 261
1585024852828 0.9270880222320557 262
1585024886551 0.9414175748825073 263
1585024919831 0.95333331823349 264
1585024952924 0.954559326171875 265
1585024986222 0.9498084187507629 266
1585025019328 0.947586178779602 267
1585025052304 0.9498084187507629 268
1585025085361 0.9409194588661194 269
1585025118288 0.946781575679779 270
1585025151373 0.9544444680213928 271
1585025184523 0.936896562576294 272
1585025217958 0.9564750790596008 273
1585025251182 0.95333331823349 274
1585025285220 0.9456704258918762 275
1585025318375 0.9393103122711182 276
1585025352059 0.9454788565635681 277
1585025385531 0.9385057091712952 278
1585025418947 0.9385057091712952 279
1585025452160 0.947586178779602 280
1585025486844 0.9450574517250061 281
1585025520082 0.9504214525222778 282
1585025553121 0.9450574517250061 283
1585025586041 0.9506130218505859 284
1585025618865 0.9470880627632141 285
1585025651803 0.9442528486251831 286
1585025684450 0.952030599117279 287
1585025717218 0.9399232864379883 288
1585025749723 0.9490037560462952 289
1585025782444 0.9464750289916992 290
1585025814988 0.9404214024543762 291
1585025847672 0.9447509050369263 292
1585025880245 0.945555567741394 293
1585025912800 0.9531416296958923 294
1585025945630 0.9591953754425049 295
1585025978320 0.9461686015129089 296
1585026011662 0.9564750790596008 297
1585026044301 0.9442528486251831 298
1585026076812 0.941532552242279 299
1585026109426 0.9550573825836182 300
