1585016079185 0.027248883619904518 0
1585016112380 0.005162789952009916 1
1585016145639 0.0029155605006963015 2
1585016179877 0.004876166582107544 3
1585016213079 0.009218226186931133 4
1585016248305 0.014619134366512299 5
1585016282204 0.014036579057574272 6
1585016315349 0.00861402228474617 7
1585016349483 0.005139211192727089 8
1585016383097 0.0018668542616069317 9
1585016417111 0.004083855543285608 10
1585016450739 0.004304359667003155 11
1585016484086 0.00766279362142086 12
1585016517489 0.013428299687802792 13
1585016550930 0.01796228066086769 14
1585016584257 0.021438414230942726 15
1585016617584 0.02346467599272728 16
1585016651259 0.02509208768606186 17
1585016685409 0.026517488062381744 18
1585016719799 0.025525305420160294 19
1585016753829 0.025511084124445915 20
1585016787462 0.02350214123725891 21
1585016820746 0.021532081067562103 22
1585016854132 0.02126108855009079 23
1585016888693 0.020151104778051376 24
1585016922496 0.019524138420820236 25
1585016955818 0.017545608803629875 26
1585016989085 0.016669757664203644 27
1585017022449 0.014502712525427341 28
1585017055672 0.013288909569382668 29
1585017089004 0.01280257012695074 30
1585017123964 0.01301767211407423 31
1585017157203 0.012258960865437984 32
1585017191270 0.012859334237873554 33
1585017225664 0.012619967572391033 34
1585017259132 0.011346915736794472 35
1585017292841 0.011726443655788898 36
1585017326282 0.012100827880203724 37
1585017359942 0.011921841651201248 38
1585017393156 0.011927366256713867 39
1585017426601 0.009811271913349628 40
1585017459798 0.010575266554951668 41
1585017493449 0.008991907350718975 42
1585017526674 0.007856585085391998 43
1585017560351 0.008947686292231083 44
1585017594229 0.007873538881540298 45
1585017627534 0.007909263484179974 46
1585017661509 0.007287203799933195 47
1585017694951 0.009326664730906487 48
1585017728206 0.0068457769230008125 49
1585017761306 0.00684419646859169 50
1585017795278 0.006838397588580847 51
1585017828677 0.0066276066936552525 52
1585017861894 0.006063792854547501 53
1585017895780 0.006691943854093552 54
1585017929136 0.0066404095850884914 55
1585017964403 0.006816699635237455 56
1585017998232 0.005800626706331968 57
1585018031945 0.004724040627479553 58
1585018065359 0.005673710256814957 59
1585018098898 0.005857050884515047 60
1585018132634 0.004466444719582796 61
1585018165931 0.005062901880592108 62
1585018199263 0.004324670881032944 63
1585018232914 0.006008499301970005 64
1585018266556 0.005851456429809332 65
1585018300160 0.005138172768056393 66
1585018333719 0.004468014929443598 67
1585018367044 0.005040481686592102 68
1585018400493 0.004737171344459057 69
1585018434170 0.0055183838121593 70
1585018467637 0.00428908783942461 71
1585018500812 0.004553568083792925 72
1585018534036 0.005172437522560358 73
1585018567534 0.0038801857735961676 74
1585018601459 0.004853925202041864 75
1585018634873 0.004198283888399601 76
1585018668294 0.004391737747937441 77
1585018702093 0.004901716019958258 78
1585018736065 0.004641120787709951 79
1585018769639 0.004010566510260105 80
1585018803475 0.003733243327587843 81
1585018836752 0.004371384624391794 82
1585018870150 0.004452734719961882 83
1585018903335 0.004268419463187456 84
1585018937141 0.003799659665673971 85
1585018970515 0.005502671934664249 86
1585019004362 0.0035698390565812588 87
1585019037789 0.0040794862434268 88
1585019071520 0.0037027839571237564 89
1585019105432 0.0035265651531517506 90
1585019138997 0.0036543426103889942 91
1585019172540 0.004812277387827635 92
1585019205676 0.004857754334807396 93
1585019239113 0.0034461081959307194 94
1585019272632 0.006087201647460461 95
1585019306086 0.0036361166276037693 96
1585019339631 0.004933304153382778 97
1585019372960 0.004712783731520176 98
1585019406180 0.003737218677997589 99
1585019439620 0.003387856064364314 100
1585019473074 0.0037589408457279205 101
1585019506822 0.003704395145177841 102
1585019540191 0.004461303818970919 103
1585019573368 0.004335625562816858 104
1585019606707 0.004084907006472349 105
1585019640377 0.004040329717099667 106
1585019673520 0.004137611947953701 107
1585019706831 0.004067020025104284 108
1585019740913 0.0032330381218343973 109
1585019774938 0.003862127661705017 110
1585019808245 0.0041559478268027306 111
1585019842294 0.004246863070875406 112
1585019875985 0.0042486125603318214 113
1585019909788 0.004360389895737171 114
1585019944077 0.0038973852060735226 115
1585019977287 0.0043565211817622185 116
1585020011051 0.004185494966804981 117
1585020044362 0.0032078814692795277 118
1585020077567 0.0038245709147304296 119
1585020110928 0.0037440056912600994 120
1585020145078 0.003925010561943054 121
1585020179083 0.0036756929475814104 122
1585020212549 0.0037423407193273306 123
1585020246675 0.004300106782466173 124
1585020280303 0.004546512849628925 125
1585020313984 0.003599724266678095 126
1585020347281 0.003632171778008342 127
1585020380609 0.003404629183933139 128
1585020414237 0.00407484220340848 129
1585020447656 0.004104248713701963 130
1585020481297 0.005689593032002449 131
1585020514869 0.004474819637835026 132
1585020548250 0.004194167908281088 133
1585020582012 0.003253382397815585 134
1585020615516 0.004484735429286957 135
1585020649461 0.005701103247702122 136
1585020682889 0.0039457338862121105 137
1585020717093 0.0048820399679243565 138
1585020750738 0.0034895995631814003 139
1585020785018 0.003006527666002512 140
1585020820298 0.0030457894317805767 141
1585020854418 0.0037794476374983788 142
1585020888279 0.005004904232919216 143
1585020922116 0.004200473893433809 144
1585020955219 0.003355305176228285 145
1585020989097 0.003688952885568142 146
1585021023302 0.003795125987380743 147
1585021056739 0.004063699394464493 148
1585021090222 0.004076907876878977 149
1585021124078 0.0033450524788349867 150
1585021158213 0.004803814925253391 151
1585021192303 0.004240227863192558 152
1585021225959 0.003550363704562187 153
1585021259251 0.0032396859023720026 154
1585021292979 0.004051153548061848 155
1585021326482 0.0042603276669979095 156
1585021360033 0.004298807587474585 157
1585021393215 0.0031896557193249464 158
1585021426865 0.00427591847255826 159
1585021460226 0.0030424317810684443 160
1585021495708 0.003570117522031069 161
1585021529201 0.002830255078151822 162
1585021562952 0.004865734837949276 163
1585021596226 0.005008176434785128 164
1585021629695 0.0045495713129639626 165
1585021663288 0.00347220990806818 166
1585021696529 0.0047414228320121765 167
1585021729905 0.0031271055340766907 168
1585021763404 0.0047872536815702915 169
1585021797533 0.0032266643829643726 170
1585021831744 0.003364880569279194 171
1585021866057 0.004203028045594692 172
1585021899679 0.003073433879762888 173
1585021933249 0.0035162712447345257 174
1585021966684 0.002994925482198596 175
1585022000317 0.003724460257217288 176
1585022033564 0.002944820560514927 177
1585022067157 0.0036443895660340786 178
1585022100608 0.004273209720849991 179
1585022134561 0.004560529254376888 180
1585022168232 0.003458973951637745 181
1585022201831 0.004977469798177481 182
1585022235913 0.003282665740698576 183
1585022269851 0.0029400631319731474 184
1585022303404 0.0031633710023015738 185
1585022336925 0.0039830817840993404 186
1585022371718 0.005087609402835369 187
1585022405147 0.003738021943718195 188
1585022438581 0.005370037630200386 189
1585022472394 0.0028708602767437696 190
1585022506621 0.002786837285384536 191
1585022539833 0.004314283840358257 192
1585022572988 0.00327611924149096 193
1585022606515 0.003149476833641529 194
1585022640078 0.003244733205065131 195
1585022673263 0.004607753828167915 196
1585022706941 0.002255199709907174 197
1585022740398 0.00467798812314868 198
1585022774017 0.0031977638136595488 199
1585022807498 0.0035683182068169117 200
1585022840853 0.003434780053794384 201
1585022874257 0.004825075156986713 202
1585022907750 0.0038826456293463707 203
1585022941212 0.0035609740298241377 204
1585022974757 0.0036281272768974304 205
1585023008452 0.00362585810944438 206
1585023042044 0.004219782538712025 207
1585023075846 0.004500965122133493 208
1585023109418 0.0034656948409974575 209
1585023142993 0.003775106742978096 210
1585023176555 0.004021354019641876 211
1585023210147 0.0051453192718327045 212
1585023243670 0.005200668703764677 213
1585023276945 0.002909495495259762 214
1585023310527 0.003763522021472454 215
1585023343847 0.0039369105361402035 216
1585023377168 0.003339383751153946 217
1585023410323 0.003884186502546072 218
1585023443796 0.004925554618239403 219
1585023477674 0.0059552364982664585 220
1585023510944 0.004333074204623699 221
1585023544600 0.003122942987829447 222
1585023578003 0.003770397277548909 223
1585023611748 0.004372758325189352 224
1585023645074 0.0029245419427752495 225
1585023678707 0.004314239602535963 226
1585023711512 0.004292611964046955 227
1585023744964 0.003360578790307045 228
1585023777508 0.004336179234087467 229
1585023809997 0.00345275248400867 230
1585023842687 0.0036942698061466217 231
1585023875178 0.003594355657696724 232
1585023907630 0.0048128459602594376 233
1585023940159 0.004137170035392046 234
1585023972882 0.004069033078849316 235
1585024005337 0.0034313234500586987 236
1585024038044 0.004350120201706886 237
1585024070586 0.0048162005841732025 238
1585024103261 0.0055094831623137 239
1585024136002 0.0036335112527012825 240
1585024168818 0.0028675829526036978 241
1585024201200 0.004661839921027422 242
1585024234419 0.004153402056545019 243
1585024266893 0.004078359808772802 244
1585024299823 0.0038139347452670336 245
1585024332923 0.004243761766701937 246
1585024365375 0.003077991772443056 247
1585024398121 0.0037329925689846277 248
1585024431450 0.003269785549491644 249
1585024464747 0.004412488080561161 250
1585024497844 0.003618077840656042 251
1585024531426 0.003216906450688839 252
1585024564584 0.004959256388247013 253
1585024597654 0.004024299327284098 254
1585024630880 0.004099088720977306 255
1585024664372 0.004735228605568409 256
1585024697506 0.0036578145809471607 257
1585024730820 0.004003932233899832 258
1585024764229 0.004017217084765434 259
1585024797847 0.0031800740398466587 260
1585024831347 0.0033565617632120848 261
1585024864514 0.00332384230569005 262
1585024898075 0.004736263770610094 263
1585024931520 0.0037504686042666435 264
1585024964639 0.0037121863570064306 265
1585024997899 0.0043014045804739 266
1585025030911 0.0034455186687409878 267
1585025063912 0.005270843859761953 268
1585025096935 0.004272708669304848 269
1585025129991 0.003949473612010479 270
1585025163144 0.004337565507739782 271
1585025196225 0.003877044189721346 272
1585025229557 0.0038960129022598267 273
1585025262887 0.0042127096094191074 274
1585025296784 0.0044391583651304245 275
1585025330245 0.0030642678029835224 276
1585025363833 0.003324557328596711 277
1585025397277 0.0032800380140542984 278
1585025430742 0.0036580481100827456 279
1585025463887 0.003424163907766342 280
1585025498582 0.0030486839823424816 281
1585025531712 0.00298545160330832 282
1585025564670 0.0038633039221167564 283
1585025597716 0.0034800758585333824 284
1585025630359 0.004612169228494167 285
1585025663264 0.00408319104462862 286
1585025695911 0.0030035662930458784 287
1585025728692 0.00437362864613533 288
1585025761180 0.003924419637769461 289
1585025794000 0.004726220387965441 290
1585025826530 0.003616462694481015 291
1585025859185 0.0040493616834282875 292
1585025891657 0.004302190616726875 293
1585025924483 0.0029814073350280523 294
1585025957220 0.0036266858223825693 295
1585025989877 0.004352277610450983 296
1585026023151 0.0034887182991951704 297
1585026055832 0.004521636757999659 298
1585026088297 0.004404052626341581 299
1585026120940 0.003463717410340905 300
