1585016079185 0.8315979242324829 0
1585016112380 0.7384100556373596 1
1585016145639 0.6876856088638306 2
1585016179877 0.6595292091369629 3
1585016213079 0.6449902057647705 4
1585016248305 0.6386979222297668 5
1585016282204 0.6186585426330566 6
1585016315349 0.5867530703544617 7
1585016349483 0.5716400146484375 8
1585016383097 0.5527991056442261 9
1585016417111 0.5212072730064392 10
1585016450739 0.5071694254875183 11
1585016484086 0.4858704209327698 12
1585016517489 0.46813687682151794 13
1585016550930 0.4556286334991455 14
1585016584257 0.44511324167251587 15
1585016617584 0.4364745020866394 16
1585016651259 0.4260742962360382 17
1585016685409 0.4143030345439911 18
1585016719799 0.40266454219818115 19
1585016753829 0.3901216685771942 20
1585016787462 0.38329389691352844 21
1585016820746 0.37613701820373535 22
1585016854132 0.3622809648513794 23
1585016888693 0.35825496912002563 24
1585016922496 0.34636080265045166 25
1585016955818 0.34207868576049805 26
1585016989085 0.3364917039871216 27
1585017022449 0.3341163694858551 28
1585017055672 0.3312702476978302 29
1585017089004 0.33230000734329224 30
1585017123964 0.32543471455574036 31
1585017157203 0.322419136762619 32
1585017191270 0.31396612524986267 33
1585017225664 0.3116037845611572 34
1585017259132 0.3143902122974396 35
1585017292841 0.3062341511249542 36
1585017326282 0.3012316823005676 37
1585017359942 0.2965797185897827 38
1585017393156 0.29635852575302124 39
1585017426601 0.2972904443740845 40
1585017459798 0.28984615206718445 41
1585017493449 0.29295340180397034 42
1585017526674 0.29589295387268066 43
1585017560351 0.2842243015766144 44
1585017594229 0.2907405495643616 45
1585017627534 0.2864498794078827 46
1585017661509 0.28650379180908203 47
1585017694951 0.2786381244659424 48
1585017728206 0.2859566807746887 49
1585017761306 0.2864137291908264 50
1585017795278 0.27567651867866516 51
1585017828677 0.2765347957611084 52
1585017861894 0.2795940637588501 53
1585017895780 0.27236616611480713 54
1585017929136 0.2727295756340027 55
1585017964403 0.2738802433013916 56
1585017998232 0.2722265124320984 57
1585018031945 0.2830880582332611 58
1585018065359 0.27282148599624634 59
1585018098898 0.2770999073982239 60
1585018132634 0.27639323472976685 61
1585018165931 0.26996415853500366 62
1585018199263 0.2697509229183197 63
1585018232914 0.26968976855278015 64
1585018266556 0.2614224851131439 65
1585018300160 0.2741415500640869 66
1585018333719 0.2699607312679291 67
1585018367044 0.2633565366268158 68
1585018400493 0.26196977496147156 69
1585018434170 0.26005980372428894 70
1585018467637 0.26204714179039 71
1585018500812 0.26777249574661255 72
1585018534036 0.2627538740634918 73
1585018567534 0.261026531457901 74
1585018601459 0.2542092204093933 75
1585018634873 0.2624385952949524 76
1585018668294 0.2641102075576782 77
1585018702093 0.25316888093948364 78
1585018736065 0.2568763792514801 79
1585018769639 0.25817224383354187 80
1585018803475 0.25863999128341675 81
1585018836752 0.24783703684806824 82
1585018870150 0.25419262051582336 83
1585018903335 0.2614736258983612 84
1585018937141 0.2511257231235504 85
1585018970515 0.24446947872638702 86
1585019004362 0.2477886974811554 87
1585019037789 0.25289344787597656 88
1585019071520 0.24957707524299622 89
1585019105432 0.2463311105966568 90
1585019138997 0.257846862077713 91
1585019172540 0.24826376140117645 92
1585019205676 0.2407931685447693 93
1585019239113 0.2539491653442383 94
1585019272632 0.24300575256347656 95
1585019306086 0.25818097591400146 96
1585019339631 0.24144510924816132 97
1585019372960 0.24357262253761292 98
1585019406180 0.24950367212295532 99
1585019439620 0.2469683587551117 100
1585019473074 0.24085620045661926 101
1585019506822 0.24226462841033936 102
1585019540191 0.25218328833580017 103
1585019573368 0.23993785679340363 104
1585019606707 0.23807242512702942 105
1585019640377 0.23862409591674805 106
1585019673520 0.24075794219970703 107
1585019706831 0.24144247174263 108
1585019740913 0.240770161151886 109
1585019774938 0.2440730482339859 110
1585019808245 0.2384956330060959 111
1585019842294 0.23599646985530853 112
1585019875985 0.24217046797275543 113
1585019909788 0.22972404956817627 114
1585019944077 0.23360536992549896 115
1585019977287 0.22935163974761963 116
1585020011051 0.23480527102947235 117
1585020044362 0.23976851999759674 118
1585020077567 0.22978997230529785 119
1585020110928 0.22967055439949036 120
1585020145078 0.2374643087387085 121
1585020179083 0.23608878254890442 122
1585020212549 0.2298728972673416 123
1585020246675 0.22897374629974365 124
1585020280303 0.2390746921300888 125
1585020313984 0.23006224632263184 126
1585020347281 0.22780682146549225 127
1585020380609 0.23036789894104004 128
1585020414237 0.23094311356544495 129
1585020447656 0.2303704023361206 130
1585020481297 0.22089526057243347 131
1585020514869 0.2300293743610382 132
1585020548250 0.23697704076766968 133
1585020582012 0.2390584647655487 134
1585020615516 0.2309570014476776 135
1585020649461 0.2233644425868988 136
1585020682889 0.22146916389465332 137
1585020717093 0.23716288805007935 138
1585020750738 0.23245830833911896 139
1585020785018 0.22561036050319672 140
1585020820298 0.2412877380847931 141
1585020854418 0.22765564918518066 142
1585020888279 0.22225993871688843 143
1585020922116 0.21923433244228363 144
1585020955219 0.22450050711631775 145
1585020989097 0.22135451436042786 146
1585021023302 0.23191264271736145 147
1585021056739 0.21763017773628235 148
1585021090222 0.21846674382686615 149
1585021124078 0.2223978042602539 150
1585021158213 0.21521195769309998 151
1585021192303 0.21654421091079712 152
1585021225959 0.2216411679983139 153
1585021259251 0.21983951330184937 154
1585021292979 0.22748975455760956 155
1585021326482 0.21904447674751282 156
1585021360033 0.21278077363967896 157
1585021393215 0.21770112216472626 158
1585021426865 0.2130887508392334 159
1585021460226 0.22021961212158203 160
1585021495708 0.22009612619876862 161
1585021529201 0.22461611032485962 162
1585021562952 0.22282089293003082 163
1585021596226 0.21090470254421234 164
1585021629695 0.21492889523506165 165
1585021663288 0.2191285490989685 166
1585021696529 0.2113008350133896 167
1585021729905 0.22188572585582733 168
1585021763404 0.23492074012756348 169
1585021797533 0.21756382286548615 170
1585021831744 0.21853534877300262 171
1585021866057 0.21830695867538452 172
1585021899679 0.23342940211296082 173
1585021933249 0.21535566449165344 174
1585021966684 0.21380628645420074 175
1585022000317 0.21906611323356628 176
1585022033564 0.2202475368976593 177
1585022067157 0.21039608120918274 178
1585022100608 0.20852449536323547 179
1585022134561 0.21438300609588623 180
1585022168232 0.20872583985328674 181
1585022201831 0.20578546822071075 182
1585022235913 0.21748124063014984 183
1585022269851 0.21318359673023224 184
1585022303404 0.21420972049236298 185
1585022336925 0.21387964487075806 186
1585022371718 0.21120785176753998 187
1585022405147 0.20711277425289154 188
1585022438581 0.20797009766101837 189
1585022472394 0.2211752086877823 190
1585022506621 0.21149516105651855 191
1585022539833 0.22539924085140228 192
1585022572988 0.20336265861988068 193
1585022606515 0.211164653301239 194
1585022640078 0.21351388096809387 195
1585022673263 0.20633354783058167 196
1585022706941 0.21481303870677948 197
1585022740398 0.20622073113918304 198
1585022774017 0.20680391788482666 199
1585022807498 0.20447389781475067 200
1585022840853 0.21079455316066742 201
1585022874257 0.21446150541305542 202
1585022907750 0.19688862562179565 203
1585022941212 0.19775383174419403 204
1585022974757 0.19901423156261444 205
1585023008452 0.205966055393219 206
1585023042044 0.20506079494953156 207
1585023075846 0.20779858529567719 208
1585023109418 0.20105165243148804 209
1585023142993 0.21198463439941406 210
1585023176555 0.1946767121553421 211
1585023210147 0.20182305574417114 212
1585023243670 0.21463584899902344 213
1585023276945 0.21001967787742615 214
1585023310527 0.19963602721691132 215
1585023343847 0.20041905343532562 216
1585023377168 0.19847026467323303 217
1585023410323 0.20620402693748474 218
1585023443796 0.1943962126970291 219
1585023477674 0.20203569531440735 220
1585023510944 0.1991022229194641 221
1585023544600 0.20332369208335876 222
1585023578003 0.20810745656490326 223
1585023611748 0.20226582884788513 224
1585023645074 0.20809653401374817 225
1585023678707 0.2023015171289444 226
1585023711512 0.20346477627754211 227
1585023744964 0.20701542496681213 228
1585023777508 0.20321674644947052 229
1585023809997 0.19606275856494904 230
1585023842687 0.19486357271671295 231
1585023875178 0.20136462152004242 232
1585023907630 0.19192220270633698 233
1585023940159 0.1967218518257141 234
1585023972882 0.19559231400489807 235
1585024005337 0.2024567425251007 236
1585024038044 0.1992032527923584 237
1585024070586 0.1933785378932953 238
1585024103261 0.20324349403381348 239
1585024136002 0.1952422708272934 240
1585024168818 0.2064928412437439 241
1585024201200 0.20006388425827026 242
1585024234419 0.19317173957824707 243
1585024266893 0.1891222894191742 244
1585024299823 0.20211726427078247 245
1585024332923 0.19297441840171814 246
1585024365375 0.19439776241779327 247
1585024398121 0.19251102209091187 248
1585024431450 0.19269339740276337 249
1585024464747 0.19341416656970978 250
1585024497844 0.1926833987236023 251
1585024531426 0.19137047231197357 252
1585024564584 0.19599032402038574 253
1585024597654 0.19048981368541718 254
1585024630880 0.18962758779525757 255
1585024664372 0.18626901507377625 256
1585024697506 0.2067132592201233 257
1585024730820 0.19915910065174103 258
1585024764229 0.19718879461288452 259
1585024797847 0.19651839137077332 260
1585024831347 0.19281773269176483 261
1585024864514 0.18920715153217316 262
1585024898075 0.18185336887836456 263
1585024931520 0.19521939754486084 264
1585024964639 0.19101491570472717 265
1585024997899 0.18706576526165009 266
1585025030911 0.1925116926431656 267
1585025063912 0.20066915452480316 268
1585025096935 0.1883043497800827 269
1585025129991 0.19011594355106354 270
1585025163144 0.20546232163906097 271
1585025196225 0.18729573488235474 272
1585025229557 0.1896403282880783 273
1585025262887 0.21231423318386078 274
1585025296784 0.18932688236236572 275
1585025330245 0.19063931703567505 276
1585025363833 0.18985557556152344 277
1585025397277 0.20498691499233246 278
1585025430742 0.18988314270973206 279
1585025463887 0.192521333694458 280
1585025498582 0.18603689968585968 281
1585025531712 0.18846440315246582 282
1585025564670 0.18279150128364563 283
1585025597716 0.18528436124324799 284
1585025630359 0.18452170491218567 285
1585025663264 0.18333446979522705 286
1585025695911 0.19207681715488434 287
1585025728692 0.18189123272895813 288
1585025761180 0.18237465620040894 289
1585025794000 0.1786801964044571 290
1585025826530 0.18841606378555298 291
1585025859185 0.18759873509407043 292
1585025891657 0.18941755592823029 293
1585025924483 0.1893530786037445 294
1585025957220 0.18688413500785828 295
1585025989877 0.17969584465026855 296
1585026023151 0.1869622766971588 297
1585026055832 0.1781826764345169 298
1585026088297 0.18496084213256836 299
1585026120940 0.1948774755001068 300
