1585016079185 0.3327358365058899 0
1585016112380 0.4533962607383728 1
1585016145639 0.6108961701393127 2
1585016179877 0.6711556911468506 3
1585016213079 0.683089554309845 4
1585016248305 0.6754716634750366 5
1585016282204 0.677688717842102 6
1585016315349 0.6865566372871399 7
1585016349483 0.6810141801834106 8
1585016383097 0.6765801906585693 9
1585016417111 0.6876651048660278 10
1585016450739 0.6754717230796814 11
1585016484086 0.6881131529808044 12
1585016517489 0.7179480791091919 13
1585016550930 0.7853065729141235 14
1585016584257 0.8255895972251892 15
1585016617584 0.8512735962867737 16
1585016651259 0.8584905862808228 17
1585016685409 0.876533031463623 18
1585016719799 0.8722405433654785 19
1585016753829 0.8770990371704102 20
1585016787462 0.8698821067810059 21
1585016820746 0.8601650595664978 22
1585016854132 0.8733490109443665 23
1585016888693 0.8700235486030579 24
1585016922496 0.8643159866333008 25
1585016955818 0.8673820495605469 26
1585016989085 0.8670990467071533 27
1585017022449 0.8672405481338501 28
1585017055672 0.8523820638656616 29
1585017089004 0.8647405505180359 30
1585017123964 0.8562735319137573 31
1585017157203 0.865306556224823 32
1585017191270 0.8744574785232544 33
1585017225664 0.8772405385971069 34
1585017259132 0.8572406768798828 35
1585017292841 0.874599039554596 36
1585017326282 0.8841744661331177 37
1585017359942 0.8820990920066833 38
1585017393156 0.8805660009384155 39
1585017426601 0.8819575309753418 40
1585017459798 0.8780660033226013 41
1585017493449 0.8772405385971069 42
1585017526674 0.8795991539955139 43
1585017560351 0.8805660009384155 44
1585017594229 0.8787735104560852 45
1585017627534 0.8782075643539429 46
1585017661509 0.8809905648231506 47
1585017694951 0.8877829313278198 48
1585017728206 0.8759905695915222 49
1585017761306 0.8647406101226807 50
1585017795278 0.8769575357437134 51
1585017828677 0.8807076215744019 52
1585017861894 0.876132071018219 53
1585017895780 0.8816744685173035 54
1585017929136 0.8747406005859375 55
1585017964403 0.8772405982017517 56
1585017998232 0.8868159651756287 57
1585018031945 0.8834905624389648 58
1585018065359 0.8816744685173035 59
1585018098898 0.8848820328712463 60
1585018132634 0.8820990324020386 61
1585018165931 0.8786320686340332 62
1585018199263 0.8800235986709595 63
1585018232914 0.8933491110801697 64
1585018266556 0.8868159651756287 65
1585018300160 0.8833490610122681 66
1585018333719 0.8894574642181396 67
1585018367044 0.8907074928283691 68
1585018400493 0.8905660510063171 69
1585018434170 0.8893159627914429 70
1585018467637 0.881273627281189 71
1585018500812 0.8918160200119019 72
1585018534036 0.8919575214385986 73
1585018567534 0.8812735676765442 74
1585018601459 0.8941745162010193 75
1585018634873 0.8876650333404541 76
1585018668294 0.8875235915184021 77
1585018702093 0.8941745162010193 78
1585018736065 0.8832075595855713 79
1585018769639 0.889599084854126 80
1585018803475 0.8944575786590576 81
1585018836752 0.895424485206604 82
1585018870150 0.899599015712738 83
1585018903335 0.878915011882782 84
1585018937141 0.8905660510063171 85
1585018970515 0.8929244875907898 86
1585019004362 0.8957074880599976 87
1585019037789 0.8897405862808228 88
1585019071520 0.8858490586280823 89
1585019105432 0.8957074880599976 90
1585019138997 0.889740526676178 91
1585019172540 0.9004244804382324 92
1585019205676 0.9004244804382324 93
1585019239113 0.896957516670227 94
1585019272632 0.8884905576705933 95
1585019306086 0.8884905576705933 96
1585019339631 0.900566041469574 97
1585019372960 0.9004244804382324 98
1585019406180 0.891273558139801 99
1585019439620 0.901957631111145 100
1585019473074 0.8955660462379456 101
1585019506822 0.8968160152435303 102
1585019540191 0.8936320543289185 103
1585019573368 0.8932075500488281 104
1585019606707 0.9054244756698608 105
1585019640377 0.9043160080909729 106
1585019673520 0.8993160128593445 107
1585019706831 0.9107075929641724 108
1585019740913 0.8984905481338501 109
1585019774938 0.8957074880599976 110
1585019808245 0.8945990204811096 111
1585019842294 0.8994574546813965 112
1585019875985 0.8984905481338501 113
1585019909788 0.9054244756698608 114
1585019944077 0.9057074785232544 115
1585019977287 0.9040330052375793 116
1585020011051 0.9033491015434265 117
1585020044362 0.8991745114326477 118
1585020077567 0.9065329432487488 119
1585020110928 0.9044575691223145 120
1585020145078 0.9045990705490112 121
1585020179083 0.9044574499130249 122
1585020212549 0.9019575119018555 123
1585020246675 0.9091745018959045 124
1585020280303 0.9033490419387817 125
1585020313984 0.9043159484863281 126
1585020347281 0.910565972328186 127
1585020380609 0.900707483291626 128
1585020414237 0.8991745114326477 129
1585020447656 0.903207540512085 130
1585020481297 0.9077829718589783 131
1585020514869 0.9020990133285522 132
1585020548250 0.902240514755249 133
1585020582012 0.9023820757865906 134
1585020615516 0.9016745090484619 135
1585020649461 0.9040330052375793 136
1585020682889 0.9093160033226013 137
1585020717093 0.9022405743598938 138
1585020750738 0.9119575023651123 139
1585020785018 0.9044574499130249 140
1585020820298 0.8923820853233337 141
1585020854418 0.8994574546813965 142
1585020888279 0.9187500476837158 143
1585020922116 0.9066745042800903 144
1585020955219 0.9066744446754456 145
1585020989097 0.903207540512085 146
1585021023302 0.9069575071334839 147
1585021056739 0.911674439907074 148
1585021090222 0.9043160080909729 149
1585021124078 0.900707483291626 150
1585021158213 0.9052829742431641 151
1585021192303 0.9129244685173035 152
1585021225959 0.9118160009384155 153
1585021259251 0.9068160057067871 154
1585021292979 0.9097406268119812 155
1585021326482 0.9084905982017517 156
1585021360033 0.9152829051017761 157
1585021393215 0.916815996170044 158
1585021426865 0.9154245257377625 159
1585021460226 0.9069575071334839 160
1585021495708 0.9068160653114319 161
1585021529201 0.9069575071334839 162
1585021562952 0.9129244685173035 163
1585021596226 0.9202829599380493 164
1585021629695 0.911532998085022 165
1585021663288 0.9061320424079895 166
1585021696529 0.9130659699440002 167
1585021729905 0.9083490967750549 168
1585021763404 0.8973820805549622 169
1585021797533 0.9119575023651123 170
1585021831744 0.9036321043968201 171
1585021866057 0.9084905385971069 172
1585021899679 0.9012735486030579 173
1585021933249 0.9057074785232544 174
1585021966684 0.9116744995117188 175
1585022000317 0.9045990705490112 176
1585022033564 0.9068160057067871 177
1585022067157 0.9140329957008362 178
1585022100608 0.9204245209693909 179
1585022134561 0.913066029548645 180
1585022168232 0.9116744995117188 181
1585022201831 0.9177829623222351 182
1585022235913 0.9157075881958008 183
1585022269851 0.916815996170044 184
1585022303404 0.9084905385971069 185
1585022336925 0.9068159461021423 186
1585022371718 0.9177829623222351 187
1585022405147 0.9130659699440002 188
1585022438581 0.914174497127533 189
1585022472394 0.9118160009384155 190
1585022506621 0.9215329885482788 191
1585022539833 0.8928065896034241 192
1585022572988 0.9108490943908691 193
1585022606515 0.9216744899749756 194
1585022640078 0.9134905338287354 195
1585022673263 0.9143159985542297 196
1585022706941 0.9119575023651123 197
1585022740398 0.9241744875907898 198
1585022774017 0.914174497127533 199
1585022807498 0.914174497127533 200
1585022840853 0.9120990633964539 201
1585022874257 0.913066029548645 202
1585022907750 0.9157075881958008 203
1585022941212 0.9177830219268799 204
1585022974757 0.9154245257377625 205
1585023008452 0.9120990633964539 206
1585023042044 0.9147405624389648 207
1585023075846 0.9118159413337708 208
1585023109418 0.9229244589805603 209
1585023142993 0.907783031463623 210
1585023176555 0.9166744947433472 211
1585023210147 0.9218159914016724 212
1585023243670 0.9136320352554321 213
1585023276945 0.9145990610122681 214
1585023310527 0.9190329313278198 215
1585023343847 0.913066029548645 216
1585023377168 0.9155659675598145 217
1585023410323 0.9133490324020386 218
1585023443796 0.9227829575538635 219
1585023477674 0.9227830171585083 220
1585023510944 0.9233490228652954 221
1585023544600 0.9157074689865112 222
1585023578003 0.9172406196594238 223
1585023611748 0.9190329909324646 224
1585023645074 0.9144575595855713 225
1585023678707 0.9193160533905029 226
1585023711512 0.9094575643539429 227
1585023744964 0.9158490300178528 228
1585023777508 0.9194575548171997 229
1585023809997 0.9129244685173035 230
1585023842687 0.9215329885482788 231
1585023875178 0.9177829623222351 232
1585023907630 0.9227830171585083 233
1585023940159 0.9182075262069702 234
1585023972882 0.9182075262069702 235
1585024005337 0.9111320972442627 236
1585024038044 0.9240330457687378 237
1585024070586 0.926674485206604 238
1585024103261 0.9173820614814758 239
1585024136002 0.9219574928283691 240
1585024168818 0.9107074737548828 241
1585024201200 0.9215329885482788 242
1585024234419 0.920849084854126 243
1585024266893 0.9218160510063171 244
1585024299823 0.9119575023651123 245
1585024332923 0.9170989990234375 246
1585024365375 0.9219574928283691 247
1585024398121 0.9169574975967407 248
1585024431450 0.9158490300178528 249
1585024464747 0.9227829575538635 250
1585024497844 0.9180660247802734 251
1585024531426 0.9205659627914429 252
1585024564584 0.9232075214385986 253
1585024597654 0.9182075262069702 254
1585024630880 0.9257075786590576 255
1585024664372 0.926674485206604 256
1585024697506 0.913066029548645 257
1585024730820 0.9170990586280823 258
1585024764229 0.9168159365653992 259
1585024797847 0.9157074689865112 260
1585024831347 0.9205660223960876 261
1585024864514 0.9233490228652954 262
1585024898075 0.9241744875907898 263
1585024931520 0.9170990586280823 264
1585024964639 0.9194575548171997 265
1585024997899 0.9327829480171204 266
1585025030911 0.9215329885482788 267
1585025063912 0.920990526676178 268
1585025096935 0.9255659580230713 269
1585025129991 0.9280660152435303 270
1585025163144 0.9183490872383118 271
1585025196225 0.9244575500488281 272
1585025229557 0.9290329813957214 273
1585025262887 0.9048820734024048 274
1585025296784 0.9290329813957214 275
1585025330245 0.9219576120376587 276
1585025363833 0.9241744875907898 277
1585025397277 0.9157074689865112 278
1585025430742 0.9243160486221313 279
1585025463887 0.9255659580230713 280
1585025498582 0.9232075214385986 281
1585025531712 0.9244575500488281 282
1585025564670 0.9315329790115356 283
1585025597716 0.9229245185852051 284
1585025630359 0.9216744899749756 285
1585025663264 0.930707573890686 286
1585025695911 0.9177829623222351 287
1585025728692 0.9218159914016724 288
1585025761180 0.9257074594497681 289
1585025794000 0.9227829575538635 290
1585025826530 0.9255660176277161 291
1585025859185 0.9230659604072571 292
1585025891657 0.9183490872383118 293
1585025924483 0.9122405648231506 294
1585025957220 0.920990526676178 295
1585025989877 0.9302829504013062 296
1585026023151 0.9268159866333008 297
1585026055832 0.9326415061950684 298
1585026088297 0.9247405529022217 299
1585026120940 0.9098820686340332 300
