1585016087191 0.8410864472389221 0
1585016120415 0.7483344078063965 1
1585016154005 0.6977862119674683 2
1585016187917 0.6698297262191772 3
1585016221391 0.6602188348770142 4
1585016256534 0.6494817733764648 5
1585016290197 0.6321892738342285 6
1585016323485 0.6042163968086243 7
1585016357603 0.5884312391281128 8
1585016391241 0.5623246431350708 9
1585016425193 0.5387529134750366 10
1585016458870 0.5187326669692993 11
1585016492205 0.4994678199291229 12
1585016525558 0.48268747329711914 13
1585016558941 0.46837735176086426 14
1585016592276 0.4578600525856018 15
1585016625590 0.44910675287246704 16
1585016659739 0.4388679265975952 17
1585016693439 0.4288784861564636 18
1585016727880 0.4161824584007263 19
1585016761824 0.4067646265029907 20
1585016795501 0.3971879184246063 21
1585016828826 0.39069533348083496 22
1585016862366 0.3792186379432678 23
1585016896994 0.3722110390663147 24
1585016930573 0.3644941449165344 25
1585016963850 0.3593063950538635 26
1585016997235 0.35456550121307373 27
1585017030403 0.3508132994174957 28
1585017063751 0.34696733951568604 29
1585017097280 0.3447633981704712 30
1585017132036 0.34036242961883545 31
1585017165393 0.3392491638660431 32
1585017199336 0.3314146399497986 33
1585017233756 0.32800111174583435 34
1585017267336 0.32715803384780884 35
1585017300898 0.32512664794921875 36
1585017334385 0.31829124689102173 37
1585017368007 0.3147316575050354 38
1585017401266 0.3127450942993164 39
1585017434729 0.31409701704978943 40
1585017468107 0.3076642155647278 41
1585017501562 0.30886223912239075 42
1585017534802 0.3090815842151642 43
1585017568509 0.30091392993927 44
1585017602407 0.3060399293899536 45
1585017636249 0.30175215005874634 46
1585017669772 0.30127936601638794 47
1585017703121 0.2939467132091522 48
1585017736201 0.2970406711101532 49
1585017769520 0.29643386602401733 50
1585017803513 0.2880420982837677 51
1585017836819 0.2913374602794647 52
1585017870403 0.2873893976211548 53
1585017903757 0.2876419425010681 54
1585017937170 0.2880994975566864 55
1585017972712 0.28658947348594666 56
1585018006444 0.283083975315094 57
1585018040113 0.28794050216674805 58
1585018073469 0.28330254554748535 59
1585018107069 0.28197813034057617 60
1585018140705 0.2793263792991638 61
1585018174090 0.2787446975708008 62
1585018207577 0.2826860845088959 63
1585018241161 0.2756420969963074 64
1585018274663 0.2728397846221924 65
1585018308358 0.27940359711647034 66
1585018341804 0.2742132842540741 67
1585018375317 0.2721046805381775 68
1585018408583 0.2698647975921631 69
1585018442539 0.2711983323097229 70
1585018475672 0.2662377953529358 71
1585018508824 0.2746317982673645 72
1585018542210 0.2674159109592438 73
1585018575765 0.2658312916755676 74
1585018609752 0.2622423768043518 75
1585018643027 0.26545870304107666 76
1585018676515 0.2661058306694031 77
1585018710711 0.26339638233184814 78
1585018744256 0.26233166456222534 79
1585018777780 0.2589564323425293 80
1585018811645 0.26470354199409485 81
1585018844896 0.2594054341316223 82
1585018878134 0.2692124843597412 83
1585018911654 0.2624722123146057 84
1585018945163 0.25846487283706665 85
1585018979058 0.24981752038002014 86
1585019012482 0.25445613265037537 87
1585019046121 0.2515326142311096 88
1585019079600 0.25207388401031494 89
1585019113547 0.25006628036499023 90
1585019147260 0.2552862763404846 91
1585019180554 0.2514592707157135 92
1585019213666 0.24510501325130463 93
1585019247403 0.25156837701797485 94
1585019280750 0.2431967556476593 95
1585019314173 0.2514307498931885 96
1585019347646 0.2425576001405716 97
1585019381012 0.24753573536872864 98
1585019414338 0.24876466393470764 99
1585019447753 0.24391451478004456 100
1585019481207 0.24374991655349731 101
1585019515032 0.24202412366867065 102
1585019548206 0.24818402528762817 103
1585019581455 0.24024230241775513 104
1585019615208 0.24334706366062164 105
1585019648399 0.23857226967811584 106
1585019681534 0.24269089102745056 107
1585019714993 0.24001991748809814 108
1585019749117 0.23780369758605957 109
1585019783082 0.2432885468006134 110
1585019816430 0.2343033254146576 111
1585019850468 0.23530690371990204 112
1585019884149 0.24131470918655396 113
1585019918071 0.2291344702243805 114
1585019952079 0.23500698804855347 115
1585019985347 0.23377376794815063 116
1585020019093 0.23219835758209229 117
1585020052402 0.2385891228914261 118
1585020085711 0.23113062977790833 119
1585020118971 0.22802095115184784 120
1585020153592 0.23392347991466522 121
1585020187126 0.23373302817344666 122
1585020220772 0.23004522919654846 123
1585020254721 0.2258550226688385 124
1585020288376 0.23499353229999542 125
1585020322044 0.22555027902126312 126
1585020355356 0.22604893147945404 127
1585020388809 0.22875061631202698 128
1585020422314 0.22569946944713593 129
1585020455721 0.22898869216442108 130
1585020489400 0.2252705991268158 131
1585020522924 0.2257566601037979 132
1585020556637 0.23684367537498474 133
1585020590153 0.23199406266212463 134
1585020623512 0.22470346093177795 135
1585020657472 0.222010537981987 136
1585020690876 0.221358060836792 137
1585020725272 0.22770148515701294 138
1585020758830 0.22687841951847076 139
1585020794015 0.22099396586418152 140
1585020829066 0.22715365886688232 141
1585020862579 0.21996988356113434 142
1585020896515 0.22063758969306946 143
1585020930119 0.21689759194850922 144
1585020963473 0.2180090844631195 145
1585020997933 0.21690505743026733 146
1585021031347 0.2235938310623169 147
1585021064952 0.2141612470149994 148
1585021098570 0.22373107075691223 149
1585021132062 0.21630260348320007 150
1585021166602 0.21223777532577515 151
1585021200425 0.21143794059753418 152
1585021234101 0.21615538001060486 153
1585021267380 0.2138129472732544 154
1585021301287 0.21694931387901306 155
1585021334727 0.2145521640777588 156
1585021368136 0.2107672095298767 157
1585021401530 0.2098306119441986 158
1585021435130 0.21119055151939392 159
1585021468396 0.2086050808429718 160
1585021503989 0.21091242134571075 161
1585021537584 0.21377435326576233 162
1585021571160 0.2125159204006195 163
1585021604254 0.20937159657478333 164
1585021637900 0.2062365710735321 165
1585021671350 0.2097129225730896 166
1585021704666 0.207423597574234 167
1585021738023 0.21260885894298553 168
1585021771858 0.21725758910179138 169
1585021805649 0.20986133813858032 170
1585021839935 0.20680639147758484 171
1585021874286 0.20827782154083252 172
1585021907850 0.21455883979797363 173
1585021941234 0.2062932848930359 174
1585021974826 0.20231404900550842 175
1585022008391 0.20618262887001038 176
1585022041733 0.21050560474395752 177
1585022075439 0.20546309649944305 178
1585022108572 0.2038145363330841 179
1585022142723 0.20411449670791626 180
1585022176396 0.2018025815486908 181
1585022210637 0.19930897653102875 182
1585022244073 0.20890723168849945 183
1585022277984 0.2022322118282318 184
1585022311504 0.20685148239135742 185
1585022345164 0.2019592970609665 186
1585022379817 0.20191887021064758 187
1585022413192 0.19824230670928955 188
1585022447299 0.1989922821521759 189
1585022480559 0.20859500765800476 190
1585022514691 0.2005193531513214 191
1585022547859 0.20728033781051636 192
1585022581074 0.1968887448310852 193
1585022614537 0.19906890392303467 194
1585022648182 0.1986808329820633 195
1585022681374 0.19833862781524658 196
1585022715049 0.20369553565979004 197
1585022748627 0.19759908318519592 198
1585022782071 0.1960294544696808 199
1585022815658 0.19707030057907104 200
1585022849077 0.19656535983085632 201
1585022882458 0.2061017006635666 202
1585022915753 0.19047708809375763 203
1585022949376 0.18733710050582886 204
1585022983024 0.19366097450256348 205
1585023016481 0.19359812140464783 206
1585023050223 0.19723299145698547 207
1585023084082 0.19528503715991974 208
1585023117495 0.19037073850631714 209
1585023151028 0.19607488811016083 210
1585023184793 0.18991334736347198 211
1585023218170 0.19149555265903473 212
1585023251670 0.1979379951953888 213
1585023285170 0.19851525127887726 214
1585023318607 0.18960855901241302 215
1585023351926 0.18912650644779205 216
1585023385194 0.18926797807216644 217
1585023418523 0.1929265856742859 218
1585023451909 0.18452858924865723 219
1585023485812 0.19587478041648865 220
1585023519277 0.1885506808757782 221
1585023552738 0.18781396746635437 222
1585023586289 0.19531427323818207 223
1585023619985 0.18847087025642395 224
1585023653113 0.192376509308815 225
1585023686701 0.18675105273723602 226
1585023719482 0.19207020103931427 227
1585023752868 0.19238010048866272 228
1585023785371 0.19050848484039307 229
1585023818007 0.1910668909549713 230
1585023850579 0.1836470067501068 231
1585023883025 0.1913830041885376 232
1585023915610 0.18586958944797516 233
1585023948133 0.1881897747516632 234
1585023980691 0.1845497488975525 235
1585024013273 0.1898978054523468 236
1585024045980 0.18744225800037384 237
1585024078674 0.18436439335346222 238
1585024111246 0.18545743823051453 239
1585024143953 0.18739266693592072 240
1585024176664 0.18689876794815063 241
1585024209210 0.18555378913879395 242
1585024242244 0.181277334690094 243
1585024274927 0.18071149289608002 244
1585024307831 0.1855597198009491 245
1585024340770 0.18046817183494568 246
1585024373337 0.1797017902135849 247
1585024406212 0.17736683785915375 248
1585024439398 0.1835452914237976 249
1585024472730 0.1809753179550171 250
1585024505958 0.17962802946567535 251
1585024539514 0.18401460349559784 252
1585024572647 0.18598303198814392 253
1585024605630 0.17950230836868286 254
1585024638986 0.17861467599868774 255
1585024672438 0.1791020631790161 256
1585024705802 0.18451660871505737 257
1585024738909 0.1930989921092987 258
1585024772315 0.18071335554122925 259
1585024806021 0.18443147838115692 260
1585024839433 0.1808970868587494 261
1585024872600 0.1796189844608307 262
1585024906258 0.17333699762821198 263
1585024939523 0.17790178954601288 264
1585024972744 0.17909720540046692 265
1585025005994 0.17512080073356628 266
1585025038865 0.17663848400115967 267
1585025071954 0.18123707175254822 268
1585025104925 0.1783371865749359 269
1585025138084 0.17433667182922363 270
1585025171242 0.18137919902801514 271
1585025204521 0.1802271008491516 272
1585025237695 0.17399054765701294 273
1585025270991 0.18514609336853027 274
1585025304874 0.1744489073753357 275
1585025338476 0.17856919765472412 276
1585025371944 0.17662972211837769 277
1585025405448 0.18747667968273163 278
1585025438778 0.1767253875732422 279
1585025472146 0.17591094970703125 280
1585025506691 0.17323143780231476 281
1585025539696 0.1753470003604889 282
1585025572595 0.17389731109142303 283
1585025605639 0.17091897130012512 284
1585025638308 0.17435912787914276 285
1585025671258 0.1712937206029892 286
1585025703982 0.17265018820762634 287
1585025736468 0.17689149081707 288
1585025769123 0.1703554093837738 289
1585025801955 0.16793715953826904 290
1585025834425 0.1791682243347168 291
1585025867115 0.17363733053207397 292
1585025899527 0.1744670271873474 293
1585025932348 0.17267967760562897 294
1585025965278 0.16914838552474976 295
1585025997670 0.1704871654510498 296
1585026031056 0.16896019876003265 297
1585026063735 0.17172406613826752 298
1585026096248 0.1770412027835846 299
1585026128828 0.17194509506225586 300
