1585016087191 0.03085637465119362 0
1585016120415 0.00690716877579689 1
1585016154005 0.004582756198942661 2
1585016187917 0.007683745585381985 3
1585016221391 0.01303008385002613 4
1585016256534 0.01931742951273918 5
1585016290197 0.01894308440387249 6
1585016323485 0.011511923745274544 7
1585016357603 0.008191276341676712 8
1585016391241 0.0032141604460775852 9
1585016425193 0.003730224911123514 10
1585016458870 0.0031464197672903538 11
1585016492205 0.005860237870365381 12
1585016525558 0.010482033714652061 13
1585016558941 0.014628369361162186 14
1585016592276 0.01766238734126091 15
1585016625590 0.019583478569984436 16
1585016659739 0.021120287477970123 17
1585016693439 0.021927833557128906 18
1585016727880 0.021720457822084427 19
1585016761824 0.021336272358894348 20
1585016795501 0.019999049603939056 21
1585016828826 0.018352825194597244 22
1585016862366 0.01773773692548275 23
1585016896994 0.016921792179346085 24
1585016930573 0.01592426747083664 25
1585016963850 0.014772229827940464 26
1585016997235 0.013616358861327171 27
1585017030403 0.01231473684310913 28
1585017063751 0.011787963099777699 29
1585017097280 0.011579049751162529 30
1585017132036 0.011374300345778465 31
1585017165393 0.010880514979362488 32
1585017199336 0.01130843535065651 33
1585017233756 0.011118250899016857 34
1585017267336 0.010502876713871956 35
1585017300898 0.010427212342619896 36
1585017334385 0.010958806611597538 37
1585017368007 0.010883680544793606 38
1585017401266 0.010672328993678093 39
1585017434729 0.009062716737389565 40
1585017468107 0.009738627821207047 41
1585017501562 0.008781492710113525 42
1585017534802 0.008154909126460552 43
1585017568509 0.008735603652894497 44
1585017602407 0.007851546630263329 45
1585017636249 0.007904980331659317 46
1585017669772 0.0072976769879460335 47
1585017703121 0.008613266982138157 48
1585017736201 0.007233981043100357 49
1585017769520 0.007192008197307587 50
1585017803513 0.007522818632423878 51
1585017836819 0.006860163062810898 52
1585017870403 0.007212668191641569 53
1585017903757 0.0070319026708602905 54
1585017937170 0.006738500669598579 55
1585017972712 0.007099054753780365 56
1585018006444 0.006846476346254349 57
1585018040113 0.0063678729347884655 58
1585018073469 0.006562238559126854 59
1585018107069 0.0073421308770775795 60
1585018140705 0.006455743685364723 61
1585018174090 0.006318976171314716 62
1585018207577 0.006042973138391972 63
1585018241161 0.0069491071626544 64
1585018274663 0.00670802965760231 65
1585018308358 0.006560207810252905 66
1585018341804 0.006156811490654945 67
1585018375317 0.00635990034788847 68
1585018408583 0.006324898451566696 69
1585018442539 0.006473586894571781 70
1585018475672 0.006478393450379372 71
1585018508824 0.005825419910252094 72
1585018542210 0.006572266109287739 73
1585018575765 0.006103686988353729 74
1585018609752 0.006458910182118416 75
1585018643027 0.006261194124817848 76
1585018676515 0.0062595391646027565 77
1585018710711 0.006198311224579811 78
1585018744256 0.006450287066400051 79
1585018777780 0.006403523497283459 80
1585018811645 0.005844092927873135 81
1585018844896 0.005461737047880888 82
1585018878134 0.006265898235142231 83
1585018911654 0.0062993373721838 84
1585018945163 0.0060867611318826675 85
1585018979058 0.007126340176910162 86
1585019012482 0.005838532000780106 87
1585019046121 0.006747465580701828 88
1585019079600 0.006040647625923157 89
1585019113547 0.006133435294032097 90
1585019147260 0.006283503957092762 91
1585019180554 0.006717909127473831 92
1585019213666 0.006935476791113615 93
1585019247403 0.0063477372750639915 94
1585019280750 0.007799386978149414 95
1585019314173 0.006574498489499092 96
1585019347646 0.007761519867926836 97
1585019381012 0.0067101432941854 98
1585019414338 0.006377714686095715 99
1585019447753 0.006417565047740936 100
1585019481207 0.006385106593370438 101
1585019515032 0.006823403295129538 102
1585019548206 0.006714235059916973 103
1585019581455 0.006737206131219864 104
1585019615208 0.006603413261473179 105
1585019648399 0.006336440332233906 106
1585019681534 0.006019127555191517 107
1585019714993 0.006761884316802025 108
1585019749117 0.006207770202308893 109
1585019783082 0.006266826298087835 110
1585019816430 0.007214155979454517 111
1585019850468 0.0069582415744662285 112
1585019884149 0.006471722386777401 113
1585019918071 0.0071724094450473785 114
1585019952079 0.006630094721913338 115
1585019985347 0.00674339197576046 116
1585020019093 0.0066309729591012 117
1585020052402 0.005871191620826721 118
1585020085711 0.00633712625131011 119
1585020118971 0.006611283868551254 120
1585020153592 0.0068609402514994144 121
1585020187126 0.006302970461547375 122
1585020220772 0.006634929217398167 123
1585020254721 0.007136989384889603 124
1585020288376 0.006766913458704948 125
1585020322044 0.006674529984593391 126
1585020355356 0.006225783843547106 127
1585020388809 0.006148067303001881 128
1585020422314 0.007043085061013699 129
1585020455721 0.006320466287434101 130
1585020489400 0.0070472825318574905 131
1585020522924 0.00706894276663661 132
1585020556637 0.0062388526275753975 133
1585020590153 0.005889548920094967 134
1585020623512 0.006990058347582817 135
1585020657472 0.007435038220137358 136
1585020690876 0.006283896043896675 137
1585020725272 0.006736244075000286 138
1585020758830 0.006469557527452707 139
1585020794015 0.006447554565966129 140
1585020829066 0.0064049530774354935 141
1585020862579 0.007048377301543951 142
1585020896515 0.006994215771555901 143
1585020930119 0.006562238559126854 144
1585020963473 0.006317649036645889 145
1585020997933 0.006793363019824028 146
1585021031347 0.006674579344689846 147
1585021064952 0.006896913517266512 148
1585021098570 0.006385196000337601 149
1585021132062 0.006349325180053711 150
1585021166602 0.007498373743146658 151
1585021200425 0.007046085316687822 152
1585021234101 0.006592438090592623 153
1585021267380 0.006608792580664158 154
1585021301287 0.00693441741168499 155
1585021334727 0.006815957371145487 156
1585021368136 0.006806420162320137 157
1585021401530 0.006700166035443544 158
1585021435130 0.0066866325214505196 159
1585021468396 0.006626361049711704 160
1585021503989 0.007038692012429237 161
1585021537584 0.006269058212637901 162
1585021571160 0.007215637713670731 163
1585021604254 0.007244722917675972 164
1585021637900 0.007381531409919262 165
1585021671350 0.006503719836473465 166
1585021704666 0.006904697511345148 167
1585021738023 0.006135120522230864 168
1585021771858 0.007215735502541065 169
1585021805649 0.006402409635484219 170
1585021839935 0.006556305103003979 171
1585021874286 0.006868204101920128 172
1585021907850 0.00674770213663578 173
1585021941234 0.0063465191051363945 174
1585021974826 0.006670795846730471 175
1585022008391 0.006903638131916523 176
1585022041733 0.006080682389438152 177
1585022075439 0.006770214065909386 178
1585022108572 0.006612588185817003 179
1585022142723 0.007248321548104286 180
1585022176396 0.0062589156441390514 181
1585022210637 0.0074793631210923195 182
1585022244073 0.005920300260186195 183
1585022277984 0.006197286769747734 184
1585022311504 0.006099056452512741 185
1585022345164 0.006970349699258804 186
1585022379817 0.007531438022851944 187
1585022413192 0.006604867056012154 188
1585022447299 0.007625293452292681 189
1585022480559 0.0058602518402040005 190
1585022514691 0.006070023402571678 191
1585022547859 0.006866212468594313 192
1585022581074 0.006236839573830366 193
1585022614537 0.006605440750718117 194
1585022648182 0.006599134765565395 195
1585022681374 0.0069435397163033485 196
1585022715049 0.005440797656774521 197
1585022748627 0.006951595656573772 198
1585022782071 0.006399962585419416 199
1585022815658 0.006385749205946922 200
1585022849077 0.006769147701561451 201
1585022882458 0.006876015104353428 202
1585022915753 0.006672184448689222 203
1585022949376 0.0070312959142029285 204
1585022983024 0.006348572671413422 205
1585023016481 0.006675561890006065 206
1585023050223 0.006848151795566082 207
1585023084082 0.006977965123951435 208
1585023117495 0.006617301143705845 209
1585023151028 0.006777789443731308 210
1585023184793 0.006806343328207731 211
1585023218170 0.006874768063426018 212
1585023251670 0.007405256852507591 213
1585023285170 0.005675080697983503 214
1585023318607 0.0068703293800354 215
1585023351926 0.00676700659096241 216
1585023385194 0.006291835568845272 217
1585023418523 0.006418275646865368 218
1585023451909 0.007565257605165243 219
1585023485812 0.006900149397552013 220
1585023519277 0.006882986985146999 221
1585023552738 0.006438807584345341 222
1585023586289 0.006379719823598862 223
1585023619985 0.006843757815659046 224
1585023653113 0.006004985421895981 225
1585023686701 0.007209273055195808 226
1585023719482 0.006616452243179083 227
1585023752868 0.00610092980787158 228
1585023785371 0.006599769461899996 229
1585023818007 0.005865222774446011 230
1585023850579 0.006685237865895033 231
1585023883025 0.005851975176483393 232
1585023915610 0.006764044053852558 233
1585023948133 0.006329024210572243 234
1585023980691 0.006661631166934967 235
1585024013273 0.006015090271830559 236
1585024045980 0.006693871691823006 237
1585024078674 0.006910013034939766 238
1585024111246 0.007856378331780434 239
1585024143953 0.006025615148246288 240
1585024176664 0.006176130846142769 241
1585024209210 0.006586764007806778 242
1585024242244 0.006841952912509441 243
1585024274927 0.006434171460568905 244
1585024307831 0.006605637259781361 245
1585024340770 0.006759357638657093 246
1585024373337 0.006155875511467457 247
1585024406212 0.006879107095301151 248
1585024439398 0.005781627260148525 249
1585024472730 0.0072621433064341545 250
1585024505958 0.006451589986681938 251
1585024539514 0.0059682526625692844 252
1585024572647 0.006720428355038166 253
1585024605630 0.006561946123838425 254
1585024638986 0.006623928435146809 255
1585024672438 0.006810331251472235 256
1585024705802 0.0066493721678853035 257
1585024738909 0.005778550170361996 258
1585024772315 0.006790596060454845 259
1585024806021 0.005657726898789406 260
1585024839433 0.006023915018886328 261
1585024872600 0.0056267837062478065 262
1585024906258 0.007066698744893074 263
1585024939523 0.006728031672537327 264
1585024972744 0.006294804159551859 265
1585025005994 0.006611173041164875 266
1585025038865 0.006207378581166267 267
1585025071954 0.007386611774563789 268
1585025104925 0.0067296018823981285 269
1585025138084 0.0067466977052390575 270
1585025171242 0.007046757265925407 271
1585025204521 0.0059357695281505585 272
1585025237695 0.0067054773680865765 273
1585025270991 0.006883478723466396 274
1585025304874 0.006841195281594992 275
1585025338476 0.005734410136938095 276
1585025371944 0.006327903363853693 277
1585025405448 0.005697890650480986 278
1585025438778 0.0063991546630859375 279
1585025472146 0.006051314063370228 280
1585025506691 0.006116053089499474 281
1585025539696 0.005991457495838404 282
1585025572595 0.00602208124473691 283
1585025605639 0.006166549399495125 284
1585025638308 0.006735450588166714 285
1585025671258 0.006260189693421125 286
1585025703982 0.006250413134694099 287
1585025736468 0.006273473147302866 288
1585025769123 0.006534416228532791 289
1585025801955 0.006849038414657116 290
1585025834425 0.005628093611449003 291
1585025867115 0.006256058346480131 292
1585025899527 0.006351672578603029 293
1585025932348 0.005975791718810797 294
1585025965278 0.006377724464982748 295
1585025997670 0.006655009463429451 296
1585026031056 0.00636545242741704 297
1585026063735 0.006301816552877426 298
1585026096248 0.006664830259978771 299
1585026128828 0.006446989253163338 300
