1585016087191 0.30811119079589844 0
1585016120415 0.4400889277458191 1
1585016154005 0.6125553846359253 2
1585016187917 0.6753479242324829 3
1585016221391 0.67976313829422 4
1585016256534 0.6763565540313721 5
1585016290197 0.67746502161026 6
1585016323485 0.6831059455871582 7
1585016357603 0.6787254810333252 8
1585016391241 0.6789222955703735 9
1585016425193 0.6816486120223999 10
1585016458870 0.6781189441680908 11
1585016492205 0.6922174692153931 12
1585016525558 0.7085525989532471 13
1585016558941 0.7557567358016968 14
1585016592276 0.7917603254318237 15
1585016625590 0.8136444687843323 16
1585016659739 0.8254713416099548 17
1585016693439 0.8358144164085388 18
1585016727880 0.8441662788391113 19
1585016761824 0.8399287462234497 20
1585016795501 0.8405157327651978 21
1585016828826 0.8334925174713135 22
1585016862366 0.8436668515205383 23
1585016896994 0.8493221402168274 24
1585016930573 0.8429816961288452 25
1585016963850 0.8414304256439209 26
1585016997235 0.8395265340805054 27
1585017030403 0.8462639451026917 28
1585017063751 0.8389304876327515 29
1585017097280 0.8445541858673096 30
1585017132036 0.8458762168884277 31
1585017165393 0.8469253182411194 32
1585017199336 0.8501789569854736 33
1585017233756 0.862375020980835 34
1585017267336 0.8526241779327393 35
1585017300898 0.8557478189468384 36
1585017334385 0.8631600141525269 37
1585017368007 0.8622373342514038 38
1585017401266 0.8687312602996826 39
1585017434729 0.8621090054512024 40
1585017468107 0.8656229972839355 41
1585017501562 0.8645972609519958 42
1585017534802 0.8646079897880554 43
1585017568509 0.87181556224823 44
1585017602407 0.8641568422317505 45
1585017636249 0.8660961389541626 46
1585017669772 0.863541305065155 47
1585017703121 0.8674930334091187 48
1585017736201 0.8694703578948975 49
1585017769520 0.8630408048629761 50
1585017803513 0.8769270181655884 51
1585017836819 0.8633998036384583 52
1585017870403 0.8730277419090271 53
1585017903757 0.8741322159767151 54
1585017937170 0.8665273785591125 55
1585017972712 0.8712639808654785 56
1585018006444 0.8775075674057007 57
1585018040113 0.8774157762527466 58
1585018073469 0.8796877861022949 59
1585018107069 0.8787628412246704 60
1585018140705 0.8812602758407593 61
1585018174090 0.8761934041976929 62
1585018207577 0.8709888458251953 63
1585018241161 0.8816362619400024 64
1585018274663 0.8835229277610779 65
1585018308358 0.8804676532745361 66
1585018341804 0.8838282823562622 67
1585018375317 0.8822886347770691 68
1585018408583 0.8828692436218262 69
1585018442539 0.8843706846237183 70
1585018475672 0.8811540603637695 71
1585018508824 0.8858696222305298 72
1585018542210 0.8905380964279175 73
1585018575765 0.8818628191947937 74
1585018609752 0.8880642652511597 75
1585018643027 0.8879895806312561 76
1585018676515 0.8860989809036255 77
1585018710711 0.8910336494445801 78
1585018744256 0.8856076002120972 79
1585018777780 0.8933436274528503 80
1585018811645 0.8890678882598877 81
1585018844896 0.8878271579742432 82
1585018878134 0.8834202289581299 83
1585018911654 0.8884613513946533 84
1585018945163 0.8912025690078735 85
1585018979058 0.891270637512207 86
1585019012482 0.8957464694976807 87
1585019046121 0.8954833149909973 88
1585019079600 0.8919283151626587 89
1585019113547 0.8958422541618347 90
1585019147260 0.8958855867385864 91
1585019180554 0.8996183276176453 92
1585019213666 0.9004803895950317 93
1585019247403 0.8991875648498535 94
1585019280750 0.8999157547950745 95
1585019314173 0.9005671143531799 96
1585019347646 0.9085205793380737 97
1585019381012 0.9018405675888062 98
1585019414338 0.8999854326248169 99
1585019447753 0.9064385890960693 100
1585019481207 0.9019784331321716 101
1585019515032 0.9027566909790039 102
1585019548206 0.902888834476471 103
1585019581455 0.9029256105422974 104
1585019615208 0.9079804420471191 105
1585019648399 0.9088821411132812 106
1585019681534 0.9001752138137817 107
1585019714993 0.908897876739502 108
1585019749117 0.9055671095848083 109
1585019783082 0.9001334309577942 110
1585019816430 0.906303346157074 111
1585019850468 0.9065103530883789 112
1585019884149 0.8992069363594055 113
1585019918071 0.9129229784011841 114
1585019952079 0.9099801778793335 115
1585019985347 0.9061161279678345 116
1585020019093 0.910620927810669 117
1585020052402 0.8978822827339172 118
1585020085711 0.9094924926757812 119
1585020118971 0.9129950404167175 120
1585020153592 0.9120504856109619 121
1585020187126 0.9049681425094604 122
1585020220772 0.9084117412567139 123
1585020254721 0.9138401746749878 124
1585020288376 0.9070384502410889 125
1585020322044 0.9146866798400879 126
1585020355356 0.9164515733718872 127
1585020388809 0.9079399704933167 128
1585020422314 0.914644718170166 129
1585020455721 0.9092857837677002 130
1585020489400 0.9063818454742432 131
1585020522924 0.9118732213973999 132
1585020556637 0.9034191370010376 133
1585020590153 0.905999481678009 134
1585020623512 0.9103391170501709 135
1585020657472 0.9112694263458252 136
1585020690876 0.9151177406311035 137
1585020725272 0.9060244560241699 138
1585020758830 0.916189432144165 139
1585020794015 0.9132440090179443 140
1585020829066 0.913068413734436 141
1585020862579 0.9133685827255249 142
1585020896515 0.9177657961845398 143
1585020930119 0.9163257479667664 144
1585020963473 0.9178391695022583 145
1585020997933 0.9144389629364014 146
1585021031347 0.9129806756973267 147
1585021064952 0.9144387245178223 148
1585021098570 0.9090545773506165 149
1585021132062 0.9104686975479126 150
1585021166602 0.9168368577957153 151
1585021200425 0.9221709966659546 152
1585021234101 0.9219807386398315 153
1585021267380 0.9177566766738892 154
1585021301287 0.9132610559463501 155
1585021334727 0.9139004349708557 156
1585021368136 0.9193655848503113 157
1585021401530 0.925132155418396 158
1585021435130 0.9149919748306274 159
1585021468396 0.921007513999939 160
1585021503989 0.9190210103988647 161
1585021537584 0.919398307800293 162
1585021571160 0.9230331182479858 163
1585021604254 0.9233790636062622 164
1585021637900 0.9219350814819336 165
1585021671350 0.9193878769874573 166
1585021704666 0.9234104156494141 167
1585021738023 0.9214541912078857 168
1585021771858 0.9172351360321045 169
1585021805649 0.9204806685447693 170
1585021839935 0.9175823330879211 171
1585021874286 0.9202605485916138 172
1585021907850 0.917111873626709 173
1585021941234 0.9155356884002686 174
1585021974826 0.922810435295105 175
1585022008391 0.9203838109970093 176
1585022041733 0.9183121919631958 177
1585022075439 0.9185490608215332 178
1585022108572 0.9199248552322388 179
1585022142723 0.9222992658615112 180
1585022176396 0.919477105140686 181
1585022210637 0.928546667098999 182
1585022244073 0.9193289279937744 183
1585022277984 0.9258409738540649 184
1585022311504 0.9189003705978394 185
1585022345164 0.9213963747024536 186
1585022379817 0.9264776706695557 187
1585022413192 0.9228548407554626 188
1585022447299 0.9227002859115601 189
1585022480559 0.922632098197937 190
1585022514691 0.9244637489318848 191
1585022547859 0.9150431156158447 192
1585022581074 0.9244667291641235 193
1585022614537 0.9348793029785156 194
1585022648182 0.9257874488830566 195
1585022681374 0.9272154569625854 196
1585022715049 0.9203274250030518 197
1585022748627 0.9270871877670288 198
1585022782071 0.9239646196365356 199
1585022815658 0.9243668913841248 200
1585022849077 0.9276204109191895 201
1585022882458 0.9207284450531006 202
1585022915753 0.9268001317977905 203
1585022949376 0.9333359003067017 204
1585022983024 0.9231719970703125 205
1585023016481 0.9276204109191895 206
1585023050223 0.9236921072006226 207
1585023084082 0.925965428352356 208
1585023117495 0.9302552938461304 209
1585023151028 0.9235466718673706 210
1585023184793 0.9261724948883057 211
1585023218170 0.9305057525634766 212
1585023251670 0.9264136552810669 213
1585023285170 0.919579267501831 214
1585023318607 0.929976224899292 215
1585023351926 0.9252302646636963 216
1585023385194 0.9283959865570068 217
1585023418523 0.9258699417114258 218
1585023451909 0.9328091144561768 219
1585023485812 0.9246864914894104 220
1585023519277 0.9328430891036987 221
1585023552738 0.9305357336997986 222
1585023586289 0.9324133992195129 223
1585023619985 0.9290183782577515 224
1585023653113 0.9252172708511353 225
1585023686701 0.9342557191848755 226
1585023719482 0.9213571548461914 227
1585023752868 0.9257597327232361 228
1585023785371 0.9267594218254089 229
1585023818007 0.9234929084777832 230
1585023850579 0.934004008769989 231
1585023883025 0.9272822737693787 232
1585023915610 0.9310466647148132 233
1585023948133 0.9284523725509644 234
1585023980691 0.9319390058517456 235
1585024013273 0.9272902011871338 236
1585024045980 0.9338939189910889 237
1585024078674 0.9323410987854004 238
1585024111246 0.9305109977722168 239
1585024143953 0.9282584190368652 240
1585024176664 0.9262157678604126 241
1585024209210 0.9301151037216187 242
1585024242244 0.9321486949920654 243
1585024274927 0.9316167831420898 244
1585024307831 0.9289672374725342 245
1585024340770 0.9342583417892456 246
1585024373337 0.9347718358039856 247
1585024406212 0.9315630197525024 248
1585024439398 0.9244953393936157 249
1585024472730 0.9343224763870239 250
1585024505958 0.9340904951095581 251
1585024539514 0.9288270473480225 252
1585024572647 0.935147762298584 253
1585024605630 0.9344102740287781 254
1585024638986 0.9356889724731445 255
1585024672438 0.934199333190918 256
1585024705802 0.9310349225997925 257
1585024738909 0.9219977855682373 258
1585024772315 0.9335612058639526 259
1585024806021 0.9297311305999756 260
1585024839433 0.9312983155250549 261
1585024872600 0.9252185225486755 262
1585024906258 0.9327960014343262 263
1585024939523 0.9352161884307861 264
1585024972744 0.9370084404945374 265
1585025005994 0.9412956833839417 266
1585025038865 0.9345595836639404 267
1585025071954 0.9353994727134705 268
1585025104925 0.933242678642273 269
1585025138084 0.937423825263977 270
1585025171242 0.9363967776298523 271
1585025204521 0.930677056312561 272
1585025237695 0.9427540302276611 273
1585025270991 0.929107666015625 274
1585025304874 0.9373517036437988 275
1585025338476 0.9306339621543884 276
1585025371944 0.934826672077179 277
1585025405448 0.9271066188812256 278
1585025438778 0.9314109086990356 279
1585025472146 0.9365760684013367 280
1585025506691 0.93413245677948 281
1585025539696 0.937439501285553 282
1585025572595 0.9382952451705933 283
1585025605639 0.9367687702178955 284
1585025638308 0.9343812465667725 285
1585025671258 0.9374802112579346 286
1585025703982 0.9349067807197571 287
1585025736468 0.9308696389198303 288
1585025769123 0.937355637550354 289
1585025801955 0.934628963470459 290
1585025834425 0.9329937100410461 291
1585025867115 0.9339084625244141 292
1585025899527 0.9319523572921753 293
1585025932348 0.9326910972595215 294
1585025965278 0.940092921257019 295
1585025997670 0.9382257461547852 296
1585026031056 0.9416455030441284 297
1585026063735 0.9384471774101257 298
1585026096248 0.9331365823745728 299
1585026128828 0.9324697256088257 300
