1585015532879 0.8505749702453613 0
1585015566080 0.7585116624832153 1
1585015600155 0.7089470028877258 2
1585015633467 0.6807082295417786 3
1585015666532 0.674106240272522 4
1585015699872 0.6565452218055725 5
1585015733143 0.6397882103919983 6
1585015766431 0.6151897311210632 7
1585015800432 0.5986522436141968 8
1585015833534 0.5684323906898499 9
1585015867846 0.5553660988807678 10
1585015900961 0.5339029431343079 11
1585015936291 0.5198601484298706 12
1585015969213 0.506274938583374 13
1585016002300 0.49064505100250244 14
1585016035625 0.47962135076522827 15
1585016069704 0.46864187717437744 16
1585016103411 0.4581456780433655 17
1585016137235 0.4508223533630371 18
1585016170759 0.43744340538978577 19
1585016204656 0.43292465806007385 20
1585016238054 0.42328906059265137 21
1585016271784 0.4203903079032898 22
1585016305371 0.41304123401641846 23
1585016339320 0.40301600098609924 24
1585016372988 0.4023699164390564 25
1585016406541 0.395912766456604 26
1585016440013 0.39316362142562866 27
1585016473804 0.38746052980422974 28
1585016507927 0.38242197036743164 29
1585016541204 0.3762267827987671 30
1585016574628 0.37420931458473206 31
1585016608122 0.37446290254592896 32
1585016641958 0.36484843492507935 33
1585016675480 0.3601154088973999 34
1585016710181 0.35502317547798157 35
1585016743801 0.35827669501304626 36
1585016777660 0.3489896357059479 37
1585016810977 0.3458871841430664 38
1585016844891 0.3422679007053375 39
1585016878307 0.34353354573249817 40
1585016911754 0.3384924829006195 41
1585016945040 0.33826199173927307 42
1585016978691 0.3365025222301483 43
1585017012599 0.3327013850212097 44
1585017046049 0.33698350191116333 45
1585017079217 0.3337990343570709 46
1585017112494 0.3336719572544098 47
1585017145917 0.3282320201396942 48
1585017179766 0.3282967209815979 49
1585017212953 0.32719510793685913 50
1585017246497 0.322846919298172 51
1585017280043 0.32886409759521484 52
1585017313849 0.31862619519233704 53
1585017347658 0.32820025086402893 54
1585017381469 0.328861802816391 55
1585017415091 0.3262898027896881 56
1585017448395 0.32286325097084045 57
1585017481929 0.32276391983032227 58
1585017515277 0.3239573836326599 59
1585017548583 0.3195103704929352 60
1585017582159 0.31560298800468445 61
1585017615508 0.32233327627182007 62
1585017648970 0.33004269003868103 63
1585017682594 0.3188244700431824 64
1585017715934 0.3229001760482788 65
1585017749811 0.3240031898021698 66
1585017783249 0.3190961480140686 67
1585017816554 0.32252010703086853 68
1585017849941 0.3217707872390747 69
1585017883772 0.32773557305336 70
1585017917088 0.3169604539871216 71
1585017950633 0.3272629678249359 72
1585017984045 0.3215470314025879 73
1585018017526 0.32025983929634094 74
1585018051153 0.3225844204425812 75
1585018085020 0.32305142283439636 76
1585018118102 0.3240356743335724 77
1585018151630 0.3284774422645569 78
1585018185234 0.32439377903938293 79
1585018218367 0.3175644874572754 80
1585018251584 0.3283231556415558 81
1585018284955 0.3318101167678833 82
1585018318154 0.3429422676563263 83
1585018351264 0.3286356031894684 84
1585018385807 0.3328600823879242 85
1585018419425 0.32424500584602356 86
1585018452728 0.3320585787296295 87
1585018486413 0.3234739303588867 88
1585018520029 0.33025631308555603 89
1585018553300 0.33085694909095764 90
1585018587101 0.3319951295852661 91
1585018621423 0.33532729744911194 92
1585018654746 0.33581823110580444 93
1585018688815 0.3372862935066223 94
1585018722258 0.3336593210697174 95
1585018755652 0.3397219181060791 96
1585018789796 0.3378945291042328 97
1585018823723 0.347038596868515 98
1585018857238 0.3457029163837433 99
1585018890643 0.34350815415382385 100
1585018924065 0.35013729333877563 101
1585018957268 0.35327020287513733 102
1585018991503 0.3561248481273651 103
1585019025462 0.3538179397583008 104
1585019059248 0.36062324047088623 105
1585019092446 0.3565196394920349 106
1585019125744 0.3609752058982849 107
1585019159621 0.3576963245868683 108
1585019192719 0.3582572042942047 109
1585019226771 0.3592357635498047 110
1585019260314 0.357160747051239 111
1585019293628 0.35972556471824646 112
1585019326816 0.36339226365089417 113
1585019360149 0.3592042922973633 114
1585019393994 0.3624936044216156 115
1585019427564 0.36253178119659424 116
1585019461071 0.3572345972061157 117
1585019495059 0.3640718162059784 118
1585019528293 0.3571637272834778 119
1585019561880 0.3527158796787262 120
1585019595265 0.3553846776485443 121
1585019629077 0.35593557357788086 122
1585019662714 0.35434120893478394 123
1585019696231 0.3488635718822479 124
1585019730042 0.357712060213089 125
1585019763474 0.34840577840805054 126
1585019796675 0.3545770049095154 127
1585019831876 0.3527873456478119 128
1585019865220 0.3475504219532013 129
1585019898808 0.35399484634399414 130
1585019932610 0.35017645359039307 131
1585019966142 0.34963932633399963 132
1585020000069 0.35674217343330383 133
1585020033556 0.3525482416152954 134
1585020066870 0.34758448600769043 135
1585020101089 0.34919002652168274 136
1585020135050 0.35334959626197815 137
1585020168687 0.34259912371635437 138
1585020202252 0.35157647728919983 139
1585020235835 0.3466262221336365 140
1585020269804 0.34573522210121155 141
1585020303244 0.3457096517086029 142
1585020336888 0.34668222069740295 143
1585020370272 0.35027191042900085 144
1585020404142 0.3460325300693512 145
1585020437270 0.341813862323761 146
1585020470599 0.34686413407325745 147
1585020504071 0.34550079703330994 148
1585020538301 0.35759833455085754 149
1585020571761 0.34938329458236694 150
1585020605060 0.34934091567993164 151
1585020639059 0.3467884659767151 152
1585020672456 0.3487185537815094 153
1585020705940 0.3491450548171997 154
1585020740466 0.3464324474334717 155
1585020774095 0.3498986065387726 156
1585020807546 0.34996333718299866 157
1585020840896 0.3503488600254059 158
1585020874420 0.34774988889694214 159
1585020907669 0.34173762798309326 160
1585020941424 0.353804349899292 161
1585020974834 0.351435124874115 162
1585021008375 0.3508802056312561 163
1585021043053 0.3534814119338989 164
1585021076819 0.34644681215286255 165
1585021110020 0.34759458899497986 166
1585021143381 0.3533206284046173 167
1585021177716 0.35413822531700134 168
1585021211597 0.34642094373703003 169
1585021245534 0.349383682012558 170
1585021279312 0.3477759063243866 171
1585021312708 0.3498559892177582 172
1585021346051 0.34665048122406006 173
1585021379453 0.34632009267807007 174
1585021412705 0.3407818078994751 175
1585021445844 0.34707361459732056 176
1585021479618 0.3535016179084778 177
1585021512994 0.3506365716457367 178
1585021547656 0.341937780380249 179
1585021580957 0.34783950448036194 180
1585021614221 0.34331271052360535 181
1585021647627 0.34449177980422974 182
1585021681095 0.349226176738739 183
1585021715035 0.34440967440605164 184
1585021748323 0.3511843979358673 185
1585021781953 0.34713345766067505 186
1585021815351 0.34463822841644287 187
1585021849015 0.34262707829475403 188
1585021882545 0.3473571836948395 189
1585021915814 0.34930238127708435 190
1585021949601 0.34448689222335815 191
1585021983312 0.34954532980918884 192
1585022017261 0.343473881483078 193
1585022050581 0.34186699986457825 194
1585022083854 0.3412535786628723 195
1585022117297 0.348874032497406 196
1585022151082 0.3502861559391022 197
1585022184500 0.3427456319332123 198
1585022217699 0.33985206484794617 199
1585022251266 0.3513908386230469 200
1585022284609 0.3398025631904602 201
1585022318184 0.3490680158138275 202
1585022351668 0.34756484627723694 203
1585022384960 0.33816832304000854 204
1585022418743 0.3455658257007599 205
1585022452629 0.3456462025642395 206
1585022486363 0.34843364357948303 207
1585022520041 0.34774845838546753 208
1585022553151 0.34674373269081116 209
1585022586536 0.34458127617836 210
1585022620040 0.34409546852111816 211
1585022653650 0.34140825271606445 212
1585022687139 0.34351107478141785 213
1585022721615 0.3483831584453583 214
1585022755060 0.34145596623420715 215
1585022788339 0.34485578536987305 216
1585022821637 0.34279003739356995 217
1585022855116 0.3435782492160797 218
1585022888646 0.34105032682418823 219
1585022922677 0.35077208280563354 220
1585022956527 0.3454435169696808 221
1585022990588 0.33516746759414673 222
1585023024220 0.3460572361946106 223
1585023057599 0.3428698778152466 224
1585023090729 0.3439810276031494 225
1585023124822 0.34391704201698303 226
1585023158513 0.3526152968406677 227
1585023191714 0.34472599625587463 228
1585023225620 0.34383338689804077 229
1585023259119 0.3520420789718628 230
1585023292378 0.3432006537914276 231
1585023325688 0.3450111746788025 232
1585023358749 0.3484381437301636 233
1585023392073 0.3440481722354889 234
1585023425513 0.34135016798973083 235
1585023458883 0.3404027223587036 236
1585023493947 0.3436357080936432 237
1585023527466 0.34680962562561035 238
1585023560764 0.3432876467704773 239
1585023595149 0.34647220373153687 240
1585023628133 0.33994191884994507 241
1585023661051 0.34127214550971985 242
1585023694739 0.34184083342552185 243
1585023727601 0.3418320417404175 244
1585023760380 0.3418578505516052 245
1585023793109 0.3433956205844879 246
1585023825624 0.3386927843093872 247
1585023858110 0.33336731791496277 248
1585023891001 0.346880704164505 249
1585023923664 0.3444591164588928 250
1585023956252 0.34206971526145935 251
1585023988934 0.3492812216281891 252
1585024021715 0.3495268225669861 253
1585024054383 0.34507879614830017 254
1585024087548 0.3450412452220917 255
1585024120163 0.346666157245636 256
1585024152822 0.33569175004959106 257
1585024185565 0.3537243902683258 258
1585024217793 0.34423890709877014 259
1585024250228 0.34552788734436035 260
1585024283560 0.3461202383041382 261
1585024316054 0.34598416090011597 262
1585024349178 0.33885684609413147 263
1585024382331 0.33894774317741394 264
1585024415271 0.34362685680389404 265
1585024448548 0.33836987614631653 266
1585024481697 0.33709990978240967 267
1585024515296 0.33802348375320435 268
1585024548698 0.34779930114746094 269
1585024581982 0.3430173695087433 270
1585024615186 0.3409197926521301 271
1585024648087 0.35354846715927124 272
1585024681048 0.3418751358985901 273
1585024714019 0.3448752760887146 274
1585024747290 0.33940404653549194 275
1585024780132 0.34580108523368835 276
1585024813476 0.3422815203666687 277
1585024846583 0.3480927050113678 278
1585024879852 0.34741896390914917 279
1585024914385 0.34132155776023865 280
1585024947728 0.34895089268684387 281
1585024981073 0.3427395522594452 282
1585025015309 0.34741488099098206 283
1585025048798 0.34077751636505127 284
1585025082120 0.3428783416748047 285
1585025115391 0.3388216197490692 286
1585025148438 0.33933237195014954 287
1585025181822 0.34685641527175903 288
1585025214956 0.3393903970718384 289
1585025248225 0.33974114060401917 290
1585025282728 0.34224316477775574 291
1585025316008 0.3431831896305084 292
1585025348919 0.34088221192359924 293
1585025382185 0.3409713804721832 294
1585025415572 0.3376554250717163 295
1585025448789 0.34040072560310364 296
1585025483010 0.3389315903186798 297
1585025516102 0.3455069065093994 298
1585025549340 0.348644882440567 299
1585025582763 0.3384776711463928 300
