1585015544555 0.027248883619904518 0
1585015578699 0.0051950919441878796 1
1585015611921 0.002842918736860156 2
1585015645252 0.004186602775007486 3
1585015678265 0.007154326420277357 4
1585015711553 0.010270440019667149 5
1585015744983 0.00832584872841835 6
1585015778605 0.004029661882668734 7
1585015812194 0.0019249331671744585 8
1585015845400 0.0009818400721997023 9
1585015879359 0.004953898023813963 10
1585015914863 0.006399425212293863 11
1585015947897 0.009429310448467731 12
1585015980931 0.013539775274693966 13
1585016014296 0.01641278900206089 14
1585016047825 0.018537767231464386 15
1585016081761 0.019847970455884933 16
1585016115140 0.021075788885354996 17
1585016149254 0.022096728906035423 18
1585016182683 0.02001669816672802 19
1585016216509 0.01991729810833931 20
1585016249696 0.018058273941278458 21
1585016283702 0.01585688441991806 22
1585016317323 0.01554941013455391 23
1585016351188 0.014172178693115711 24
1585016384905 0.014581115916371346 25
1585016418580 0.012750016525387764 26
1585016452218 0.012444324791431427 27
1585016486361 0.010970319621264935 28
1585016519684 0.01060222927480936 29
1585016553094 0.010518212802708149 30
1585016586403 0.011320722289383411 31
1585016620135 0.010868648067116737 32
1585016653905 0.01207573153078556 33
1585016687317 0.012297844514250755 34
1585016721937 0.012236286886036396 35
1585016755467 0.0124254385009408 36
1585016789306 0.012696555815637112 37
1585016823063 0.01317288912832737 38
1585016856701 0.013088072650134563 39
1585016890084 0.011270119808614254 40
1585016923426 0.01214594952762127 41
1585016956999 0.010532118380069733 42
1585016990907 0.00949103944003582 43
1585017024356 0.010726859793066978 44
1585017057761 0.009481221437454224 45
1585017090870 0.009627729654312134 46
1585017124332 0.009028274565935135 47
1585017157641 0.011074362322688103 48
1585017191555 0.008783292956650257 49
1585017224605 0.008498083800077438 50
1585017258346 0.00859789177775383 51
1585017291824 0.008314622566103935 52
1585017326036 0.0075955516658723354 53
1585017359517 0.00847971998155117 54
1585017393238 0.008211152628064156 55
1585017426776 0.008432078175246716 56
1585017460100 0.007196631748229265 57
1585017493773 0.006027912255376577 58
1585017526986 0.007035930175334215 59
1585017560408 0.00677774241194129 60
1585017593871 0.005562779493629932 61
1585017627212 0.00608523003757 62
1585017660774 0.0054652635008096695 63
1585017694246 0.007042244542390108 64
1585017727516 0.006812566891312599 65
1585017761643 0.006245918571949005 66
1585017794926 0.005453352816402912 67
1585017828234 0.006116264965385199 68
1585017862290 0.005827402696013451 69
1585017895393 0.006616824306547642 70
1585017929030 0.004935906734317541 71
1585017962351 0.005422158166766167 72
1585017995896 0.005970222409814596 73
1585018029491 0.004428028594702482 74
1585018063145 0.005648629739880562 75
1585018096663 0.004637398757040501 76
1585018129857 0.004411256406456232 77
1585018163567 0.005325863137841225 78
1585018196865 0.004926060326397419 79
1585018230045 0.004298156592994928 80
1585018263188 0.003724323585629463 81
1585018296729 0.0054867141880095005 82
1585018329786 0.004189713858067989 83
1585018362920 0.003919367212802172 84
1585018397684 0.004088596906512976 85
1585018431086 0.0057814172469079494 86
1585018464676 0.003441285341978073 87
1585018498227 0.0041510420851409435 88
1585018531713 0.003076310269534588 89
1585018565132 0.002579417312517762 90
1585018598816 0.0032097334042191505 91
1585018633005 0.0036820932291448116 92
1585018666426 0.004144889302551746 93
1585018700644 0.003294328460469842 94
1585018734204 0.004243143834173679 95
1585018767367 0.0028102202340960503 96
1585018802123 0.003932669758796692 97
1585018835610 0.003530009649693966 98
1585018868851 0.004007322713732719 99
1585018902361 0.0019279631087556481 100
1585018935758 0.0016891880659386516 101
1585018969047 0.0015185391530394554 102
1585019003293 0.003940170165151358 103
1585019037114 0.0025565247051417828 104
1585019070986 0.00246187811717391 105
1585019104098 0.003471407573670149 106
1585019137384 0.002166483551263809 107
1585019171219 0.0020253818947821856 108
1585019204536 0.0018598473398014903 109
1585019238575 0.002978775417432189 110
1585019271987 0.0021071843802928925 111
1585019305260 0.00210531591437757 112
1585019338422 0.0010810482781380415 113
1585019372244 0.0026916516944766045 114
1585019405679 0.0028133008163422346 115
1585019439097 0.0019609893206506968 116
1585019472798 0.0022797647397965193 117
1585019506673 0.0011812894372269511 118
1585019540039 0.0014227936044335365 119
1585019573638 0.0015914265532046556 120
1585019606931 0.0042696669697761536 121
1585019641052 0.003389514982700348 122
1585019674439 0.0014600246213376522 123
1585019708106 0.0016084465896710753 124
1585019741837 0.002010698663070798 125
1585019775104 0.0017905631102621555 126
1585019809499 0.0015281308442354202 127
1585019843714 0.002478815382346511 128
1585019877189 0.004256704822182655 129
1585019910905 0.001866629347205162 130
1585019944600 0.004343971144407988 131
1585019977861 0.0027350811287760735 132
1585020011787 0.002678899560123682 133
1585020045289 0.0028533833101391792 134
1585020078537 0.004502973984926939 135
1585020113078 0.0052233049646019936 136
1585020146934 0.0026385781820863485 137
1585020180388 0.00405602902173996 138
1585020213920 0.001654182095080614 139
1585020247660 0.0013804167974740267 140
1585020281478 0.001991838915273547 141
1585020314934 0.0027834209613502026 142
1585020348597 0.0035558599047362804 143
1585020382381 0.0026946966536343098 144
1585020415716 0.0023220572620630264 145
1585020449036 0.001380068133585155 146
1585020482360 0.003984175156801939 147
1585020515747 0.0028285766020417213 148
1585020549960 0.002368655987083912 149
1585020583401 0.0011222170433029532 150
1585020617494 0.003921914380043745 151
1585020650788 0.002240582602098584 152
1585020684205 0.0015839638654142618 153
1585020717689 0.0024602338671684265 154
1585020752197 0.0035933677572757006 155
1585020785777 0.0019402533071115613 156
1585020819219 0.0018081394955515862 157
1585020852548 0.001485037850216031 158
1585020886131 0.004366637207567692 159
1585020919404 0.002219200599938631 160
1585020953121 0.0015317946672439575 161
1585020986438 0.0007759458967484534 162
1585021020193 0.002988551277667284 163
1585021055177 0.003380349837243557 164
1585021088509 0.0017218554858118296 165
1585021121858 0.0014999002451077104 166
1585021155351 0.002863739151507616 167
1585021189788 0.0027473578229546547 168
1585021223690 0.0041211796924471855 169
1585021257257 0.0012782694539055228 170
1585021291005 0.0014747459208592772 171
1585021324459 0.004478120245039463 172
1585021357832 0.00232679839245975 173
1585021391171 0.0036907645408064127 174
1585021424372 0.0015616569435223937 175
1585021457747 0.0027378234080970287 176
1585021491281 0.0015157671878114343 177
1585021525120 0.0021804827265441418 178
1585021559391 0.004062416031956673 179
1585021592660 0.0034449200611561537 180
1585021625873 0.0018254697788506746 181
1585021659447 0.0021137245930731297 182
1585021692747 0.0020326420199126005 183
1585021726790 0.000738009694032371 184
1585021760280 0.0013878424651920795 185
1585021793646 0.0014376118779182434 186
1585021827099 0.0013158586807549 187
1585021860923 0.0017582426080480218 188
1585021894235 0.004189610481262207 189
1585021927611 0.0022866488434374332 190
1585021961250 0.0019311174983158708 191
1585021995277 0.004209874197840691 192
1585022028963 0.0017685979837551713 193
1585022062160 0.0007294418173842132 194
1585022095501 0.0015856748213991523 195
1585022129442 0.003654147731140256 196
1585022162772 0.0006438124109990895 197
1585022196186 0.002626036759465933 198
1585022229547 0.0016863275086507201 199
1585022262935 0.0017811961006373167 200
1585022296537 0.00288092577829957 201
1585022329870 0.002925476059317589 202
1585022363372 0.00165766931604594 203
1585022396657 0.0023805354721844196 204
1585022430507 0.001854586647823453 205
1585022464664 0.003837596857920289 206
1585022498327 0.0038242624141275883 207
1585022531676 0.00512295588850975 208
1585022564976 0.0010651269694790244 209
1585022598243 0.0023212034720927477 210
1585022631846 0.002200670540332794 211
1585022665374 0.00432428577914834 212
1585022699197 0.006853355560451746 213
1585022733382 0.0017683238256722689 214
1585022766712 0.0017212314996868372 215
1585022800013 0.0019236962543800473 216
1585022833419 0.0011368654668331146 217
1585022867005 0.0023446339182555676 218
1585022900440 0.002097854157909751 219
1585022934649 0.0033496031537652016 220
1585022968458 0.0016434794524684548 221
1585023002337 0.0015596778830513358 222
1585023036047 0.0028722502756863832 223
1585023069205 0.0021961736492812634 224
1585023102542 0.0038693188689649105 225
1585023136829 0.0012373339850455523 226
1585023170137 0.0035715196281671524 227
1585023203787 0.0012697658967226744 228
1585023237297 0.0018347612349316478 229
1585023270787 0.0014579782728105783 230
1585023304223 0.0009190543787553906 231
1585023337335 0.0025072991847991943 232
1585023370349 0.0032269065268337727 233
1585023403868 0.001676622312515974 234
1585023437144 0.0013008246896788478 235
1585023470601 0.002790318801999092 236
1585023505892 0.002030357252806425 237
1585023539261 0.0010427564848214388 238
1585023572628 0.0068199653178453445 239
1585023606802 0.0009942837059497833 240
1585023639682 0.0015205472009256482 241
1585023672883 0.002974623581394553 242
1585023706572 0.002506283111870289 243
1585023739023 0.0010401387698948383 244
1585023771903 0.002706489758566022 245
1585023804431 0.001027401420287788 246
1585023837065 0.0011396212503314018 247
1585023869757 0.00109801534563303 248
1585023902485 0.001173178548924625 249
1585023935154 0.0017207646742463112 250
1585023967743 0.0027785918209701777 251
1585024000492 0.0009291131282225251 252
1585024033208 0.003403502283617854 253
1585024066343 0.0010239074472337961 254
1585024099050 0.0011040614917874336 255
1585024131543 0.0012004915624856949 256
1585024164258 0.001800805446691811 257
1585024196905 0.003085571341216564 258
1585024229299 0.0013755032559856772 259
1585024261627 0.0016818183939903975 260
1585024294995 0.0030762306414544582 261
1585024327891 0.0008613755344413221 262
1585024360910 0.0020887453574687243 263
1585024393822 0.0012540053576231003 264
1585024426875 0.0008443914703093469 265
1585024460187 0.0009548981324769557 266
1585024493650 0.002096867887303233 267
1585024526960 0.0038793457206338644 268
1585024560267 0.002019475447013974 269
1585024593604 0.0010305691976100206 270
1585024626786 0.004547086078673601 271
1585024659682 0.0015122282784432173 272
1585024692620 0.0033503619488328695 273
1585024725773 0.003844709135591984 274
1585024758783 0.0013718177797272801 275
1585024791960 0.0033015254884958267 276
1585024825171 0.001395133207552135 277
1585024858137 0.0015245493268594146 278
1585024892324 0.0019724229350686073 279
1585024926080 0.0032889177091419697 280
1585024959317 0.0006822331342846155 281
1585024992802 0.00143148482311517 282
1585025027117 0.0019631958566606045 283
1585025060459 0.003283008001744747 284
1585025093782 0.0018551619723439217 285
1585025127104 0.001720920787192881 286
1585025160118 0.002404587808996439 287
1585025193647 0.0022022027987986803 288
1585025226685 0.002176077337935567 289
1585025259902 0.0020430691074579954 290
1585025294382 0.0029000425711274147 291
1585025327556 0.0011140047572553158 292
1585025360588 0.004919426515698433 293
1585025393932 0.0030324487015604973 294
1585025427277 0.0010659219697117805 295
1585025460407 0.0017037437064573169 296
1585025494678 0.0007949306746013463 297
1585025527857 0.002323635620996356 298
1585025560938 0.0035191900096833706 299
1585025594313 0.0015221619978547096 300
