1585015544555 0.3327358365058899 0
1585015578699 0.45575475692749023 1
1585015611921 0.6072877049446106 2
1585015645252 0.6711556911468506 3
1585015678265 0.683089554309845 4
1585015711553 0.6742216944694519 5
1585015744983 0.677688717842102 6
1585015778605 0.6865566372871399 7
1585015812194 0.6810141801834106 8
1585015845400 0.6765801906585693 9
1585015879359 0.6876651048660278 10
1585015914863 0.6767216920852661 11
1585015947897 0.6981132626533508 12
1585015980931 0.7204481363296509 13
1585016014296 0.7607311010360718 14
1585016047825 0.7886556386947632 15
1585016081761 0.7928065657615662 16
1585016115140 0.8247405290603638 17
1585016149254 0.8241744637489319 18
1585016182683 0.8312735557556152 19
1585016216509 0.8280660510063171 20
1585016249696 0.8144810795783997 21
1585016283702 0.8050471544265747 22
1585016317323 0.8336321115493774 23
1585016351188 0.8021225929260254 24
1585016384905 0.8205659985542297 25
1585016418580 0.8126650452613831 26
1585016452218 0.8237736225128174 27
1585016486361 0.8175235986709595 28
1585016519684 0.832382082939148 29
1585016553094 0.8229480385780334 30
1585016586403 0.8364151120185852 31
1585016620135 0.8515565395355225 32
1585016653905 0.8695990443229675 33
1585016687317 0.8673820495605469 34
1585016721937 0.8484905958175659 35
1585016755467 0.8633490800857544 36
1585016789306 0.8694576025009155 37
1585016823063 0.8794574737548828 38
1585016856701 0.8683490753173828 39
1585016890084 0.8794574737548828 40
1585016923426 0.8768159747123718 41
1585016956999 0.8722405433654785 42
1585016990907 0.8698821067810059 43
1585017024356 0.8805660009384155 44
1585017057761 0.8775235414505005 45
1585017090870 0.8757075071334839 46
1585017124332 0.8809905648231506 47
1585017157641 0.8815329074859619 48
1585017191555 0.8794575929641724 49
1585017224605 0.870707631111145 50
1585017258346 0.874457597732544 51
1585017291824 0.8769575357437134 52
1585017326036 0.8748820424079895 53
1585017359517 0.8754244446754456 54
1585017393238 0.8744574785232544 55
1585017426776 0.875990629196167 56
1585017460100 0.8770990967750549 57
1585017493773 0.8857074975967407 58
1585017526986 0.869316041469574 59
1585017560408 0.8786320686340332 60
1585017593871 0.8725235462188721 61
1585017627212 0.865165114402771 62
1585017660774 0.8725236058235168 63
1585017694246 0.8786320686340332 64
1585017727516 0.8780660033226013 65
1585017761643 0.8757075071334839 66
1585017794926 0.8782075643539429 67
1585017828234 0.8757076263427734 68
1585017862290 0.8830659985542297 69
1585017895393 0.8830659985542297 70
1585017929030 0.8703065514564514 71
1585017962351 0.8772405982017517 72
1585017995896 0.8833490610122681 73
1585018029491 0.8725236058235168 74
1585018063145 0.882924497127533 75
1585018096663 0.8739150762557983 76
1585018129857 0.8751651048660278 77
1585018163567 0.8818159699440002 78
1585018196865 0.8695990443229675 79
1585018230045 0.8770990967750549 80
1585018263188 0.8772406578063965 81
1585018296729 0.8816745281219482 82
1585018329786 0.8784905672073364 83
1585018362920 0.8689150810241699 84
1585018397684 0.8783490657806396 85
1585018431086 0.8794575929641724 86
1585018464676 0.8807075023651123 87
1585018498227 0.8784905672073364 88
1585018531713 0.8773820996284485 89
1585018565132 0.8834905624389648 90
1585018598816 0.8747406005859375 91
1585018633005 0.8772405982017517 92
1585018666426 0.8791744709014893 93
1585018700644 0.8808490633964539 94
1585018734204 0.8739151358604431 95
1585018767367 0.8723820447921753 96
1585018802123 0.8794575929641724 97
1585018835610 0.8805660009384155 98
1585018868851 0.8680896162986755 99
1585018902361 0.8758490085601807 100
1585018935758 0.8782075643539429 101
1585018969047 0.8769575357437134 102
1585019003293 0.8737736344337463 103
1585019037114 0.8772405982017517 104
1585019070986 0.8793160319328308 105
1585019104098 0.8807076215744019 106
1585019137384 0.8748821020126343 107
1585019171219 0.874599039554596 108
1585019204536 0.8736320734024048 109
1585019238575 0.874457597732544 110
1585019271987 0.8675236105918884 111
1585019305260 0.8761321306228638 112
1585019338422 0.8722406029701233 113
1585019372244 0.8768160343170166 114
1585019405679 0.8734905123710632 115
1585019439097 0.8732075691223145 116
1585019472798 0.8733490705490112 117
1585019506673 0.8684905767440796 118
1585019540039 0.879315972328186 119
1585019573638 0.8784905672073364 120
1585019606931 0.8745990991592407 121
1585019641052 0.8758490681648254 122
1585019674439 0.8736320734024048 123
1585019708106 0.8769575357437134 124
1585019741837 0.8783490657806396 125
1585019775104 0.8709905743598938 126
1585019809499 0.8782075643539429 127
1585019843714 0.8795990943908691 128
1585019877189 0.8782075643539429 129
1585019910905 0.8783490061759949 130
1585019944600 0.879315972328186 131
1585019977861 0.8819575309753418 132
1585020011787 0.8736320734024048 133
1585020045289 0.8715565800666809 134
1585020078537 0.8794574737548828 135
1585020113078 0.8783490657806396 136
1585020146934 0.8723821043968201 137
1585020180388 0.8748820424079895 138
1585020213920 0.8750235438346863 139
1585020247660 0.8759905695915222 140
1585020281478 0.8703065514564514 141
1585020314934 0.8805660009384155 142
1585020348597 0.8841745257377625 143
1585020382381 0.8807075023651123 144
1585020415716 0.8780660033226013 145
1585020449036 0.8678065538406372 146
1585020482360 0.8783491253852844 147
1585020515747 0.8794574737548828 148
1585020549960 0.8832075595855713 149
1585020583401 0.8759905695915222 150
1585020617494 0.8791744709014893 151
1585020650788 0.8782075643539429 152
1585020684205 0.8757075071334839 153
1585020717689 0.879315972328186 154
1585020752197 0.874599039554596 155
1585020785777 0.8748821020126343 156
1585020819219 0.8768160343170166 157
1585020852548 0.8768159747123718 158
1585020886131 0.8794575929641724 159
1585020919404 0.8786320090293884 160
1585020953121 0.8805660009384155 161
1585020986438 0.8770990371704102 162
1585021020193 0.8726650476455688 163
1585021055177 0.8779245018959045 164
1585021088509 0.8720990419387817 165
1585021121858 0.8786320686340332 166
1585021155351 0.8782074451446533 167
1585021189788 0.8714151382446289 168
1585021223690 0.8689151406288147 169
1585021257257 0.8770990967750549 170
1585021291005 0.8736321330070496 171
1585021324459 0.8728066086769104 172
1585021357832 0.8805660009384155 173
1585021391171 0.8739150762557983 174
1585021424372 0.8745990991592407 175
1585021457747 0.8759905695915222 176
1585021491281 0.8769575357437134 177
1585021525120 0.8805659413337708 178
1585021559391 0.8794574737548828 179
1585021592660 0.8747405409812927 180
1585021625873 0.8805659413337708 181
1585021659447 0.8757075071334839 182
1585021692747 0.8720991015434265 183
1585021726790 0.8809905648231506 184
1585021760280 0.8748820424079895 185
1585021793646 0.870990514755249 186
1585021827099 0.8794575929641724 187
1585021860923 0.8736320734024048 188
1585021894235 0.8768159747123718 189
1585021927611 0.8686320781707764 190
1585021961250 0.8770990371704102 191
1585021995277 0.8723820447921753 192
1585022028963 0.8772405982017517 193
1585022062160 0.8722406029701233 194
1585022095501 0.8711320757865906 195
1585022129442 0.8745990991592407 196
1585022162772 0.8745990991592407 197
1585022196186 0.8723821043968201 198
1585022229547 0.8769575357437134 199
1585022262935 0.8733490705490112 200
1585022296537 0.8678065538406372 201
1585022329870 0.8723821043968201 202
1585022363372 0.8784905076026917 203
1585022396657 0.8780660033226013 204
1585022430507 0.881816029548645 205
1585022464664 0.8712735772132874 206
1585022498327 0.8759905695915222 207
1585022531676 0.8782075643539429 208
1585022564976 0.8732075691223145 209
1585022598243 0.8709906339645386 210
1585022631846 0.8818159699440002 211
1585022665374 0.8745990991592407 212
1585022699197 0.8655896186828613 213
1585022733382 0.8737735152244568 214
1585022766712 0.881816029548645 215
1585022800013 0.8723821043968201 216
1585022833419 0.8709906339645386 217
1585022867005 0.875023603439331 218
1585022900440 0.879174530506134 219
1585022934649 0.879174530506134 220
1585022968458 0.8722405433654785 221
1585023002337 0.8757075071334839 222
1585023036047 0.8654481172561646 223
1585023069205 0.8772405982017517 224
1585023102542 0.8757075071334839 225
1585023136829 0.8745990991592407 226
1585023170137 0.8722405433654785 227
1585023203787 0.865165114402771 228
1585023237297 0.8714150786399841 229
1585023270787 0.8744574785232544 230
1585023304223 0.8757075071334839 231
1585023337335 0.8670991063117981 232
1585023370349 0.8830659985542297 233
1585023403868 0.8759905695915222 234
1585023437144 0.87363201379776 235
1585023470601 0.8714150190353394 236
1585023505892 0.8766745328903198 237
1585023539261 0.8747406005859375 238
1585023572628 0.8654481172561646 239
1585023606802 0.8722406029701233 240
1585023639682 0.8732075691223145 241
1585023672883 0.8705660104751587 242
1585023706572 0.8737735748291016 243
1585023739023 0.8673820495605469 244
1585023771903 0.8698820471763611 245
1585023804431 0.8748821020126343 246
1585023837065 0.870849072933197 247
1585023869757 0.8686320781707764 248
1585023902485 0.8747405409812927 249
1585023935154 0.8725235462188721 250
1585023967743 0.8758490681648254 251
1585024000492 0.8744574785232544 252
1585024033208 0.8650236129760742 253
1585024066343 0.8695991039276123 254
1585024099050 0.8757075071334839 255
1585024131543 0.873490571975708 256
1585024164258 0.8698820471763611 257
1585024196905 0.8783490657806396 258
1585024229299 0.8673821091651917 259
1585024261627 0.8711320757865906 260
1585024294995 0.8698821067810059 261
1585024327891 0.8733490705490112 262
1585024360910 0.8755660057067871 263
1585024393822 0.867806613445282 264
1585024426875 0.871957540512085 265
1585024460187 0.8733490705490112 266
1585024493650 0.8754245638847351 267
1585024526960 0.8687735795974731 268
1585024560267 0.8722406029701233 269
1585024593604 0.8720990419387817 270
1585024626786 0.8711320757865906 271
1585024659682 0.8720990419387817 272
1585024692620 0.8768159747123718 273
1585024725773 0.8662735223770142 274
1585024758783 0.8709905743598938 275
1585024791960 0.8736321330070496 276
1585024825171 0.8720991015434265 277
1585024858137 0.8659905195236206 278
1585024892324 0.8732075691223145 279
1585024926080 0.8723820447921753 280
1585024959317 0.873490571975708 281
1585024992802 0.8686320781707764 282
1585025027117 0.8733490705490112 283
1585025060459 0.8743159770965576 284
1585025093782 0.8720991015434265 285
1585025127104 0.8686320781707764 286
1585025160118 0.8680660128593445 287
1585025193647 0.8700236082077026 288
1585025226685 0.8695991039276123 289
1585025259902 0.8732075691223145 290
1585025294382 0.8709905743598938 291
1585025327556 0.8673821091651917 292
1585025360588 0.8623820543289185 293
1585025393932 0.8628066182136536 294
1585025427277 0.8664150834083557 295
1585025460407 0.870849072933197 296
1585025494678 0.8684905767440796 297
1585025527857 0.8758490681648254 298
1585025560938 0.8690565824508667 299
1585025594313 0.8665565848350525 300
