1585015532879 0.28348657488822937 0
1585015566080 0.42678162455558777 1
1585015600155 0.6097701191902161 2
1585015633467 0.6762068867683411 3
1585015666532 0.676436722278595 4
1585015699872 0.6772413849830627 5
1585015733143 0.677241325378418 6
1585015766431 0.6796551942825317 7
1585015800432 0.676436722278595 8
1585015833534 0.6812644004821777 9
1585015867846 0.6756321787834167 10
1585015900961 0.6852107644081116 11
1585015936291 0.700766384601593 12
1585015969213 0.6980459690093994 13
1585016002300 0.7150958180427551 14
1585016035625 0.7324903607368469 15
1585016069704 0.7373180389404297 16
1585016103411 0.7441762089729309 17
1585016137235 0.7490421533584595 18
1585016170759 0.7568965554237366 19
1585016204656 0.7641761898994446 20
1585016238054 0.7600383758544922 21
1585016271784 0.7397701740264893 22
1585016305371 0.7590421438217163 23
1585016339320 0.7633715867996216 24
1585016372988 0.7601532340049744 25
1585016406541 0.7651723623275757 26
1585016440013 0.7642912268638611 27
1585016473804 0.7654022574424744 28
1585016507927 0.7844827771186829 29
1585016541204 0.8032566905021667 30
1585016574628 0.8059003949165344 31
1585016608122 0.7986589670181274 32
1585016641958 0.8205364346504211 33
1585016675480 0.8203448057174683 34
1585016710181 0.8346743583679199 35
1585016743801 0.8294252753257751 36
1585016777660 0.8286206722259521 37
1585016810977 0.8384292125701904 38
1585016844891 0.837011456489563 39
1585016878307 0.8311493992805481 40
1585016911754 0.8385440111160278 41
1585016945040 0.8463984727859497 42
1585016978691 0.8394253253936768 43
1585017012599 0.8503448963165283 44
1585017046049 0.8376244902610779 45
1585017079217 0.8365134000778198 46
1585017112494 0.8383141756057739 47
1585017145917 0.8463984727859497 48
1585017179766 0.8391187787055969 49
1585017212953 0.8405364155769348 50
1585017246497 0.8594253659248352 51
1585017280043 0.8372030258178711 52
1585017313849 0.8610345125198364 53
1585017347658 0.8477011919021606 54
1585017381469 0.8413410186767578 55
1585017415091 0.8500382900238037 56
1585017448395 0.8513410687446594 57
1585017481929 0.8524520993232727 58
1585017515277 0.8580076694488525 59
1585017548583 0.8554789423942566 60
1585017582159 0.8596168756484985 61
1585017615508 0.8462835550308228 62
1585017648970 0.8513409495353699 63
1585017682594 0.8477010726928711 64
1585017715934 0.8427585959434509 65
1585017749811 0.8496168255805969 66
1585017783249 0.8510344624519348 67
1585017816554 0.8594253659248352 68
1585017849941 0.8440612554550171 69
1585017883772 0.8328736424446106 70
1585017917088 0.8499233722686768 71
1585017950633 0.8360918760299683 72
1585017984045 0.8568965196609497 73
1585018017526 0.8527586460113525 74
1585018051153 0.8467049598693848 75
1585018085020 0.8519540429115295 76
1585018118102 0.8446743488311768 77
1585018151630 0.837701141834259 78
1585018185234 0.8422605395317078 79
1585018218367 0.8529502749443054 80
1585018251584 0.8350958228111267 81
1585018284955 0.8327586650848389 82
1585018318154 0.815632164478302 83
1585018351264 0.8350957632064819 84
1585018385807 0.8306514024734497 85
1585018419425 0.8499233722686768 86
1585018452728 0.8362069129943848 87
1585018486413 0.8418391346931458 88
1585018520029 0.8405364155769348 89
1585018553300 0.8322604894638062 90
1585018587101 0.8360919952392578 91
1585018621423 0.8319540023803711 92
1585018654746 0.8322605490684509 93
1585018688815 0.8286207318305969 94
1585018722258 0.83003830909729 95
1585018755652 0.8244827389717102 96
1585018789796 0.82478928565979 97
1585018823723 0.8200382590293884 98
1585018857238 0.8327586054801941 99
1585018890643 0.8213409781455994 100
1585018924065 0.8188121914863586 101
1585018957268 0.8157087564468384 102
1585018991503 0.8149808049201965 103
1585019025462 0.8152874112129211 104
1585019059248 0.8162068724632263 105
1585019092446 0.8202298283576965 106
1585019125744 0.8197318315505981 107
1585019159621 0.8167049884796143 108
1585019192719 0.8163984417915344 109
1585019226771 0.8204214572906494 110
1585019260314 0.8145977258682251 111
1585019293628 0.8167049884796143 112
1585019326816 0.8111494183540344 113
1585019360149 0.8136780858039856 114
1585019393994 0.8112643957138062 115
1585019427564 0.8122604489326477 116
1585019461071 0.8183141946792603 117
1585019495059 0.8167049884796143 118
1585019528293 0.820842981338501 119
1585019561880 0.8221455812454224 120
1585019595265 0.8141762614250183 121
1585019629077 0.8205364346504211 122
1585019662714 0.8150957822799683 123
1585019696231 0.8203448057174683 124
1585019730042 0.8208428621292114 125
1585019763474 0.8197317719459534 126
1585019796675 0.8178160190582275 127
1585019831876 0.8218390941619873 128
1585019865220 0.8240612745285034 129
1585019898808 0.8208428621292114 130
1585019932610 0.8207279443740845 131
1585019966142 0.8197318315505981 132
1585020000069 0.8133716583251953 133
1585020033556 0.8180077075958252 134
1585020066870 0.8225669860839844 135
1585020101089 0.8224521279335022 136
1585020135050 0.8203447461128235 137
1585020168687 0.8281991481781006 138
1585020202252 0.8205364346504211 139
1585020235835 0.8186206817626953 140
1585020269804 0.819233775138855 141
1585020303244 0.8246743679046631 142
1585020336888 0.8230651021003723 143
1585020370272 0.8239846229553223 144
1585020404142 0.816705048084259 145
1585020437270 0.8229501247406006 146
1585020470599 0.8213409781455994 147
1585020504071 0.8221455812454224 148
1585020538301 0.8165133595466614 149
1585020571761 0.8236781358718872 150
1585020605060 0.8233717083930969 151
1585020639059 0.8178160786628723 152
1585020672456 0.8192337155342102 153
1585020705940 0.8200382590293884 154
1585020740466 0.8273945450782776 155
1585020774095 0.8227586150169373 156
1585020807546 0.8186206817626953 157
1585020840896 0.8173180818557739 158
1585020874420 0.8213409781455994 159
1585020907669 0.8221455812454224 160
1585020941424 0.818429172039032 161
1585020974834 0.8238697648048401 162
1585021008375 0.8159003853797913 163
1585021043053 0.8200383186340332 164
1585021076819 0.8200382590293884 165
1585021110020 0.8216474652290344 166
1585021143381 0.8159003853797913 167
1585021177716 0.8117624521255493 168
1585021211597 0.8243678212165833 169
1585021245534 0.8213410377502441 170
1585021279312 0.8181225657463074 171
1585021312708 0.8208428621292114 172
1585021346051 0.8149042129516602 173
1585021379453 0.8232567310333252 174
1585021412705 0.8197317719459534 175
1585021445844 0.8170115351676941 176
1585021479618 0.815095841884613 177
1585021512994 0.8187355995178223 178
1585021547656 0.8251724243164062 179
1585021580957 0.8195403218269348 180
1585021614221 0.8241761922836304 181
1585021647627 0.8195403218269348 182
1585021681095 0.8190421462059021 183
1585021715035 0.8200382590293884 184
1585021748323 0.81954026222229 185
1585021781953 0.8162068724632263 186
1585021815351 0.8294252753257751 187
1585021849015 0.8194252848625183 188
1585021882545 0.821149468421936 189
1585021915814 0.8200383186340332 190
1585021949601 0.8235632181167603 191
1585021983312 0.8195403218269348 192
1585022017261 0.8232567310333252 193
1585022050581 0.8304213881492615 194
1585022083854 0.8265900015830994 195
1585022117297 0.8192337155342102 196
1585022151082 0.8236781358718872 197
1585022184500 0.8238697052001953 198
1585022217699 0.8229501247406006 199
1585022251266 0.8184291124343872 200
1585022284609 0.8208429217338562 201
1585022318184 0.8334482312202454 202
1585022351668 0.8203448057174683 203
1585022384960 0.8208428621292114 204
1585022418743 0.828007698059082 205
1585022452629 0.8178160786628723 206
1585022486363 0.8186206817626953 207
1585022520041 0.8170115351676941 208
1585022553151 0.8217624425888062 209
1585022586536 0.8155938386917114 210
1585022620040 0.8291187286376953 211
1585022653650 0.8265900015830994 212
1585022687139 0.819233775138855 213
1585022721615 0.8197317719459534 214
1585022755060 0.8244827389717102 215
1585022788339 0.8214559555053711 216
1585022821637 0.8233716487884521 217
1585022855116 0.8170115351676941 218
1585022888646 0.8205363750457764 219
1585022922677 0.8225669860839844 220
1585022956527 0.8186206817626953 221
1585022990588 0.8241762518882751 222
1585023024220 0.823563277721405 223
1585023057599 0.8241761922836304 224
1585023090729 0.8314560055732727 225
1585023124822 0.8209578990936279 226
1585023158513 0.8166283369064331 227
1585023191714 0.8255938291549683 228
1585023225620 0.8222605586051941 229
1585023259119 0.8173180222511292 230
1585023292378 0.8213409781455994 231
1585023325688 0.8235632181167603 232
1585023358749 0.8176244497299194 233
1585023392073 0.8216474652290344 234
1585023425513 0.823563277721405 235
1585023458883 0.8335632681846619 236
1585023493947 0.821149468421936 237
1585023527466 0.8234865665435791 238
1585023560764 0.8231800198554993 239
1585023595149 0.8141762614250183 240
1585023628133 0.8252872824668884 241
1585023661051 0.8335631489753723 242
1585023694739 0.8249808549880981 243
1585023727601 0.8224521279335022 244
1585023760380 0.8233715891838074 245
1585023793109 0.8179309964179993 246
1585023825624 0.8294252753257751 247
1585023858110 0.8315325975418091 248
1585023891001 0.8227586150169373 249
1585023923664 0.8159003853797913 250
1585023956252 0.825287401676178 251
1585023988934 0.8198468089103699 252
1585024021715 0.8176244497299194 253
1585024054383 0.8219540119171143 254
1585024087548 0.827203094959259 255
1585024120163 0.826092004776001 256
1585024152822 0.8251723647117615 257
1585024185565 0.8167049884796143 258
1585024217793 0.8286207318305969 259
1585024250228 0.8249808549880981 260
1585024283560 0.8179309964179993 261
1585024316054 0.8275095820426941 262
1585024349178 0.8299234509468079 263
1585024382331 0.8238697052001953 264
1585024415271 0.8209578394889832 265
1585024448548 0.8318390846252441 266
1585024481697 0.8307279348373413 267
1585024515296 0.8275095224380493 268
1585024548698 0.8244827389717102 269
1585024581982 0.8252872824668884 270
1585024615186 0.8222604990005493 271
1585024648087 0.8181226849555969 272
1585024681048 0.8250957727432251 273
1585024714019 0.8214558362960815 274
1585024747290 0.8291187882423401 275
1585024780132 0.822758674621582 276
1585024813476 0.827203094959259 277
1585024846583 0.8260919451713562 278
1585024879852 0.8198468089103699 279
1585024914385 0.8321455717086792 280
1585024947728 0.8192337155342102 281
1585024981073 0.8246743083000183 282
1585025015309 0.8159003853797913 283
1585025048798 0.8197317719459534 284
1585025082120 0.8238697052001953 285
1585025115391 0.833256721496582 286
1585025148438 0.8241761922836304 287
1585025181822 0.8297317624092102 288
1585025214956 0.8275095820426941 289
1585025248225 0.8267049789428711 290
1585025282728 0.8240612745285034 291
1585025316008 0.8311493992805481 292
1585025348919 0.8172031044960022 293
1585025382185 0.8311493992805481 294
1585025415572 0.8219540119171143 295
1585025448789 0.8268965482711792 296
1585025483010 0.8302298784255981 297
1585025516102 0.8232567310333252 298
1585025549340 0.822873592376709 299
1585025582763 0.8289271593093872 300
