1585015544555 0.8315979242324829 0
1585015578699 0.7384952306747437 1
1585015611921 0.6887212991714478 2
1585015645252 0.6601724624633789 3
1585015678265 0.6443091034889221 4
1585015711553 0.6354579925537109 5
1585015744983 0.6134381890296936 6
1585015778605 0.5819135904312134 7
1585015812194 0.5667967796325684 8
1585015845400 0.5498716831207275 9
1585015879359 0.5233531594276428 10
1585015914863 0.5119046568870544 11
1585015947897 0.49418047070503235 12
1585015980931 0.47899940609931946 13
1585016014296 0.4668614864349365 14
1585016047825 0.4554387629032135 15
1585016081761 0.44550999999046326 16
1585016115140 0.4336460530757904 17
1585016149254 0.420783668756485 18
1585016182683 0.413210391998291 19
1585016216509 0.4005080461502075 20
1585016249696 0.39590972661972046 21
1585016283702 0.3935951292514801 22
1585016317323 0.37979426980018616 23
1585016351188 0.3792198598384857 24
1585016384905 0.36621057987213135 25
1585016418580 0.36276310682296753 26
1585016452218 0.3579680919647217 27
1585016486361 0.35575973987579346 28
1585016519684 0.35071003437042236 29
1585016553094 0.35204508900642395 30
1585016586403 0.34353333711624146 31
1585016620135 0.3406102657318115 32
1585016653905 0.329974889755249 33
1585016687317 0.3273528814315796 34
1585016721937 0.32781079411506653 35
1585016755467 0.31928494572639465 36
1585016789306 0.31437569856643677 37
1585016823063 0.30876684188842773 38
1585016856701 0.3079606592655182 39
1585016890084 0.3086010217666626 40
1585016923426 0.3013606667518616 41
1585016956999 0.30382153391838074 42
1585016990907 0.30694568157196045 43
1585017024356 0.2958061099052429 44
1585017057761 0.30290985107421875 45
1585017090870 0.2990056276321411 46
1585017124332 0.298921138048172 47
1585017157641 0.2922511100769043 48
1585017191555 0.29816460609436035 49
1585017224605 0.29972341656684875 50
1585017258346 0.2902974486351013 51
1585017291824 0.29176685214042664 52
1585017326036 0.29540249705314636 53
1585017359517 0.2876715064048767 54
1585017393238 0.2892846465110779 55
1585017426776 0.29070261120796204 56
1585017460100 0.2900576889514923 57
1585017493773 0.30050188302993774 58
1585017526986 0.2917672395706177 59
1585017560408 0.29655471444129944 60
1585017593871 0.29626211524009705 61
1585017627212 0.2912825345993042 62
1585017660774 0.2920547127723694 63
1585017694246 0.2923927903175354 64
1585017727516 0.2851906418800354 65
1585017761643 0.29671183228492737 66
1585017794926 0.2939966917037964 67
1585017828234 0.2882210612297058 68
1585017862290 0.2876574695110321 69
1585017895393 0.28651151061058044 70
1585017929030 0.29032039642333984 71
1585017962351 0.294268935918808 72
1585017995896 0.2904723286628723 73
1585018029491 0.2901802361011505 74
1585018063145 0.28409165143966675 75
1585018096663 0.29189035296440125 76
1585018129857 0.2938573360443115 77
1585018163567 0.28608137369155884 78
1585018196865 0.28982990980148315 79
1585018230045 0.2907831072807312 80
1585018263188 0.2927698791027069 81
1585018296729 0.2813044488430023 82
1585018329786 0.29118478298187256 83
1585018362920 0.29670384526252747 84
1585018397684 0.289301335811615 85
1585018431086 0.28540146350860596 86
1585018464676 0.28836002945899963 87
1585018498227 0.2934744954109192 88
1585018531713 0.2933012843132019 89
1585018565132 0.29256099462509155 90
1585018598816 0.30148428678512573 91
1585018633005 0.2964361608028412 92
1585018666426 0.28889936208724976 93
1585018700644 0.30260294675827026 94
1585018734204 0.2995959222316742 95
1585018767367 0.30903175473213196 96
1585018802123 0.2967115342617035 97
1585018835610 0.29941657185554504 98
1585018868851 0.3134559988975525 99
1585018902361 0.3093401789665222 100
1585018935758 0.3045012354850769 101
1585018969047 0.3081408441066742 102
1585019003293 0.3188726007938385 103
1585019037114 0.3065366744995117 104
1585019070986 0.3046392798423767 105
1585019104098 0.309255450963974 106
1585019137384 0.31349027156829834 107
1585019171219 0.313505619764328 108
1585019204536 0.31651023030281067 109
1585019238575 0.3144262433052063 110
1585019271987 0.31848928332328796 111
1585019305260 0.31414464116096497 112
1585019338422 0.3177315592765808 113
1585019372244 0.30856335163116455 114
1585019405679 0.31184259057044983 115
1585019439097 0.3081710934638977 116
1585019472798 0.31264728307724 117
1585019506673 0.31674203276634216 118
1585019540039 0.30865058302879333 119
1585019573638 0.3087063431739807 120
1585019606931 0.31322482228279114 121
1585019641052 0.31642699241638184 122
1585019674439 0.30932727456092834 123
1585019708106 0.3062920868396759 124
1585019741837 0.3138855993747711 125
1585019775104 0.30964401364326477 126
1585019809499 0.30542874336242676 127
1585019843714 0.3074585199356079 128
1585019877189 0.3052315413951874 129
1585019910905 0.30725279450416565 130
1585019944600 0.30100783705711365 131
1585019977861 0.3094176948070526 132
1585020011787 0.3118745982646942 133
1585020045289 0.3161630928516388 134
1585020078537 0.3072173595428467 135
1585020113078 0.3041699528694153 136
1585020146934 0.30311059951782227 137
1585020180388 0.3128172755241394 138
1585020213920 0.30977663397789 139
1585020247660 0.3072187900543213 140
1585020281478 0.3162115216255188 141
1585020314934 0.3043035864830017 142
1585020348597 0.300533652305603 143
1585020382381 0.30038535594940186 144
1585020415716 0.30419647693634033 145
1585020449036 0.3075617551803589 146
1585020482360 0.30778130888938904 147
1585020515747 0.2987898886203766 148
1585020549960 0.30280593037605286 149
1585020583401 0.3090474605560303 150
1585020617494 0.2972705662250519 151
1585020650788 0.303203284740448 152
1585020684205 0.3056872487068176 153
1585020717689 0.30082938075065613 154
1585020752197 0.30833160877227783 155
1585020785777 0.3061847686767578 156
1585020819219 0.2996552884578705 157
1585020852548 0.30390703678131104 158
1585020886131 0.29972580075263977 159
1585020919404 0.3080165982246399 160
1585020953121 0.30511027574539185 161
1585020986438 0.3109593987464905 162
1585021020193 0.31380388140678406 163
1585021055177 0.2964714467525482 164
1585021088509 0.3062012195587158 165
1585021121858 0.31099945306777954 166
1585021155351 0.3018608093261719 167
1585021189788 0.31651121377944946 168
1585021223690 0.3210139274597168 169
1585021257257 0.30769801139831543 170
1585021291005 0.3104178309440613 171
1585021324459 0.31497564911842346 172
1585021357832 0.31728899478912354 173
1585021391171 0.31409597396850586 174
1585021424372 0.3066469132900238 175
1585021457747 0.30771082639694214 176
1585021491281 0.3084494471549988 177
1585021525120 0.30056414008140564 178
1585021559391 0.3011213541030884 179
1585021592660 0.30710840225219727 180
1585021625873 0.3015673756599426 181
1585021659447 0.30054688453674316 182
1585021692747 0.30696022510528564 183
1585021726790 0.3045635223388672 184
1585021760280 0.3075280487537384 185
1585021793646 0.3081071078777313 186
1585021827099 0.3064141869544983 187
1585021860923 0.3062317371368408 188
1585021894235 0.30001649260520935 189
1585021927611 0.31662118434906006 190
1585021961250 0.3061647117137909 191
1585021995277 0.3138398230075836 192
1585022028963 0.301491379737854 193
1585022062160 0.30524665117263794 194
1585022095501 0.3087519407272339 195
1585022129442 0.30212223529815674 196
1585022162772 0.31025034189224243 197
1585022196186 0.304339200258255 198
1585022229547 0.3027094006538391 199
1585022262935 0.30105313658714294 200
1585022296537 0.3108828067779541 201
1585022329870 0.30791130661964417 202
1585022363372 0.2983165979385376 203
1585022396657 0.2988026738166809 204
1585022430507 0.297456830739975 205
1585022464664 0.304797500371933 206
1585022498327 0.3028945326805115 207
1585022531676 0.3036595582962036 208
1585022564976 0.3031826615333557 209
1585022598243 0.30733293294906616 210
1585022631846 0.29684630036354065 211
1585022665374 0.3018764853477478 212
1585022699197 0.3205002248287201 213
1585022733382 0.3081032335758209 214
1585022766712 0.2993357479572296 215
1585022800013 0.30700942873954773 216
1585022833419 0.3021170198917389 217
1585022867005 0.30741551518440247 218
1585022900440 0.2978343665599823 219
1585022934649 0.30053845047950745 220
1585022968458 0.3041413128376007 221
1585023002337 0.3052060604095459 222
1585023036047 0.31281983852386475 223
1585023069205 0.3047644793987274 224
1585023102542 0.30612725019454956 225
1585023136829 0.30584168434143066 226
1585023170137 0.30345067381858826 227
1585023203787 0.30941158533096313 228
1585023237297 0.3100578784942627 229
1585023270787 0.29802635312080383 230
1585023304223 0.30033811926841736 231
1585023337335 0.30575114488601685 232
1585023370349 0.296489417552948 233
1585023403868 0.2989725172519684 234
1585023437144 0.30107688903808594 235
1585023470601 0.31263604760169983 236
1585023505892 0.30121099948883057 237
1585023539261 0.3028108775615692 238
1585023572628 0.3102303147315979 239
1585023606802 0.30290183424949646 240
1585023639682 0.3053673803806305 241
1585023672883 0.2992504835128784 242
1585023706572 0.3021140694618225 243
1585023739023 0.2983408272266388 244
1585023771903 0.3131605386734009 245
1585023804431 0.3015604615211487 246
1585023837065 0.3018205463886261 247
1585023869757 0.3033694624900818 248
1585023902485 0.30267342925071716 249
1585023935154 0.3035365343093872 250
1585023967743 0.30237290263175964 251
1585024000492 0.30051952600479126 252
1585024033208 0.3050582706928253 253
1585024066343 0.3026803135871887 254
1585024099050 0.29652485251426697 255
1585024131543 0.29951876401901245 256
1585024164258 0.3102181553840637 257
1585024196905 0.305725634098053 258
1585024229299 0.3068366050720215 259
1585024261627 0.30597183108329773 260
1585024294995 0.30718207359313965 261
1585024327891 0.3012104630470276 262
1585024360910 0.29171112179756165 263
1585024393822 0.30617696046829224 264
1585024426875 0.30011704564094543 265
1585024460187 0.29887792468070984 266
1585024493650 0.29943424463272095 267
1585024526960 0.3158329725265503 268
1585024560267 0.2992502450942993 269
1585024593604 0.30017563700675964 270
1585024626786 0.31521204113960266 271
1585024659682 0.30038386583328247 272
1585024692620 0.3008408546447754 273
1585024725773 0.3154134750366211 274
1585024758783 0.30371513962745667 275
1585024791960 0.30494606494903564 276
1585024825171 0.3027178645133972 277
1585024858137 0.3083034157752991 278
1585024892324 0.30053818225860596 279
1585024926080 0.30440181493759155 280
1585024959317 0.30275049805641174 281
1585024992802 0.3045252561569214 282
1585025027117 0.2985059916973114 283
1585025060459 0.29425448179244995 284
1585025093782 0.29654744267463684 285
1585025127104 0.2985435724258423 286
1585025160118 0.29972293972969055 287
1585025193647 0.29891929030418396 288
1585025226685 0.2956397533416748 289
1585025259902 0.29154103994369507 290
1585025294382 0.2982436418533325 291
1585025327556 0.30142390727996826 292
1585025360588 0.30570295453071594 293
1585025393932 0.30883651971817017 294
1585025427277 0.30100294947624207 295
1585025460407 0.29904264211654663 296
1585025494678 0.3000757098197937 297
1585025527857 0.2943339943885803 298
1585025560938 0.3100992739200592 299
1585025594313 0.30998581647872925 300
