1585015532879 0.03446386754512787 0
1585015566080 0.00872707087546587 1
1585015600155 0.006109172012656927 2
1585015633467 0.009392562322318554 3
1585015666532 0.013821033760905266 4
1585015699872 0.018103163689374924 5
1585015733143 0.015930524095892906 6
1585015766431 0.007306827697902918 7
1585015800432 0.004953581374138594 8
1585015833534 0.0018094953848049045 9
1585015867846 0.0023316810838878155 10
1585015900961 0.003064873395487666 11
1585015936291 0.0052277385257184505 12
1585015969213 0.007812274154275656 13
1585016002300 0.010297452099621296 14
1585016035625 0.011695245280861855 15
1585016069704 0.012949653901159763 16
1585016103411 0.013875805772840977 17
1585016137235 0.013529224321246147 18
1585016170759 0.013809174299240112 19
1585016204656 0.013000774197280407 20
1585016238054 0.011601967737078667 21
1585016271784 0.010426986031234264 22
1585016305371 0.009490149095654488 23
1585016339320 0.009379999712109566 24
1585016372988 0.008078070357441902 25
1585016406541 0.008551022969186306 26
1585016440013 0.007102102041244507 27
1585016473804 0.0069264802150428295 28
1585016507927 0.007523783482611179 29
1585016541204 0.008011101745069027 30
1585016574628 0.0073691862635314465 31
1585016608122 0.007983947172760963 32
1585016641958 0.008677252568304539 33
1585016675480 0.00844729132950306 34
1585016710181 0.008928847499191761 35
1585016743801 0.009093505330383778 36
1585016777660 0.009765650145709515 37
1585016810977 0.009889734908938408 38
1585016844891 0.009583169594407082 39
1585016878307 0.008667975664138794 40
1585016911754 0.009189775213599205 41
1585016945040 0.008702637627720833 42
1585016978691 0.008603938855230808 43
1585017012599 0.008582323789596558 44
1585017046049 0.007966314442455769 45
1585017079217 0.007798092905431986 46
1585017112494 0.0072425371035933495 47
1585017145917 0.007676017936319113 48
1585017179766 0.0071437060832977295 49
1585017212953 0.007049958687275648 50
1585017246497 0.007384170312434435 51
1585017280043 0.006522893439978361 52
1585017313849 0.007664990145713091 53
1585017347658 0.006644456181675196 54
1585017381469 0.006039055529981852 55
1585017415091 0.006278397981077433 56
1585017448395 0.006491159554570913 57
1585017481929 0.006596342660486698 58
1585017515277 0.00612609414383769 59
1585017548583 0.007352479733526707 60
1585017582159 0.006816984154284 61
1585017615508 0.005743712652474642 62
1585017648970 0.006036160979419947 63
1585017682594 0.005718572530895472 64
1585017715934 0.005247112829238176 65
1585017749811 0.005672710482031107 66
1585017783249 0.005602798890322447 67
1585017816554 0.005131627898663282 68
1585017849941 0.005272107198834419 69
1585017883772 0.004881287459284067 70
1585017917088 0.005487456917762756 71
1585017950633 0.00428183376789093 72
1585017984045 0.004659845493733883 73
1585018017526 0.0050461930222809315 74
1585018051153 0.00429032975807786 75
1585018085020 0.0047397431917488575 76
1585018118102 0.0043496862053871155 77
1585018151630 0.004102928563952446 78
1585018185234 0.003995997831225395 79
1585018218367 0.004591920413076878 80
1585018251584 0.0043931263498961926 81
1585018284955 0.00275709037669003 82
1585018318154 0.00321509363129735 83
1585018351264 0.0033067085314542055 84
1585018385807 0.003538360120728612 85
1585018419425 0.0032544201239943504 86
1585018452728 0.0030637262389063835 87
1585018486413 0.003937708679586649 88
1585018520029 0.002367566106840968 89
1585018553300 0.002706361236050725 90
1585018587101 0.0031794693786650896 91
1585018621423 0.0037030838429927826 92
1585018654746 0.001961694797500968 93
1585018688815 0.0020192109514027834 94
1585018722258 0.0027844528667628765 95
1585018755652 0.001342853531241417 96
1585018789796 0.002977972151711583 97
1585018823723 0.0022810203954577446 98
1585018857238 0.0024441529531031847 99
1585018890643 0.0014825047692283988 100
1585018924065 0.002772438107058406 101
1585018957268 0.0017596464604139328 102
1585018991503 0.001229548710398376 103
1585019025462 0.0010956438491120934 104
1585019059248 0.00288887950591743 105
1585019092446 0.001593800145201385 106
1585019125744 0.0030609529931098223 107
1585019159621 0.002071885857731104 108
1585019192719 0.0006844090530648828 109
1585019226771 0.00276987929828465 110
1585019260314 0.002275141654536128 111
1585019293628 0.0014933027559891343 112
1585019326816 0.002293414669111371 113
1585019360149 0.0007041060016490519 114
1585019393994 0.0010498311603441834 115
1585019427564 0.0019226454896852374 116
1585019461071 0.0006554715218953788 117
1585019495059 0.003133990801870823 118
1585019528293 0.0028148326091468334 119
1585019561880 0.0014318018220365047 120
1585019595265 0.004094036761671305 121
1585019629077 0.0036141755990684032 122
1585019662714 0.0014626982156187296 123
1585019696231 0.0019715114030987024 124
1585019730042 0.0012235732283443213 125
1585019763474 0.0004136631905566901 126
1585019796675 0.0011905159335583448 127
1585019831876 0.0023760986514389515 128
1585019865220 0.0011408887803554535 129
1585019898808 0.0016371009405702353 130
1585019932610 0.003500583814457059 131
1585019966142 0.0014078300446271896 132
1585020000069 0.0027914117090404034 133
1585020033556 0.0009135226137004793 134
1585020066870 0.0009539914899505675 135
1585020101089 0.000970253546256572 136
1585020135050 0.002177394228056073 137
1585020168687 0.0016497918404638767 138
1585020202252 0.001406948547810316 139
1585020235835 0.0011406791163608432 140
1585020269804 0.001712020835839212 141
1585020303244 0.0016718471888452768 142
1585020336888 0.0013961696531623602 143
1585020370272 0.002661634236574173 144
1585020404142 0.0009602713980711997 145
1585020437270 0.0036188880912959576 146
1585020470599 0.0027130187954753637 147
1585020504071 0.0019519968191161752 148
1585020538301 0.0012157801538705826 149
1585020571761 0.0022907161619514227 150
1585020605060 0.0025432445108890533 151
1585020639059 0.0008392049348913133 152
1585020672456 0.0019588146824389696 153
1585020705940 0.001758983009494841 154
1585020740466 0.0011648591607809067 155
1585020774095 0.0023821324575692415 156
1585020807546 0.001614737557247281 157
1585020840896 0.0006419367273338139 158
1585020874420 0.00254293461330235 159
1585020907669 0.0016052722930908203 160
1585020941424 0.0017488212324678898 161
1585020974834 0.0008257257286459208 162
1585021008375 0.00151520362123847 163
1585021043053 0.0013254712102934718 164
1585021076819 0.001245997380465269 165
1585021110020 0.0007848272216506302 166
1585021143381 0.001706942799501121 167
1585021177716 0.002029484836384654 168
1585021211597 0.001413899241015315 169
1585021245534 0.0029117560479789972 170
1585021279312 0.0007242209394462407 171
1585021312708 0.001003786688670516 172
1585021346051 0.0012377051170915365 173
1585021379453 0.000844801717903465 174
1585021412705 0.0010782456956803799 175
1585021445844 0.0008793384185992181 176
1585021479618 0.00283227046020329 177
1585021512994 0.002703998703509569 178
1585021547656 0.0023171224165707827 179
1585021580957 0.002162673743441701 180
1585021614221 0.0024460956919938326 181
1585021647627 0.001306371297687292 182
1585021681095 0.0018167862435802817 183
1585021715035 0.0005064906436018646 184
1585021748323 0.00322247133590281 185
1585021781953 0.0011820230865851045 186
1585021815351 0.001094434759579599 187
1585021849015 0.0019670543260872364 188
1585021882545 0.0011335797607898712 189
1585021915814 0.0011668034130707383 190
1585021949601 0.0008615028928034008 191
1585021983312 0.0024939801078289747 192
1585022017261 0.0028634746558964252 193
1585022050581 0.0021284371614456177 194
1585022083854 0.002053993521258235 195
1585022117297 0.0013850624673068523 196
1585022151082 0.0020148232579231262 197
1585022184500 0.0023561574053019285 198
1585022217699 0.002096914453431964 199
1585022251266 0.00220426800660789 200
1585022284609 0.0024286527186632156 201
1585022318184 0.0030920780263841152 202
1585022351668 0.0015654191374778748 203
1585022384960 0.0017627693014219403 204
1585022418743 0.0020308394450694323 205
1585022452629 0.000986168161034584 206
1585022486363 0.0020848868880420923 207
1585022520041 0.0017885541310533881 208
1585022553151 0.0012296495260670781 209
1585022586536 0.0005345548270270228 210
1585022620040 0.002677587326616049 211
1585022653650 0.001787668908946216 212
1585022687139 0.001629116595722735 213
1585022721615 0.0023498511873185635 214
1585022755060 0.001389560871757567 215
1585022788339 0.00177935475949198 216
1585022821637 0.0007138747605495155 217
1585022855116 0.0008140234858728945 218
1585022888646 0.0007985334959812462 219
1585022922677 0.002424015663564205 220
1585022956527 0.0020817096810787916 221
1585022990588 0.001225257758051157 222
1585023024220 0.0017516749212518334 223
1585023057599 0.0008545551099814475 224
1585023090729 0.001770384842529893 225
1585023124822 0.0016419871244579554 226
1585023158513 0.002859200583770871 227
1585023191714 0.0021125462371855974 228
1585023225620 0.0012399806873872876 229
1585023259119 0.003462603548541665 230
1585023292378 0.0016469435067847371 231
1585023325688 0.002735069254413247 232
1585023358749 0.001527040614746511 233
1585023392073 0.002073823707178235 234
1585023425513 0.0024120095185935497 235
1585023458883 0.0016718547558411956 236
1585023493947 0.0011300899786874652 237
1585023527466 0.002216675551608205 238
1585023560764 0.0010260996641591191 239
1585023595149 0.0013949422864243388 240
1585023628133 0.0006231621955521405 241
1585023661051 0.0016153479227796197 242
1585023694739 0.0020856037735939026 243
1585023727601 0.0019291011849418283 244
1585023760380 0.0011235014535486698 245
1585023793109 0.0012029052013531327 246
1585023825624 0.0008703193161636591 247
1585023858110 0.0026923432014882565 248
1585023891001 0.0015907128108665347 249
1585023923664 0.0014844111865386367 250
1585023956252 0.0005985347670502961 251
1585023988934 0.002484631724655628 252
1585024021715 0.0031330292113125324 253
1585024054383 0.0011067080777138472 254
1585024087548 0.001215288881212473 255
1585024120163 0.0032553456258028746 256
1585024152822 0.0012377952225506306 257
1585024185565 0.003720915177837014 258
1585024217793 0.0018019076669588685 259
1585024250228 0.0016370886005461216 260
1585024283560 0.001108839875087142 261
1585024316054 0.0015602981438860297 262
1585024349178 0.0019527924014255404 263
1585024382331 0.0012897250708192587 264
1585024415271 0.002633006079122424 265
1585024448548 0.0017602978041395545 266
1585024481697 0.0009493710822425783 267
1585024515296 0.0018119713058695197 268
1585024548698 0.001173557946458459 269
1585024581982 0.0002892868360504508 270
1585024615186 0.0004915496683679521 271
1585024648087 0.005201844032853842 272
1585024681048 0.0008152980590239167 273
1585024714019 0.0017499851528555155 274
1585024747290 0.0006533256964758039 275
1585024780132 0.0018088275101035833 276
1585024813476 0.0016535226022824645 277
1585024846583 0.00184723234269768 278
1585024879852 0.001978861866518855 279
1585024914385 0.001570400083437562 280
1585024947728 0.001430461765266955 281
1585024981073 0.0011890551541000605 282
1585025015309 0.001372308237478137 283
1585025048798 0.0005313633591867983 284
1585025082120 0.003100420581176877 285
1585025115391 0.001977247651666403 286
1585025148438 0.0011051543988287449 287
1585025181822 0.0026958759408444166 288
1585025214956 0.0014462396502494812 289
1585025248225 0.0012849689228460193 290
1585025282728 0.0010297989938408136 291
1585025316008 0.0015307277208194137 292
1585025348919 0.0011953517096117139 293
1585025382185 0.0010846802033483982 294
1585025415572 0.0010957426857203245 295
1585025448789 0.00458198506385088 296
1585025483010 0.001641736482270062 297
1585025516102 0.0017786611570045352 298
1585025549340 0.003868286032229662 299
1585025582763 0.0009392493520863354 300
