1585015552607 0.03085637465119362 0
1585015586685 0.006961081176996231 1
1585015620070 0.00447604525834322 2
1585015653222 0.006789582781493664 3
1585015686198 0.010487680323421955 4
1585015719463 0.014186801388859749 5
1585015753054 0.012128186412155628 6
1585015786941 0.005668244790285826 7
1585015820103 0.003439257387071848 8
1585015854393 0.0013956676702946424 9
1585015887389 0.003642789553850889 10
1585015922814 0.004732149187475443 11
1585015955894 0.007328524254262447 12
1585015988883 0.010676024481654167 13
1585016022321 0.01335512101650238 14
1585016056042 0.01511650625616312 15
1585016089986 0.01639881171286106 16
1585016123425 0.0174757968634367 17
1585016157331 0.017812976613640785 18
1585016190969 0.01691293716430664 19
1585016224624 0.016459036618471146 20
1585016257718 0.014830120839178562 21
1585016291926 0.01314193569123745 22
1585016325774 0.012519779615104198 23
1585016359372 0.011776089668273926 24
1585016393014 0.011329593136906624 25
1585016426581 0.010650519281625748 26
1585016460324 0.009773213416337967 27
1585016494351 0.008948399685323238 28
1585016527805 0.00906300637871027 29
1585016561186 0.009264657273888588 30
1585016594528 0.009344954043626785 31
1585016628324 0.00942629761993885 32
1585016662049 0.010376492515206337 33
1585016696712 0.010372567921876907 34
1585016730134 0.010582567192614079 35
1585016764049 0.010759471915662289 36
1585016797397 0.011231102980673313 37
1585016831086 0.011531312018632889 38
1585016864836 0.011335620656609535 39
1585016898101 0.009969048202037811 40
1585016931534 0.010667862370610237 41
1585016965081 0.009617378003895283 42
1585016999068 0.009047489613294601 43
1585017032379 0.009654591791331768 44
1585017065784 0.008723767474293709 45
1585017099020 0.008712911047041416 46
1585017132460 0.00813540630042553 47
1585017165807 0.009375190362334251 48
1585017199569 0.007963499054312706 49
1585017232966 0.007774021476507187 50
1585017266356 0.007991030812263489 51
1585017300169 0.007418758235871792 52
1585017334104 0.007630270905792713 53
1585017367787 0.007562087848782539 54
1585017401279 0.00712510384619236 55
1585017434883 0.007355238310992718 56
1585017468188 0.006843895651400089 57
1585017501783 0.006312127225100994 58
1585017535120 0.006581012159585953 59
1585017568605 0.007065110839903355 60
1585017601907 0.006189881823956966 61
1585017635441 0.005914471112191677 62
1585017669115 0.005750712007284164 63
1585017702348 0.00638040853664279 64
1585017735577 0.006029839627444744 65
1585017769833 0.005959314294159412 66
1585017802990 0.005528075620532036 67
1585017836400 0.0056239464320242405 68
1585017870343 0.005549754947423935 69
1585017903576 0.005749056115746498 70
1585017937140 0.005211682058870792 71
1585017970517 0.004851995967328548 72
1585018003978 0.005315033718943596 73
1585018037670 0.004737110808491707 74
1585018071370 0.004969479516148567 75
1585018104685 0.004688571207225323 76
1585018137923 0.00438047107309103 77
1585018171702 0.004714395850896835 78
1585018204852 0.004461029078811407 79
1585018238060 0.004445038735866547 80
1585018271397 0.0040587252005934715 81
1585018304717 0.004121902398765087 82
1585018337782 0.0037024037446826696 83
1585018370939 0.0036130379885435104 84
1585018405924 0.0038134786300361156 85
1585018439134 0.004517918452620506 86
1585018472684 0.0032525057904422283 87
1585018506394 0.004044375382363796 88
1585018539743 0.0027219383046031 89
1585018573171 0.0026428892742842436 90
1585018607060 0.0031946012750267982 91
1585018641137 0.003692588536068797 92
1585018674781 0.003053292166441679 93
1585018708760 0.0026567697059363127 94
1585018742182 0.003513798350468278 95
1585018775755 0.0020765368826687336 96
1585018810182 0.0034553208388388157 97
1585018843661 0.0029055150225758553 98
1585018877027 0.0032257377170026302 99
1585018910326 0.0017052339389920235 100
1585018943745 0.002230813028290868 101
1585018977190 0.001639092806726694 102
1585019011652 0.0025848594959825277 103
1585019045291 0.0018260842189192772 104
1585019078984 0.002675378695130348 105
1585019112161 0.002532603917643428 106
1585019145821 0.002613718155771494 107
1585019179197 0.0020486339926719666 108
1585019212707 0.0012721281964331865 109
1585019246730 0.0028743273578584194 110
1585019280014 0.002191163133829832 111
1585019313355 0.0017993093933910131 112
1585019346482 0.0016872314736247063 113
1585019380397 0.0016978788189589977 114
1585019413813 0.00193156604655087 115
1585019447111 0.0019418173469603062 116
1585019481578 0.0014676181599497795 117
1585019514763 0.002157640177756548 118
1585019548361 0.002118813106790185 119
1585019581788 0.0015116141876205802 120
1585019615540 0.0041818516328930855 121
1585019649097 0.0035018452908843756 122
1585019682512 0.001461361418478191 123
1585019716408 0.001789978938177228 124
1585019749868 0.0016171359457075596 125
1585019783113 0.001102113164961338 126
1585019818129 0.0013593233888968825 127
1585019851798 0.0024274569004774094 128
1585019885297 0.0026987968012690544 129
1585019919066 0.0017518651438876987 130
1585019952598 0.003922277595847845 131
1585019986008 0.0020714555867016315 132
1585020019836 0.0027351556345820427 133
1585020053474 0.0018834529910236597 134
1585020086542 0.002728482708334923 135
1585020121228 0.003096779342740774 136
1585020154960 0.002407986205071211 137
1585020188552 0.0028529104311019182 138
1585020222082 0.001530565321445465 139
1585020256004 0.001260547898709774 140
1585020289620 0.0018519298173487186 141
1585020323024 0.0022276341915130615 142
1585020356706 0.0024760146625339985 143
1585020390482 0.0026781654451042414 144
1585020423804 0.0016411643009632826 145
1585020457081 0.002499478170648217 146
1585020490530 0.0033485968597233295 147
1585020523797 0.0023902866523712873 148
1585020557986 0.0017922180704772472 149
1585020591475 0.001706466544419527 150
1585020625549 0.003232579445466399 151
1585020658857 0.0015398937975987792 152
1585020692386 0.0017713892739266157 153
1585020726927 0.002109608380123973 154
1585020760293 0.002379113342612982 155
1585020793993 0.0021611929405480623 156
1585020827310 0.0017114385263994336 157
1585020860760 0.001063487259671092 158
1585020894140 0.003454785794019699 159
1585020927519 0.0019122364465147257 160
1585020961415 0.0016403079498559237 161
1585020994586 0.0008008357835933566 162
1585021029389 0.002251877449452877 163
1585021063351 0.0023529105819761753 164
1585021096507 0.0014839264331385493 165
1585021129948 0.0011423637624830008 166
1585021163692 0.0022853410337120295 167
1585021198016 0.002388421446084976 168
1585021231702 0.002767539583146572 169
1585021265312 0.002095012692734599 170
1585021299054 0.0010994834592565894 171
1585021332575 0.0027409535832703114 172
1585021365990 0.0017822517547756433 173
1585021399211 0.0022677830420434475 174
1585021432379 0.0013199513778090477 175
1585021465942 0.0018085809424519539 176
1585021499316 0.002174018882215023 177
1585021533195 0.0024422407150268555 178
1585021567431 0.003189769107848406 179
1585021600694 0.0028037969022989273 180
1585021634000 0.0021357827354222536 181
1585021667613 0.0017100479453802109 182
1585021700732 0.0019247140735387802 183
1585021734802 0.0006222501397132874 184
1585021768369 0.0023051570169627666 185
1585021801722 0.001309817424044013 186
1585021835249 0.0012051467783749104 187
1585021868897 0.0018626484088599682 188
1585021902224 0.002661595121026039 189
1585021935857 0.0017267260700464249 190
1585021969234 0.0013963101664558053 191
1585022003283 0.0033519272692501545 192
1585022036998 0.0023160362616181374 193
1585022070256 0.001428939518518746 194
1585022103491 0.0018198341131210327 195
1585022137573 0.002519605215638876 196
1585022170884 0.0013293178053572774 197
1585022204249 0.002491096965968609 198
1585022237616 0.001891620922833681 199
1585022270937 0.0019927320536226034 200
1585022304633 0.002654789248481393 201
1585022337863 0.003008777042850852 202
1585022371347 0.0016115442849695683 203
1585022404854 0.002071652328595519 204
1585022438531 0.0019427130464464426 205
1585022472840 0.0024118823930621147 206
1585022506436 0.002954574767500162 207
1585022539769 0.00345575506798923 208
1585022573078 0.0011473882477730513 209
1585022606321 0.0014278790913522243 210
1585022639855 0.0024391289334744215 211
1585022673433 0.003055977402254939 212
1585022708017 0.0042412360198795795 213
1585022741400 0.002059087622910738 214
1585022774728 0.001555396243929863 215
1585022808013 0.0018515255069360137 216
1585022841488 0.0009253701427951455 217
1585022875076 0.0015793286729604006 218
1585022908705 0.0014481937978416681 219
1585022942977 0.0028868094086647034 220
1585022977005 0.0018625946249812841 221
1585023010335 0.0013924678787589073 222
1585023044053 0.0023119626566767693 223
1585023077223 0.001525364350527525 224
1585023110642 0.0028198519721627235 225
1585023144938 0.0014396605547517538 226
1585023178132 0.00321535998955369 227
1585023212020 0.001691156066954136 228
1585023245589 0.0015373709611594677 229
1585023278989 0.0024602909106761217 230
1585023312223 0.0012829989427700639 231
1585023345344 0.002621184103190899 232
1585023378527 0.0023769736289978027 233
1585023412061 0.0018752230098471045 234
1585023445233 0.0018564171623438597 235
1585023478657 0.0022310868371278048 236
1585023513971 0.001580223673954606 237
1585023547278 0.0016297160182148218 238
1585023580725 0.003923032432794571 239
1585023614778 0.001194613054394722 240
1585023647672 0.0010718547273427248 241
1585023680976 0.0022949858102947474 242
1585023714452 0.0022959434427320957 243
1585023746849 0.0014846199192106724 244
1585023779781 0.0019149956060573459 245
1585023812370 0.0011151533108204603 246
1585023845026 0.0010049702832475305 247
1585023877673 0.0018951792735606432 248
1585023910427 0.0013819456798955798 249
1585023943069 0.0016025879886001348 250
1585023975569 0.0016885632649064064 251
1585024008576 0.0017068723682314157 252
1585024041071 0.0032682656310498714 253
1585024074271 0.0010653077624738216 254
1585024106973 0.0011596751864999533 255
1585024139518 0.0022279187105596066 256
1585024172205 0.00151930027641356 257
1585024204712 0.0034032431431114674 258
1585024237230 0.0015887054614722729 259
1585024269838 0.0016594534972682595 260
1585024302948 0.0020925351418554783 261
1585024335719 0.0012108368100598454 262
1585024368807 0.0020207688212394714 263
1585024401795 0.0012718652142211795 264
1585024434966 0.001738698803819716 265
1585024468273 0.0013575979974120855 266
1585024501619 0.0015231195138767362 267
1585024535289 0.002845658455044031 268
1585024568504 0.0015965166967362165 269
1585024601560 0.0006599280168302357 270
1585024634775 0.002519317902624607 271
1585024667670 0.0033570360392332077 272
1585024700550 0.002082830062136054 273
1585024733741 0.002797347027808428 274
1585024766830 0.001012571738101542 275
1585024799950 0.002555176615715027 276
1585024833143 0.0015243279049172997 277
1585024866319 0.0016858908347785473 278
1585024900399 0.001975642517209053 279
1585024934315 0.0024296590127050877 280
1585024967545 0.0010563475079834461 281
1585025000868 0.0013102700468152761 282
1585025035237 0.0016677520470693707 283
1585025068585 0.0019071856513619423 284
1585025101953 0.0024777911603450775 285
1585025135035 0.001849084161221981 286
1585025168112 0.001754871103912592 287
1585025201552 0.0024490393698215485 288
1585025234811 0.001811158494092524 289
1585025268061 0.0016640189569443464 290
1585025302558 0.0019649206660687923 291
1585025335587 0.0013223662972450256 292
1585025368801 0.0030573890544474125 293
1585025401965 0.0020585644524544477 294
1585025435210 0.0010808323277160525 295
1585025468362 0.003142864443361759 296
1585025502746 0.0012183336075395346 297
1585025535817 0.0020511483307927847 298
1585025569053 0.0036937380209565163 299
1585025602277 0.001230705645866692 300
