1585015552607 0.8410864472389221 0
1585015586685 0.7485034465789795 1
1585015620070 0.6988341808319092 2
1585015653222 0.6704403162002563 3
1585015686198 0.6592077016830444 4
1585015719463 0.6460015773773193 5
1585015753054 0.626613199710846 6
1585015786941 0.5985516309738159 7
1585015820103 0.5827245116233826 8
1585015854393 0.5591520071029663 9
1585015887389 0.5393596291542053 10
1585015922814 0.5229038000106812 11
1585015955894 0.5070202946662903 12
1585015988883 0.49263715744018555 13
1585016022321 0.4787532687187195 14
1585016056042 0.4675300717353821 15
1585016089986 0.45707595348358154 16
1585016123425 0.44589585065841675 17
1585016157331 0.43580299615859985 18
1585016190969 0.4253268837928772 19
1585016224624 0.4167163372039795 20
1585016257718 0.4095993936061859 21
1585016291926 0.40699273347854614 22
1585016325774 0.3964177370071411 23
1585016359372 0.3911179304122925 24
1585016393014 0.38429024815559387 25
1585016426581 0.37933793663978577 26
1585016460324 0.37556585669517517 27
1585016494351 0.3716101348400116 28
1585016527805 0.366566002368927 29
1585016561186 0.3641359210014343 30
1585016594528 0.35887134075164795 31
1585016628324 0.35753658413887024 32
1585016662049 0.3474116623401642 33
1585016696712 0.34373414516448975 34
1585016730134 0.34141698479652405 35
1585016764049 0.33878082036972046 36
1585016797397 0.3316826820373535 37
1585016831086 0.32732701301574707 38
1585016864836 0.32511427998542786 39
1585016898101 0.3260672688484192 40
1585016931534 0.31992655992507935 41
1585016965081 0.3210417628288269 42
1585016999068 0.3217241168022156 43
1585017032379 0.3142537474632263 44
1585017065784 0.31994667649269104 45
1585017099020 0.3164023160934448 46
1585017132460 0.3162965476512909 47
1585017165807 0.31024158000946045 48
1585017199569 0.3132306635379791 49
1585017232966 0.31345927715301514 50
1585017266356 0.30657219886779785 51
1585017300169 0.31031548976898193 52
1585017334104 0.3070143461227417 53
1585017367787 0.307935893535614 54
1585017401279 0.30907320976257324 55
1585017434883 0.3084962069988251 56
1585017468188 0.3064604699611664 57
1585017501783 0.31163290143013 58
1585017535120 0.3078623116016388 59
1585017568605 0.3080325424671173 60
1585017601907 0.30593255162239075 61
1585017635441 0.30680790543556213 62
1585017669115 0.311048686504364 63
1585017702348 0.3056086301803589 64
1585017735577 0.3040454089641571 65
1585017769833 0.3103575110435486 66
1585017802990 0.3065464198589325 67
1585017836400 0.305370569229126 68
1585017870343 0.3047141432762146 69
1585017903576 0.3071235418319702 70
1585017937140 0.3036404252052307 71
1585017970517 0.31076595187187195 72
1585018003978 0.3060096800327301 73
1585018037670 0.3052200376987457 74
1585018071370 0.30333805084228516 75
1585018104685 0.3074708878993988 76
1585018137923 0.30894649028778076 77
1585018171702 0.30727940797805786 78
1585018204852 0.30711185932159424 79
1585018238060 0.3041737973690033 80
1585018271397 0.31054651737213135 81
1585018304717 0.306557297706604 82
1585018337782 0.31706351041793823 83
1585018370939 0.3126697242259979 84
1585018405924 0.3110806941986084 85
1585018439134 0.30482321977615356 86
1585018472684 0.3102093040943146 87
1585018506394 0.30847421288490295 88
1585018539743 0.3117787837982178 89
1585018573171 0.3117089867591858 90
1585018607060 0.3167397081851959 91
1585018641137 0.31588172912597656 92
1585018674781 0.3123587965965271 93
1585018708760 0.3199446201324463 94
1585018742182 0.3166276216506958 95
1585018775755 0.32437682151794434 96
1585018810182 0.31730303168296814 97
1585018843661 0.32322758436203003 98
1585018877027 0.3295794725418091 99
1585018910326 0.32642418146133423 100
1585018943745 0.32731926441192627 101
1585018977190 0.33070552349090576 102
1585019011652 0.3374987244606018 103
1585019045291 0.33017730712890625 104
1585019078984 0.33263126015663147 105
1585019112161 0.33288753032684326 106
1585019145821 0.3372327387332916 107
1585019179197 0.33560097217559814 108
1585019212707 0.3373837172985077 109
1585019246730 0.3368310034275055 110
1585019280014 0.3378250002861023 111
1585019313355 0.3369351029396057 112
1585019346482 0.3405619263648987 113
1585019380397 0.3338838219642639 114
1585019413813 0.3371680974960327 115
1585019447111 0.33535143733024597 116
1585019481578 0.33494094014167786 117
1585019514763 0.3404069244861603 118
1585019548361 0.33290714025497437 119
1585019581788 0.33071112632751465 120
1585019615540 0.3343047499656677 121
1585019649097 0.33618128299713135 122
1585019682512 0.33183425664901733 123
1585019716408 0.3275778293609619 124
1585019749868 0.33579882979393005 125
1585019783113 0.32902491092681885 126
1585019818129 0.33000287413597107 127
1585019851798 0.3301229476928711 128
1585019885297 0.32639098167419434 129
1585019919066 0.3306238055229187 130
1585019952598 0.32559216022491455 131
1585019986008 0.3295285105705261 132
1585020019836 0.334308385848999 133
1585020053474 0.3343556523323059 134
1585020086542 0.32740092277526855 135
1585020121228 0.3266800045967102 136
1585020154960 0.328230082988739 137
1585020188552 0.3277081847190857 138
1585020222082 0.3306765556335449 139
1585020256004 0.3269225060939789 140
1585020289620 0.33097338676452637 141
1585020323024 0.3250066041946411 142
1585020356706 0.3236079216003418 143
1585020390482 0.32532864809036255 144
1585020423804 0.32511448860168457 145
1585020457081 0.32468780875205994 146
1585020490530 0.32732272148132324 147
1585020523797 0.32214534282684326 148
1585020557986 0.3302021324634552 149
1585020591475 0.3292153775691986 150
1585020625549 0.32330572605133057 151
1585020658857 0.32499587535858154 152
1585020692386 0.3272029161453247 153
1585020726927 0.3249872326850891 154
1585020760293 0.32738202810287476 155
1585020793993 0.328041672706604 156
1585020827310 0.32480931282043457 157
1585020860760 0.32712793350219727 158
1585020894140 0.32373785972595215 159
1585020927519 0.3248771131038666 160
1585020961415 0.3294573128223419 161
1585020994586 0.33119726181030273 162
1585021029389 0.3323420286178589 163
1585021063351 0.32497644424438477 164
1585021096507 0.3263240158557892 165
1585021129948 0.3292970061302185 166
1585021163692 0.3275907039642334 167
1585021198016 0.3353247046470642 168
1585021231702 0.3337174355983734 169
1585021265312 0.3285408616065979 170
1585021299054 0.32909685373306274 171
1585021332575 0.3324158191680908 172
1585021365990 0.3319697380065918 173
1585021399211 0.33020803332328796 174
1585021432379 0.32371437549591064 175
1585021465942 0.32739222049713135 176
1585021499316 0.3309755325317383 177
1585021533195 0.32560035586357117 178
1585021567431 0.3215295672416687 179
1585021600694 0.3274739384651184 180
1585021634000 0.3224400281906128 181
1585021667613 0.32251933217048645 182
1585021700732 0.32809320092201233 183
1585021734802 0.3244866132736206 184
1585021768369 0.32935622334480286 185
1585021801722 0.327620267868042 186
1585021835249 0.3255262076854706 187
1585021868897 0.32442939281463623 188
1585021902224 0.3236868381500244 189
1585021935857 0.3329617977142334 190
1585021969234 0.32532578706741333 191
1585022003283 0.33169257640838623 192
1585022036998 0.3224826455116272 193
1585022070256 0.3235568404197693 194
1585022103491 0.3250027596950531 195
1585022137573 0.32549813389778137 196
1585022170884 0.3302682638168335 197
1585022204249 0.32354241609573364 198
1585022237616 0.32128071784973145 199
1585022270937 0.3262220025062561 200
1585022304633 0.32534268498420715 201
1585022337863 0.32848966121673584 202
1585022371347 0.3229407072067261 203
1585022404854 0.3184854984283447 204
1585022438531 0.32151132822036743 205
1585022472840 0.32522183656692505 206
1585022506436 0.32566410303115845 207
1585022539769 0.32570400834083557 208
1585022573078 0.32496321201324463 209
1585022606321 0.32595711946487427 210
1585022639855 0.3204708695411682 211
1585022673433 0.32164236903190613 212
1585022708017 0.33200564980506897 213
1585022741400 0.3282431960105896 214
1585022774728 0.3203958570957184 215
1585022808013 0.3259326219558716 216
1585022841488 0.3224535286426544 217
1585022875076 0.3254968822002411 218
1585022908705 0.3194423317909241 219
1585022942977 0.3256552815437317 220
1585022977005 0.32479241490364075 221
1585023010335 0.3201867640018463 222
1585023044053 0.32943853735923767 223
1585023077223 0.3238171935081482 224
1585023110642 0.3250541388988495 225
1585023144938 0.32487934827804565 226
1585023178132 0.3280329704284668 227
1585023212020 0.3270688056945801 228
1585023245589 0.32694563269615173 229
1585023278989 0.3250342011451721 230
1585023312223 0.3217693865299225 231
1585023345344 0.32538115978240967 232
1585023378527 0.3224637806415558 233
1585023412061 0.32151034474372864 234
1585023445233 0.3212135434150696 235
1585023478657 0.3265193700790405 236
1585023513971 0.3224233388900757 237
1585023547278 0.324810266494751 238
1585023580725 0.3267589807510376 239
1585023614778 0.32468700408935547 240
1585023647672 0.322654664516449 241
1585023680976 0.32026129961013794 242
1585023714452 0.321977436542511 243
1585023746849 0.32008641958236694 244
1585023779781 0.32750919461250305 245
1585023812370 0.3224780559539795 246
1585023845026 0.32025665044784546 247
1585023877673 0.3183683753013611 248
1585023910427 0.3247770667076111 249
1585023943069 0.32399782538414 250
1585023975569 0.3222213089466095 251
1585024008576 0.32490038871765137 252
1585024041071 0.3272925615310669 253
1585024074271 0.32387953996658325 254
1585024106973 0.3207830488681793 255
1585024139518 0.3230924606323242 256
1585024172205 0.3229549527168274 257
1585024204712 0.3297250270843506 258
1585024237230 0.3255377411842346 259
1585024269838 0.32574987411499023 260
1585024302948 0.3266511559486389 261
1585024335719 0.3235973119735718 262
1585024368807 0.31528398394584656 263
1585024401795 0.3225623369216919 264
1585024434966 0.32187193632125854 265
1585024468273 0.3186239004135132 266
1585024501619 0.3182670772075653 267
1585024535289 0.3269282281398773 268
1585024568504 0.3235247731208801 269
1585024601560 0.32159650325775146 270
1585024634775 0.3280659317970276 271
1585024667670 0.32696616649627686 272
1585024700550 0.32135799527168274 273
1585024733741 0.33014437556266785 274
1585024766830 0.3215596079826355 275
1585024799950 0.3253735899925232 276
1585024833143 0.32249969244003296 277
1585024866319 0.32819807529449463 278
1585024900399 0.32397857308387756 279
1585024934315 0.3228616714477539 280
1585024967545 0.3258506953716278 281
1585025000868 0.3236324191093445 282
1585025035237 0.32296043634414673 283
1585025068585 0.3175159990787506 284
1585025101953 0.31971287727355957 285
1585025135035 0.31868261098861694 286
1585025168112 0.31952765583992004 287
1585025201552 0.3228878378868103 288
1585025234811 0.3175150752067566 289
1585025268061 0.3156411051750183 290
1585025302558 0.3202434182167053 291
1585025335587 0.32230353355407715 292
1585025368801 0.3232925832271576 293
1585025401965 0.3249039649963379 294
1585025435210 0.3193292021751404 295
1585025468362 0.31972169876098633 296
1585025502746 0.31950366497039795 297
1585025535817 0.31992045044898987 298
1585025569053 0.3293720781803131 299
1585025602277 0.32423174381256104 300
