1585015552607 0.30811119079589844 0
1585015586685 0.4412682056427002 1
1585015620070 0.6085289120674133 2
1585015653222 0.6736812591552734 3
1585015686198 0.67976313829422 4
1585015719463 0.6757315397262573 5
1585015753054 0.67746502161026 6
1585015786941 0.6831059455871582 7
1585015820103 0.6787254810333252 8
1585015854393 0.6789222955703735 9
1585015887389 0.6816486120223999 10
1585015922814 0.6809662580490112 11
1585015955894 0.6994398236274719 12
1585015988883 0.7092470526695251 13
1585016022321 0.7379134893417358 14
1585016056042 0.7605730295181274 15
1585016089986 0.7650623321533203 16
1585016123425 0.7844583988189697 17
1585016157331 0.7866083383560181 18
1585016190969 0.7940850257873535 19
1585016224624 0.7961211204528809 20
1585016257718 0.7872596979141235 21
1585016291926 0.772408664226532 22
1585016325774 0.7963371276855469 23
1585016359372 0.7827470898628235 24
1585016393014 0.790359616279602 25
1585016426581 0.7889187335968018 26
1585016460324 0.7940324544906616 27
1585016494351 0.7914628982543945 28
1585016527805 0.8084324598312378 29
1585016561186 0.8131023645401001 30
1585016594528 0.8211577534675598 31
1585016628324 0.825107753276825 32
1585016662049 0.8450677394866943 33
1585016696712 0.8438634276390076 34
1585016730134 0.8415824770927429 35
1585016764049 0.8463871479034424 36
1585016797397 0.8490391373634338 37
1585016831086 0.8589433431625366 38
1585016864836 0.8526802659034729 39
1585016898101 0.8553034067153931 40
1585016931534 0.8576799631118774 41
1585016965081 0.8593195080757141 42
1585016999068 0.8546537160873413 43
1585017032379 0.8654554486274719 44
1585017065784 0.8575739860534668 45
1585017099020 0.8561104536056519 46
1585017132460 0.8596524000167847 47
1585017165807 0.8639656901359558 48
1585017199569 0.859288215637207 49
1585017232966 0.8556220531463623 50
1585017266356 0.8669414520263672 51
1585017300169 0.8570802807807922 52
1585017334104 0.8679583072662354 53
1585017367787 0.8615628480911255 54
1585017401279 0.8578992486000061 55
1585017434883 0.8630144596099854 56
1585017468188 0.8642200827598572 57
1585017501783 0.8690798282623291 58
1585017535120 0.8636618852615356 59
1585017568605 0.8670555353164673 60
1585017601907 0.8660702109336853 61
1585017635441 0.8557243347167969 62
1585017669115 0.8619322776794434 63
1585017702348 0.8631665706634521 64
1585017735577 0.8604122996330261 65
1585017769833 0.8626621961593628 66
1585017802990 0.8646210432052612 67
1585017836400 0.8675664663314819 68
1585017870343 0.8635636568069458 69
1585017903576 0.8579698204994202 70
1585017937140 0.8601149320602417 71
1585017970517 0.8566662073135376 72
1585018003978 0.8701227903366089 73
1585018037670 0.8626410961151123 74
1585018071370 0.8648147583007812 75
1585018104685 0.8629345893859863 76
1585018137923 0.8599197268486023 77
1585018171702 0.8597585558891296 78
1585018204852 0.8559297919273376 79
1585018238060 0.8650246858596802 80
1585018271397 0.856168270111084 81
1585018304717 0.8572165966033936 82
1585018337782 0.8470613956451416 83
1585018370939 0.8520054221153259 84
1585018405924 0.8545002341270447 85
1585018439134 0.8646904826164246 86
1585018472684 0.8584572076797485 87
1585018506394 0.8601648807525635 88
1585018539743 0.8589592576026917 89
1585018573171 0.8578755259513855 90
1585018607060 0.8554162979125977 91
1585018641137 0.8545973300933838 92
1585018674781 0.8557175397872925 93
1585018708760 0.8547348976135254 94
1585018742182 0.851976752281189 95
1585018775755 0.8484324216842651 96
1585018810182 0.8521234393119812 97
1585018843661 0.8503021001815796 98
1585018877027 0.8504241108894348 99
1585018910326 0.8485950231552124 100
1585018943745 0.8485099077224731 101
1585018977190 0.8463331460952759 102
1585019011652 0.8443772196769714 103
1585019045291 0.8462640047073364 104
1585019078984 0.8477614521980286 105
1585019112161 0.8504687547683716 106
1585019145821 0.8473069667816162 107
1585019179197 0.8456519842147827 108
1585019212707 0.845015287399292 109
1585019246730 0.8474395275115967 110
1585019280014 0.8410606384277344 111
1585019313355 0.846418559551239 112
1585019346482 0.8416950106620789 113
1585019380397 0.8452470302581787 114
1585019413813 0.8423774242401123 115
1585019447111 0.8427339792251587 116
1585019481578 0.8458316326141357 117
1585019514763 0.8425977826118469 118
1585019548361 0.8500794768333435 119
1585019581788 0.8503180742263794 120
1585019615540 0.8443876504898071 121
1585019649097 0.8481927514076233 122
1585019682512 0.8443639278411865 123
1585019716408 0.8486511707305908 124
1585019749868 0.8495959639549255 125
1585019783113 0.8453611731529236 126
1585019818129 0.8480117917060852 127
1585019851798 0.8507190942764282 128
1585019885297 0.8511344194412231 129
1585019919066 0.8495959043502808 130
1585019952598 0.8500219583511353 131
1585019986008 0.85084468126297 132
1585020019836 0.8435018658638 133
1585020053474 0.8447821140289307 134
1585020086542 0.8510122299194336 135
1585020121228 0.8504005670547485 136
1585020154960 0.8463634252548218 137
1585020188552 0.8515405654907227 138
1585020222082 0.8477799892425537 139
1585020256004 0.8473056554794312 140
1585020289620 0.8447701930999756 141
1585020323024 0.8526201844215393 142
1585020356706 0.8536198139190674 143
1585020390482 0.8523460626602173 144
1585020423804 0.8473855257034302 145
1585020457081 0.8453783392906189 146
1585020490530 0.8498450517654419 147
1585020523797 0.8508015275001526 148
1585020557986 0.849860429763794 149
1585020591475 0.8498343229293823 150
1585020625549 0.8512730598449707 151
1585020658857 0.84801185131073 152
1585020692386 0.8474706411361694 153
1585020726927 0.8496770858764648 154
1585020760293 0.8509967923164368 155
1585020793993 0.8488203287124634 156
1585020827310 0.847718358039856 157
1585020860760 0.8470669984817505 158
1585020894140 0.8503992557525635 159
1585020927519 0.850388765335083 160
1585020961415 0.8494975566864014 161
1585020994586 0.8504843711853027 162
1585021029389 0.8442827463150024 163
1585021063351 0.8489813804626465 164
1585021096507 0.8460686206817627 165
1585021129948 0.8501397371292114 166
1585021163692 0.8470538854598999 167
1585021198016 0.8415887951850891 168
1585021231702 0.846641480922699 169
1585021265312 0.8492200374603271 170
1585021299054 0.8458773493766785 171
1585021332575 0.8468247652053833 172
1585021365990 0.8477351069450378 173
1585021399211 0.8485859036445618 174
1585021432379 0.8471654653549194 175
1585021465942 0.8465010523796082 176
1585021499316 0.8460266590118408 177
1585021533195 0.8496507406234741 178
1585021567431 0.8523149490356445 179
1585021600694 0.8471404314041138 180
1585021634000 0.852371096611023 181
1585021667613 0.8476239442825317 182
1585021700732 0.8455706238746643 183
1585021734802 0.8505144119262695 184
1585021768369 0.8472111225128174 185
1585021801722 0.8435987234115601 186
1585021835249 0.8544414043426514 187
1585021868897 0.8465286493301392 188
1585021902224 0.8489826917648315 189
1585021935857 0.8443351984024048 190
1585021969234 0.8503311276435852 191
1585022003283 0.8459612131118774 192
1585022036998 0.8502486944198608 193
1585022070256 0.8513309955596924 194
1585022103491 0.848861038684845 195
1585022137573 0.8469164371490479 196
1585022170884 0.849138617515564 197
1585022204249 0.8481259346008301 198
1585022237616 0.849953830242157 199
1585022270937 0.8458890914916992 200
1585022304633 0.8443247079849243 201
1585022337863 0.8529151678085327 202
1585022371347 0.8494176864624023 203
1585022404854 0.849454402923584 204
1585022438531 0.8549118638038635 205
1585022472840 0.8445448279380798 206
1585022506436 0.8473056554794312 207
1585022539769 0.8476095199584961 208
1585022573078 0.8474850058555603 209
1585022606321 0.843292236328125 210
1585022639855 0.8554673194885254 211
1585022673433 0.8505945205688477 212
1585022708017 0.8424116969108582 213
1585022741400 0.8467526435852051 214
1585022774728 0.8531494140625 215
1585022808013 0.846919059753418 216
1585022841488 0.8471811413764954 217
1585022875076 0.846017599105835 218
1585022908705 0.8498554229736328 219
1585022942977 0.8508707284927368 220
1585022977005 0.8454306125640869 221
1585023010335 0.8499418497085571 222
1585023044053 0.8445056676864624 223
1585023077223 0.8507083654403687 224
1585023110642 0.8535817861557007 225
1585023144938 0.8477784991264343 226
1585023178132 0.8444344401359558 227
1585023212020 0.8453794717788696 228
1585023245589 0.8468378186225891 229
1585023278989 0.8458877801895142 230
1585023312223 0.8485242128372192 231
1585023345344 0.8453311920166016 232
1585023378527 0.850345253944397 233
1585023412061 0.8488190174102783 234
1585023445233 0.8485976457595825 235
1585023478657 0.8524891138076782 236
1585023513971 0.8489120006561279 237
1585023547278 0.8491135835647583 238
1585023580725 0.8443140983581543 239
1585023614778 0.8432084321975708 240
1585023647672 0.8492474555969238 241
1585023680976 0.8520646095275879 242
1585023714452 0.8493772149085999 243
1585023746849 0.8449170589447021 244
1585023779781 0.8466268181800842 245
1585023812370 0.8464065790176392 246
1585023845026 0.8501371741294861 247
1585023877673 0.8500823378562927 248
1585023910427 0.848749577999115 249
1585023943069 0.8442119359970093 250
1585023975569 0.8505682349205017 251
1585024008576 0.8471521139144897 252
1585024041071 0.8413240313529968 253
1585024074271 0.8457765579223633 254
1585024106973 0.8514553308486938 255
1585024139518 0.8497912883758545 256
1585024172205 0.8475272059440613 257
1585024204712 0.847527027130127 258
1585024237230 0.8480014204978943 259
1585024269838 0.848056435585022 260
1585024302948 0.8439065217971802 261
1585024335719 0.8504292964935303 262
1585024368807 0.8527446985244751 263
1585024401795 0.845838189125061 264
1585024434966 0.8464577198028564 265
1585024468273 0.8525940775871277 266
1585024501619 0.8530762195587158 267
1585024535289 0.8481415510177612 268
1585024568504 0.8483616709709167 269
1585024601560 0.8486931324005127 270
1585024634775 0.8466962575912476 271
1585024667670 0.8451108932495117 272
1585024700550 0.8509558439254761 273
1585024733741 0.8438646793365479 274
1585024766830 0.8500546813011169 275
1585024799950 0.8481954336166382 276
1585024833143 0.8496510982513428 277
1585024866319 0.846041202545166 278
1585024900399 0.8465272188186646 279
1585024934315 0.8522638082504272 280
1585024967545 0.8463621139526367 281
1585025000868 0.8466532230377197 282
1585025035237 0.8446247577667236 283
1585025068585 0.8470238447189331 284
1585025101953 0.8479844331741333 285
1585025135035 0.8509443998336792 286
1585025168112 0.846121072769165 287
1585025201552 0.8498777151107788 288
1585025234811 0.8485543727874756 289
1585025268061 0.8499562740325928 290
1585025302558 0.847525954246521 291
1585025335587 0.8492657542228699 292
1585025368801 0.8397926092147827 293
1585025401965 0.8469780087471008 294
1585025435210 0.8441845178604126 295
1585025468362 0.8488727807998657 296
1585025502746 0.8493602275848389 297
1585025535817 0.8495528697967529 298
1585025569053 0.8459650874137878 299
1585025602277 0.8477418422698975 300
