1585006969551 0.8315979242324829 0
1585007002064 0.7384100556373596 1
1585007034639 0.6876856088638306 2
1585007067930 0.6595292091369629 3
1585007100683 0.6449902057647705 4
1585007133149 0.6386979222297668 5
1585007165967 0.6186585426330566 6
1585007199598 0.5867530703544617 7
1585007232182 0.5716400146484375 8
1585007264740 0.5527991056442261 9
1585007297450 0.5212072730064392 10
1585007330077 0.5071694254875183 11
1585007362729 0.4858704209327698 12
1585007395369 0.46813687682151794 13
1585007427902 0.4556286334991455 14
1585007460472 0.44511324167251587 15
1585007492936 0.4364745020866394 16
1585007525296 0.4260742962360382 17
1585007558440 0.4143030345439911 18
1585007590912 0.40266454219818115 19
1585007623771 0.3901216685771942 20
1585007656649 0.38329389691352844 21
1585007689512 0.37613701820373535 22
1585007722070 0.3622809648513794 23
1585007755009 0.35825496912002563 24
1585007787666 0.34636080265045166 25
1585007820301 0.34207868576049805 26
1585007853112 0.3364917039871216 27
1585007885624 0.3341163694858551 28
1585007918225 0.3312702476978302 29
1585007951131 0.33230000734329224 30
1585007983622 0.32543471455574036 31
1585008016336 0.322419136762619 32
1585008049137 0.31396612524986267 33
1585008081704 0.3116037845611572 34
1585008114021 0.3143902122974396 35
1585008146945 0.3062341511249542 36
1585008179285 0.3012316823005676 37
1585008211851 0.2965797185897827 38
1585008244914 0.29635852575302124 39
1585008277566 0.2972904443740845 40
1585008309824 0.28984615206718445 41
1585008342479 0.29295340180397034 42
1585008375155 0.29589295387268066 43
1585008407717 0.2842243015766144 44
1585008440086 0.2907405495643616 45
1585008472861 0.2864498794078827 46
1585008505360 0.28650379180908203 47
1585008539252 0.2786381244659424 48
1585008571984 0.2859566807746887 49
1585008604727 0.2864137291908264 50
1585008637351 0.27567651867866516 51
1585008669996 0.2765347957611084 52
1585008702268 0.2795940637588501 53
1585008735182 0.27236616611480713 54
1585008768087 0.2727295756340027 55
1585008800740 0.2738802433013916 56
1585008833549 0.2722265124320984 57
1585008866304 0.2830880582332611 58
1585008898617 0.27282148599624634 59
1585008931244 0.2770999073982239 60
1585008963698 0.27639323472976685 61
1585008997862 0.26996415853500366 62
1585009030890 0.2697509229183197 63
1585009063733 0.26968976855278015 64
1585009096159 0.2614224851131439 65
1585009129480 0.2741415500640869 66
1585009162113 0.2699607312679291 67
1585009194978 0.2633565366268158 68
1585009227316 0.26196977496147156 69
1585009260045 0.26005980372428894 70
1585009295320 0.26204714179039 71
1585009327921 0.26777249574661255 72
1585009360253 0.2627538740634918 73
1585009392850 0.261026531457901 74
1585009425819 0.2542092204093933 75
1585009459055 0.2624385952949524 76
1585009491823 0.2641102075576782 77
1585009524789 0.25316888093948364 78
1585009557469 0.2568763792514801 79
1585009590691 0.25817224383354187 80
1585009623419 0.25863999128341675 81
1585009656387 0.24783703684806824 82
1585009689017 0.25419262051582336 83
1585009721400 0.2614736258983612 84
1585009753829 0.2511257231235504 85
1585009786184 0.24446947872638702 86
1585009818660 0.2477886974811554 87
1585009851431 0.25289344787597656 88
1585009884352 0.24957707524299622 89
1585009917183 0.2463311105966568 90
1585009950098 0.257846862077713 91
1585009982934 0.24826376140117645 92
1585010015621 0.2407931685447693 93
1585010048203 0.2539491653442383 94
1585010080759 0.24300575256347656 95
1585010113607 0.25818097591400146 96
1585010146133 0.24144510924816132 97
1585010178804 0.24357262253761292 98
1585010211356 0.24950367212295532 99
1585010244015 0.2469683587551117 100
1585010276674 0.24085620045661926 101
1585010309252 0.24226462841033936 102
1585010341902 0.25218328833580017 103
1585010375433 0.23993785679340363 104
1585010407888 0.23807242512702942 105
1585010440382 0.23862409591674805 106
1585010473147 0.24075794219970703 107
1585010505624 0.24144247174263 108
1585010538155 0.240770161151886 109
1585010570937 0.2440730482339859 110
1585010603554 0.2384956330060959 111
1585010636366 0.23599646985530853 112
1585010669104 0.24217046797275543 113
1585010701775 0.22972404956817627 114
1585010735422 0.23360536992549896 115
1585010768301 0.22935163974761963 116
1585010803923 0.23480527102947235 117
1585010836495 0.23976851999759674 118
1585010869058 0.22978997230529785 119
1585010902503 0.22967055439949036 120
1585010935293 0.2374643087387085 121
1585010968010 0.23608878254890442 122
1585011001000 0.2298728972673416 123
1585011033655 0.22897374629974365 124
1585011066115 0.2390746921300888 125
1585011098834 0.23006224632263184 126
1585011131313 0.22780682146549225 127
1585011164068 0.23036789894104004 128
1585011196856 0.23094311356544495 129
1585011229752 0.2303704023361206 130
1585011262945 0.22089526057243347 131
1585011295872 0.2300293743610382 132
1585011328440 0.23697704076766968 133
1585011361134 0.2390584647655487 134
1585011394246 0.2309570014476776 135
1585011426863 0.2233644425868988 136
1585011459886 0.22146916389465332 137
1585011492741 0.23716288805007935 138
1585011525586 0.23245830833911896 139
1585011558260 0.22561036050319672 140
1585011590793 0.2412877380847931 141
1585011623367 0.22765564918518066 142
1585011656007 0.22225993871688843 143
1585011689722 0.21923433244228363 144
1585011722790 0.22450050711631775 145
1585011755199 0.22135451436042786 146
1585011787484 0.23191264271736145 147
1585011820566 0.21763017773628235 148
1585011852922 0.21846674382686615 149
1585011885383 0.2223978042602539 150
1585011918054 0.21521195769309998 151
1585011950552 0.21654421091079712 152
1585011983438 0.2216411679983139 153
1585012016067 0.21983951330184937 154
1585012048815 0.22748975455760956 155
1585012081895 0.21904447674751282 156
1585012114509 0.21278077363967896 157
1585012147065 0.21770112216472626 158
1585012179976 0.2130887508392334 159
1585012212665 0.22021961212158203 160
1585012245366 0.22009612619876862 161
1585012277976 0.22461611032485962 162
1585012310793 0.22282089293003082 163
1585012344695 0.21090470254421234 164
1585012377367 0.21492889523506165 165
1585012410261 0.2191285490989685 166
1585012442748 0.2113008350133896 167
1585012475165 0.22188572585582733 168
1585012507400 0.23492074012756348 169
1585012539818 0.21756382286548615 170
1585012572535 0.21853534877300262 171
1585012605406 0.21830695867538452 172
1585012637988 0.23342940211296082 173
1585012671134 0.21535566449165344 174
1585012705748 0.21380628645420074 175
1585012738462 0.21906611323356628 176
1585012771195 0.2202475368976593 177
1585012803971 0.21039608120918274 178
1585012836172 0.20852449536323547 179
1585012870086 0.21438300609588623 180
1585012902647 0.20872583985328674 181
1585012935217 0.20578546822071075 182
1585012967832 0.21748124063014984 183
1585013000922 0.21318359673023224 184
1585013033648 0.21420972049236298 185
1585013066160 0.21387964487075806 186
1585013098774 0.21120785176753998 187
1585013131398 0.20711277425289154 188
1585013164084 0.20797009766101837 189
1585013196907 0.2211752086877823 190
1585013229782 0.21149516105651855 191
1585013262279 0.22539924085140228 192
1585013295087 0.20336265861988068 193
1585013327687 0.211164653301239 194
1585013360480 0.21351388096809387 195
1585013393825 0.20633354783058167 196
1585013426859 0.21481303870677948 197
1585013459335 0.20622073113918304 198
1585013492211 0.20680391788482666 199
1585013525589 0.20447389781475067 200
1585013558150 0.21079455316066742 201
1585013590987 0.21446150541305542 202
1585013624399 0.19688862562179565 203
1585013656775 0.19775383174419403 204
1585013689468 0.19901423156261444 205
1585013722127 0.205966055393219 206
1585013755079 0.20506079494953156 207
1585013787439 0.20779858529567719 208
1585013820395 0.20105165243148804 209
1585013853133 0.21198463439941406 210
1585013885829 0.1946767121553421 211
1585013918572 0.20182305574417114 212
1585013951055 0.21463584899902344 213
1585013983580 0.21001967787742615 214
1585014015912 0.19963602721691132 215
1585014048060 0.20041905343532562 216
1585014080644 0.19847026467323303 217
1585014113239 0.20620402693748474 218
1585014145777 0.1943962126970291 219
1585014178827 0.20203569531440735 220
1585014211242 0.1991022229194641 221
1585014243772 0.20332369208335876 222
1585014276909 0.20810745656490326 223
1585014309497 0.20226582884788513 224
1585014343743 0.20809653401374817 225
1585014376680 0.2023015171289444 226
1585014409310 0.20346477627754211 227
1585014441874 0.20701542496681213 228
1585014475303 0.20321674644947052 229
1585014507759 0.19606275856494904 230
1585014540133 0.19486357271671295 231
1585014572477 0.20136462152004242 232
1585014604932 0.19192220270633698 233
1585014638615 0.1967218518257141 234
1585014671167 0.19559231400489807 235
1585014703785 0.2024567425251007 236
1585014736426 0.1992032527923584 237
1585014769149 0.1933785378932953 238
1585014801807 0.20324349403381348 239
1585014834312 0.1952422708272934 240
1585014867249 0.2064928412437439 241
1585014900106 0.20006388425827026 242
1585014932653 0.19317173957824707 243
1585014965432 0.1891222894191742 244
1585014998266 0.20211726427078247 245
1585015031955 0.19297441840171814 246
1585015064666 0.19439776241779327 247
1585015097194 0.19251102209091187 248
1585015129775 0.19269339740276337 249
1585015162240 0.19341416656970978 250
1585015195047 0.1926833987236023 251
1585015227539 0.19137047231197357 252
1585015260066 0.19599032402038574 253
1585015292700 0.19048981368541718 254
1585015325259 0.18962758779525757 255
1585015358556 0.18626901507377625 256
1585015390848 0.2067132592201233 257
1585015423477 0.19915910065174103 258
1585015456145 0.19718879461288452 259
1585015488745 0.19651839137077332 260
1585015522043 0.19281773269176483 261
1585015556687 0.18920715153217316 262
1585015590048 0.18185336887836456 263
1585015623356 0.19521939754486084 264
1585015656351 0.19101491570472717 265
1585015689711 0.18706576526165009 266
1585015723270 0.1925116926431656 267
1585015756398 0.20066915452480316 268
1585015789396 0.1883043497800827 269
1585015822687 0.19011594355106354 270
1585015857023 0.20546232163906097 271
1585015892588 0.18729573488235474 272
1585015927959 0.1896403282880783 273
1585015961384 0.21231423318386078 274
1585015994433 0.18932688236236572 275
1585016027607 0.19063931703567505 276
1585016060591 0.18985557556152344 277
1585016094741 0.20498691499233246 278
1585016128186 0.18988314270973206 279
1585016162487 0.192521333694458 280
1585016195898 0.18603689968585968 281
1585016229414 0.18846440315246582 282
1585016262763 0.18279150128364563 283
1585016296383 0.18528436124324799 284
1585016331605 0.18452170491218567 285
1585016365367 0.18333446979522705 286
1585016399504 0.19207681715488434 287
1585016433495 0.18189123272895813 288
1585016467093 0.18237465620040894 289
1585016500662 0.1786801964044571 290
1585016534359 0.18841606378555298 291
1585016567978 0.18759873509407043 292
1585016601685 0.18941755592823029 293
1585016636311 0.1893530786037445 294
1585016670528 0.18688413500785828 295
1585016703922 0.17969584465026855 296
1585016737849 0.1869622766971588 297
1585016772155 0.1781826764345169 298
1585016805961 0.18496084213256836 299
1585016839540 0.1948774755001068 300
1585016873420 0.17702187597751617 301
1585016907172 0.17205685377120972 302
1585016940398 0.17907147109508514 303
1585016974432 0.18193064630031586 304
1585017008416 0.18719568848609924 305
1585017041876 0.17870256304740906 306
1585017075377 0.1811368614435196 307
1585017108973 0.17715635895729065 308
1585017142301 0.18375496566295624 309
1585017175554 0.17941196262836456 310
1585017209566 0.17173151671886444 311
1585017242857 0.18886636197566986 312
1585017276421 0.18043820559978485 313
1585017310045 0.17290230095386505 314
1585017343742 0.17767135798931122 315
1585017377823 0.1799044907093048 316
1585017411271 0.17870651185512543 317
1585017444729 0.17854821681976318 318
1585017478093 0.18533729016780853 319
1585017511429 0.18221864104270935 320
1585017544997 0.18314552307128906 321
1585017578355 0.18283694982528687 322
1585017613103 0.17326775193214417 323
1585017646574 0.1829511970281601 324
1585017680265 0.17302319407463074 325
1585017713554 0.1835210621356964 326
1585017747258 0.16972431540489197 327
1585017780574 0.1795220524072647 328
1585017814282 0.19180504977703094 329
1585017847753 0.17979000508785248 330
1585017880963 0.19285768270492554 331
1585017914268 0.17566131055355072 332
1585017949648 0.1729206144809723 333
1585017982936 0.1772918403148651 334
1585018016666 0.17356596887111664 335
1585018050168 0.1721949279308319 336
1585018083953 0.18632987141609192 337
1585018117451 0.17472204566001892 338
1585018150797 0.1710488200187683 339
1585018184289 0.16951079666614532 340
1585018218259 0.17688602209091187 341
1585018251653 0.17497427761554718 342
1585018285346 0.17729005217552185 343
1585018318617 0.17735671997070312 344
1585018352531 0.18272563815116882 345
1585018387144 0.17106042802333832 346
1585018421788 0.18079984188079834 347
1585018454998 0.17508246004581451 348
1585018488219 0.16992270946502686 349
1585018522202 0.1686779409646988 350
1585018556201 0.16431835293769836 351
1585018589314 0.18605032563209534 352
1585018622669 0.18135687708854675 353
1585018655935 0.1780928075313568 354
1585018690012 0.16208311915397644 355
1585018724176 0.17351384460926056 356
1585018757473 0.17063327133655548 357
1585018790940 0.17519879341125488 358
1585018824758 0.16528324782848358 359
1585018859365 0.16829176247119904 360
1585018892936 0.18241149187088013 361
1585018926160 0.16214458644390106 362
1585018959862 0.17846810817718506 363
1585018993917 0.16387715935707092 364
1585019028062 0.16799916326999664 365
1585019061537 0.17096291482448578 366
1585019095394 0.16734984517097473 367
1585019128873 0.17038193345069885 368
1585019162473 0.17065075039863586 369
1585019196514 0.16779612004756927 370
1585019229969 0.15919871628284454 371
1585019263556 0.17193007469177246 372
1585019297444 0.16640877723693848 373
1585019330979 0.16601815819740295 374
1585019364264 0.16492551565170288 375
1585019397782 0.17410047352313995 376
1585019432380 0.16923648118972778 377
1585019466289 0.17621520161628723 378
1585019499416 0.17397570610046387 379
1585019532729 0.1665637344121933 380
1585019566721 0.17921988666057587 381
1585019600398 0.16370373964309692 382
1585019633898 0.163759246468544 383
1585019667832 0.16660092771053314 384
1585019701567 0.1728743463754654 385
1585019735258 0.16788916289806366 386
1585019769047 0.16827526688575745 387
1585019803764 0.16076907515525818 388
1585019837500 0.17405106127262115 389
1585019871138 0.1569642573595047 390
1585019905367 0.1692490130662918 391
1585019939883 0.16938981413841248 392
1585019973662 0.15810509026050568 393
1585020007150 0.1693301796913147 394
1585020040594 0.15888509154319763 395
1585020074396 0.15743404626846313 396
1585020108307 0.16475483775138855 397
1585020141706 0.17452049255371094 398
1585020175639 0.166862353682518 399
1585020209124 0.1715613156557083 400
1585020243430 0.16410039365291595 401
1585020277479 0.16619807481765747 402
1585020310684 0.16726021468639374 403
1585020344283 0.1598295420408249 404
1585020377747 0.16782532632350922 405
1585020411598 0.1609971523284912 406
1585020445165 0.16161957383155823 407
1585020478733 0.18393559753894806 408
1585020512335 0.16495968401432037 409
1585020546622 0.16220583021640778 410
1585020580322 0.16408327221870422 411
1585020614801 0.16682937741279602 412
1585020648054 0.17068886756896973 413
1585020681453 0.1548982560634613 414
1585020714866 0.1713351607322693 415
1585020748194 0.16397182643413544 416
1585020781570 0.16309505701065063 417
1585020815694 0.16798685491085052 418
1585020849604 0.15475621819496155 419
1585020883263 0.17633965611457825 420
1585020917224 0.1697901487350464 421
1585020950522 0.16214673221111298 422
1585020984379 0.15159574151039124 423
1585021018681 0.15808697044849396 424
1585021052548 0.15724341571331024 425
1585021086002 0.15663428604602814 426
1585021119437 0.17415300011634827 427
1585021152865 0.1526785045862198 428
1585021186036 0.16855932772159576 429
1585021221293 0.15687385201454163 430
1585021255109 0.1631019413471222 431
1585021288833 0.1642538458108902 432
1585021322706 0.16755607724189758 433
1585021355981 0.16559001803398132 434
1585021389658 0.1557360589504242 435
1585021423315 0.160867840051651 436
1585021456741 0.16539031267166138 437
1585021491365 0.1543816328048706 438
1585021524736 0.15727566182613373 439
1585021558083 0.1543935090303421 440
1585021591390 0.16350704431533813 441
1585021625400 0.15925320982933044 442
1585021659217 0.16020092368125916 443
1585021692955 0.15800319612026215 444
1585021726942 0.1574559360742569 445
1585021761644 0.167707160115242 446
1585021795067 0.16531644761562347 447
1585021828423 0.15887747704982758 448
1585021861913 0.1621655970811844 449
1585021895353 0.1619635969400406 450
1585021928565 0.15699617564678192 451
1585021961960 0.15561899542808533 452
1585021995215 0.14756710827350616 453
1585022028875 0.16810718178749084 454
1585022062495 0.1482660174369812 455
1585022095899 0.14817941188812256 456
1585022130041 0.15739749372005463 457
1585022163796 0.14690780639648438 458
1585022197705 0.15551531314849854 459
1585022231876 0.1817554533481598 460
1585022265214 0.14680451154708862 461
1585022299165 0.15709295868873596 462
1585022333112 0.1575082540512085 463
1585022367868 0.1431974172592163 464
1585022401596 0.15992939472198486 465
1585022435256 0.16283029317855835 466
1585022468802 0.15066885948181152 467
1585022503067 0.15624789893627167 468
1585022536705 0.15241612493991852 469
1585022570313 0.1580604463815689 470
1585022603808 0.14970111846923828 471
1585022637326 0.1499728560447693 472
1585022670879 0.1536271572113037 473
1585022704683 0.15508759021759033 474
1585022738111 0.14789074659347534 475
1585022771660 0.1514595001935959 476
1585022805868 0.15079371631145477 477
1585022839684 0.15282444655895233 478
1585022874059 0.15206433832645416 479
1585022907623 0.15615621209144592 480
1585022941323 0.1586644947528839 481
1585022975080 0.16843920946121216 482
1585023008588 0.15376058220863342 483
1585023041791 0.151233971118927 484
1585023076389 0.15276896953582764 485
1585023109889 0.15039047598838806 486
1585023143739 0.15817628800868988 487
1585023177273 0.15584635734558105 488
1585023210781 0.15312637388706207 489
1585023244193 0.15603023767471313 490
1585023277679 0.14805831015110016 491
1585023311384 0.1492035984992981 492
1585023345083 0.1493704617023468 493
1585023379310 0.14869531989097595 494
1585023412784 0.1533229500055313 495
1585023446320 0.14826834201812744 496
1585023480266 0.148055300116539 497
1585023515573 0.15291941165924072 498
1585023548787 0.16534045338630676 499
1585023582295 0.1427096426486969 500
