1585006958508 0.8505749702453613 0
1585006990544 0.7582588195800781 1
1585007023162 0.7078867554664612 2
1585007056472 0.6801301836967468 3
1585007089189 0.6754475235939026 4
1585007121838 0.6602656841278076 5
1585007154104 0.6457200646400452 6
1585007188076 0.6216797232627869 7
1585007220694 0.6052224636077881 8
1585007253340 0.5718501210212708 9
1585007286017 0.5562986135482788 10
1585007318599 0.5302959084510803 11
1585007351212 0.5130652189254761 12
1585007383919 0.4972380995750427 13
1585007416469 0.4811260402202606 14
1585007448992 0.47060686349868774 15
1585007481567 0.4617390036582947 16
1585007513903 0.4516615867614746 17
1585007546536 0.44345393776893616 18
1585007579396 0.4297003746032715 19
1585007612345 0.42340755462646484 20
1585007645125 0.4110819399356842 21
1585007677925 0.4052536189556122 22
1585007710660 0.39615628123283386 23
1585007743505 0.38616713881492615 24
1585007776147 0.3826274573802948 25
1585007808856 0.3765341341495514 26
1585007841694 0.3726392984390259 27
1585007874140 0.36751022934913635 28
1585007906692 0.3626644015312195 29
1585007939811 0.35722681879997253 30
1585007972171 0.35529014468193054 31
1585008004828 0.35607919096946716 32
1585008037700 0.3488631844520569 33
1585008070157 0.3443984389305115 34
1585008102551 0.3399258255958557 35
1585008135513 0.3440191149711609 36
1585008167921 0.33535081148147583 37
1585008200567 0.3328835666179657 38
1585008233512 0.3291316628456116 39
1585008265997 0.3309035897254944 40
1585008298405 0.3254822790622711 41
1585008330988 0.32477107644081116 42
1585008363639 0.3222702145576477 43
1585008396240 0.31760355830192566 44
1585008428701 0.32133933901786804 45
1585008461458 0.3170544505119324 46
1585008493892 0.31605497002601624 47
1585008527807 0.30925530195236206 48
1585008560604 0.3081246614456177 49
1585008593059 0.30645397305488586 50
1585008625872 0.30040767788887024 51
1585008658494 0.30614012479782104 52
1585008690886 0.2951847314834595 53
1585008723625 0.3029177486896515 54
1585008756287 0.3034694194793701 55
1585008789297 0.2992987036705017 56
1585008822142 0.293941468000412 57
1585008854851 0.2927929162979126 58
1585008887166 0.29378360509872437 59
1585008919750 0.2868563234806061 60
1585008952288 0.2822595536708832 61
1585008986350 0.2875252664089203 62
1585009018959 0.29562124609947205 63
1585009052066 0.2815944254398346 64
1585009084715 0.28425708413124084 65
1585009117726 0.28466564416885376 66
1585009150516 0.2784658372402191 67
1585009183503 0.2808528244495392 68
1585009216082 0.2777598202228546 69
1585009248624 0.2823368310928345 70
1585009283345 0.27042844891548157 71
1585009316303 0.28149110078811646 72
1585009348899 0.2720779478549957 73
1585009381330 0.27063602209091187 74
1585009414268 0.2702755033969879 75
1585009447195 0.2684788107872009 76
1585009480311 0.26810142397880554 77
1585009513179 0.27362385392189026 78
1585009545770 0.2677869200706482 79
1585009579182 0.2597406506538391 80
1585009611801 0.27076709270477295 81
1585009644856 0.2709738612174988 82
1585009677386 0.28423234820365906 83
1585009710037 0.26347076892852783 84
1585009742357 0.2658040225505829 85
1585009774719 0.25516554713249207 86
1585009807313 0.26112356781959534 87
1585009840115 0.25017181038856506 88
1585009872714 0.2545706629753113 89
1585009905641 0.2538014352321625 90
1585009938466 0.2527257204055786 91
1585009971372 0.25465476512908936 92
1585010004115 0.24941685795783997 93
1585010036675 0.24918760359287262 94
1585010069347 0.24338775873184204 95
1585010101925 0.2446805089712143 96
1585010134910 0.24367009103298187 97
1585010167368 0.25149884819984436 98
1585010199951 0.24802565574645996 99
1585010232676 0.24086067080497742 100
1585010265148 0.24664361774921417 101
1585010297840 0.24178361892700195 102
1585010330227 0.24418476223945618 103
1585010364002 0.24054676294326782 104
1585010396412 0.24862170219421387 105
1585010428903 0.23852045834064484 106
1585010461569 0.2446238249540329 107
1585010494200 0.2385973483324051 108
1585010526751 0.23483724892139435 109
1585010559275 0.2425040453672409 110
1585010592050 0.2301110178232193 111
1585010624937 0.23461733758449554 112
1585010657551 0.24045896530151367 113
1585010690292 0.2285449057817459 114
1585010723839 0.23640860617160797 115
1585010756780 0.23819589614868164 116
1585010789329 0.22959144413471222 117
1585010825048 0.23740972578525543 118
1585010857653 0.2324712872505188 119
1585010890160 0.22637134790420532 120
1585010923798 0.23038265109062195 121
1585010956488 0.23137728869915009 122
1585010989095 0.2302175611257553 123
1585011022120 0.22273631393909454 124
1585011054689 0.23091237246990204 125
1585011087263 0.2210383117198944 126
1585011119887 0.22429104149341583 127
1585011152548 0.2271333485841751 128
1585011185219 0.2204558253288269 129
1585011218119 0.22760698199272156 130
1585011251419 0.22964592278003693 131
1585011284112 0.22148394584655762 132
1585011316922 0.2367103099822998 133
1585011349607 0.22492964565753937 134
1585011382370 0.2184499204158783 135
1585011415292 0.2206566333770752 136
1585011447963 0.22124695777893066 137
1585011481159 0.21824009716510773 138
1585011513848 0.22129853069782257 139
1585011546725 0.21637755632400513 140
1585011579279 0.21301957964897156 141
1585011611980 0.212284117937088 142
1585011644575 0.2190152257680893 143
1585011678262 0.2145608514547348 144
1585011711387 0.21151766180992126 145
1585011743751 0.21245558559894562 146
1585011775902 0.21527501940727234 147
1585011808899 0.21069231629371643 148
1585011841579 0.2289953976869583 149
1585011873941 0.21020740270614624 150
1585011906473 0.2092636078596115 151
1585011939204 0.20633167028427124 152
1585011971676 0.2106695920228958 153
1585012004527 0.20778639614582062 154
1585012037321 0.20640885829925537 155
1585012070074 0.21005983650684357 156
1585012102992 0.20875364542007446 157
1585012135526 0.20196010172367096 158
1585012168540 0.20929235219955444 159
1585012201283 0.19699054956436157 160
1585012233719 0.2017287164926529 161
1585012266300 0.20293259620666504 162
1585012299272 0.20221096277236938 163
1585012333086 0.2078385055065155 164
1585012365835 0.19754424691200256 165
1585012398717 0.2002972960472107 166
1585012431358 0.20354634523391724 167
1585012463773 0.20333199203014374 168
1585012495813 0.1995944380760193 169
1585012528399 0.2021588534116745 170
1585012561183 0.19507744908332825 171
1585012593893 0.1982486993074417 172
1585012626589 0.19568826258182526 173
1585012659113 0.19723089039325714 174
1585012692151 0.1908217966556549 175
1585012727053 0.19329914450645447 176
1585012759646 0.20076365768909454 177
1585012792271 0.20053011178970337 178
1585012824909 0.19910456240177155 179
1585012857436 0.1938459873199463 180
1585012891302 0.19487932324409485 181
1585012923970 0.19283248484134674 182
1585012956342 0.20033322274684906 183
1585012989503 0.19128082692623138 184
1585013022044 0.19949324429035187 185
1585013054691 0.19003894925117493 186
1585013087335 0.1926298886537552 187
1585013120007 0.18937183916568756 188
1585013152387 0.19001446664333344 189
1585013185658 0.19601479172706604 190
1585013218277 0.18954354524612427 191
1585013250907 0.18916144967079163 192
1585013283604 0.19041483104228973 193
1585013316256 0.18697315454483032 194
1585013349034 0.18384778499603271 195
1585013382318 0.1903436928987503 196
1585013415020 0.1925780475139618 197
1585013447787 0.1889774203300476 198
1585013480718 0.1852549910545349 199
1585013514084 0.1896667182445526 200
1585013546577 0.18233618140220642 201
1585013579256 0.19774189591407776 202
1585013612338 0.1840655505657196 203
1585013645474 0.17692036926746368 204
1585013677968 0.18830770254135132 205
1585013710760 0.18123020231723785 206
1585013743580 0.1894051879644394 207
1585013776035 0.1827714890241623 208
1585013808825 0.17968983948230743 209
1585013841641 0.1801651418209076 210
1585013874305 0.18514998257160187 211
1585013907055 0.18116804957389832 212
1585013939623 0.18124014139175415 213
1585013972097 0.18701082468032837 214
1585014004563 0.17958109080791473 215
1585014036789 0.17783395946025848 216
1585014069190 0.18006569147109985 217
1585014101722 0.17964912950992584 218
1585014134251 0.17466095089912415 219
1585014167226 0.18971385061740875 220
1585014199880 0.17799915373325348 221
1585014232359 0.17230422794818878 222
1585014265461 0.18252108991146088 223
1585014298013 0.17467589676380157 224
1585014332212 0.17665648460388184 225
1585014365076 0.17120058834552765 226
1585014397717 0.18067562580108643 227
1585014430329 0.1777447760105133 228
1585014463892 0.1778002232313156 229
1585014496220 0.18607103824615479 230
1585014528756 0.17243045568466187 231
1585014561097 0.18140138685703278 232
1585014593425 0.17981697618961334 233
1585014627225 0.1796576976776123 234
1585014659740 0.17350716888904572 235
1585014692350 0.1773388683795929 236
1585014724964 0.17568126320838928 237
1585014757359 0.17535024881362915 238
1585014790192 0.16767139732837677 239
1585014822835 0.17954306304454803 240
1585014855674 0.16730470955371857 241
1585014888516 0.17104367911815643 242
1585014921258 0.16938291490077972 243
1585014953781 0.17230069637298584 244
1585014986869 0.16900217533111572 245
1585015020502 0.16796191036701202 246
1585015053243 0.16500581800937653 247
1585015085797 0.16222265362739563 248
1585015118289 0.17439720034599304 249
1585015150757 0.1685364842414856 250
1585015183580 0.1665726602077484 251
1585015215975 0.1766587346792221 252
1585015248480 0.1759757250547409 253
1585015281320 0.16851480305194855 254
1585015313803 0.16760174930095673 255
1585015347148 0.1719350963830948 256
1585015379436 0.16231994330883026 257
1585015411934 0.18703889846801758 258
1585015444700 0.16423793137073517 259
1585015477294 0.17234456539154053 260
1585015509844 0.16897642612457275 261
1585015544950 0.17003081738948822 262
1585015578334 0.1648206263780594 263
1585015611610 0.16058418154716492 264
1585015644735 0.16717950999736786 265
1585015677776 0.1631758213043213 266
1585015711587 0.16076527535915375 267
1585015744816 0.16180498898029327 268
1585015777824 0.16837002336978912 269
1585015810979 0.15855738520622253 270
1585015844203 0.1572960764169693 271
1585015880449 0.1731584668159485 272
1585015916241 0.15834075212478638 273
1585015949550 0.15797793865203857 274
1585015982779 0.15957093238830566 275
1585016015901 0.166499063372612 276
1585016048773 0.16340385377407074 277
1585016082913 0.1699664443731308 278
1585016116481 0.1635676473379135 279
1585016150774 0.1593005508184433 280
1585016184109 0.16042597591876984 281
1585016217682 0.16222961246967316 282
1585016250999 0.16500312089920044 283
1585016284568 0.15655359625816345 284
1585016318928 0.16419655084609985 285
1585016353660 0.15925297141075134 286
1585016387475 0.15322355926036835 287
1585016421278 0.17189174890518188 288
1585016455258 0.15833616256713867 289
1585016488740 0.157194122672081 290
1585016522411 0.1699203997850418 291
1585016555892 0.1596759408712387 292
1585016589785 0.15951648354530334 293
1585016623846 0.15600627660751343 294
1585016658782 0.15141265094280243 295
1585016691984 0.16127847135066986 296
1585016726058 0.1509581208229065 297
1585016760509 0.16526545584201813 298
1585016794111 0.16912157833576202 299
1585016827806 0.1490127146244049 300
1585016861137 0.1539185792207718 301
1585016895421 0.1637539267539978 302
1585016928663 0.15874162316322327 303
1585016962779 0.16486625373363495 304
1585016996747 0.14877167344093323 305
1585017030062 0.1529352217912674 306
1585017063656 0.15087701380252838 307
1585017096989 0.15799985826015472 308
1585017130566 0.16150589287281036 309
1585017163816 0.15924249589443207 310
1585017197469 0.1536022424697876 311
1585017231178 0.15550826489925385 312
1585017264579 0.1519441306591034 313
1585017298251 0.1493956297636032 314
1585017331781 0.15062130987644196 315
1585017365864 0.14714114367961884 316
1585017399542 0.14910830557346344 317
1585017433006 0.1598360538482666 318
1585017466264 0.1590002179145813 319
1585017499556 0.14696355164051056 320
1585017533219 0.1502389907836914 321
1585017566583 0.15090839564800262 322
1585017600595 0.15140029788017273 323
1585017634830 0.14686565101146698 324
1585017668341 0.15614080429077148 325
1585017701814 0.14825452864170074 326
1585017735113 0.15662753582000732 327
1585017768942 0.1466904729604721 328
1585017802459 0.15048237144947052 329
1585017835973 0.14411933720111847 330
1585017869224 0.14455671608448029 331
1585017902473 0.15353496372699738 332
1585017935881 0.14652681350708008 333
1585017971236 0.1471365988254547 334
1585018004905 0.14124606549739838 335
1585018038452 0.16589617729187012 336
1585018072092 0.1557377576828003 337
1585018105716 0.16267825663089752 338
1585018139132 0.14946305751800537 339
1585018172566 0.1587696522474289 340
1585018206545 0.1561061143875122 341
1585018239988 0.14689107239246368 342
1585018273476 0.15004542469978333 343
1585018306905 0.15435142815113068 344
1585018340689 0.14456084370613098 345
1585018375375 0.17316266894340515 346
1585018409951 0.14880459010601044 347
1585018443307 0.1460074931383133 348
1585018476565 0.15051503479480743 349
1585018510045 0.14181695878505707 350
1585018544202 0.13894209265708923 351
1585018577656 0.14447106420993805 352
1585018611026 0.14211520552635193 353
1585018644285 0.14397397637367249 354
1585018678192 0.14773699641227722 355
1585018712561 0.15019641816616058 356
1585018745747 0.14223022758960724 357
1585018779200 0.13729113340377808 358
1585018812550 0.14246144890785217 359
1585018847600 0.13546481728553772 360
1585018881105 0.1401997059583664 361
1585018914485 0.13619105517864227 362
1585018948107 0.1383221596479416 363
1585018982051 0.13632138073444366 364
1585019016074 0.14432404935359955 365
1585019049889 0.15121270716190338 366
1585019083578 0.1391938328742981 367
1585019117175 0.13893885910511017 368
1585019150599 0.14494234323501587 369
1585019184244 0.14743399620056152 370
1585019218191 0.13771197199821472 371
1585019251730 0.1569550484418869 372
1585019285452 0.1301736831665039 373
1585019319242 0.14231152832508087 374
1585019352496 0.13651390373706818 375
1585019386107 0.14264559745788574 376
1585019420587 0.14653845131397247 377
1585019454319 0.14141936600208282 378
1585019487752 0.13981400430202484 379
1585019521048 0.14073093235492706 380
1585019554440 0.1409020721912384 381
1585019588578 0.13431522250175476 382
1585019622087 0.13879594206809998 383
1585019655702 0.1312648057937622 384
1585019689756 0.14164073765277863 385
1585019723329 0.1344916969537735 386
1585019757164 0.1344657987356186 387
1585019791076 0.13510315120220184 388
1585019825331 0.134414941072464 389
1585019859233 0.1420532763004303 390
1585019893386 0.1439337581396103 391
1585019927941 0.14276841282844543 392
1585019961956 0.13817307353019714 393
1585019995385 0.13726969063282013 394
1585020028732 0.12979060411453247 395
1585020062681 0.13477285206317902 396
1585020096242 0.13871094584465027 397
1585020130029 0.14677457511425018 398
1585020163958 0.13901086151599884 399
1585020197281 0.13504436612129211 400
1585020231327 0.13976968824863434 401
1585020265643 0.13851912319660187 402
1585020298993 0.13479188084602356 403
1585020332614 0.13094253838062286 404
1585020365955 0.13427306711673737 405
1585020399582 0.13695842027664185 406
1585020433360 0.1437431275844574 407
1585020466910 0.14450959861278534 408
1585020500699 0.1325012892484665 409
1585020534788 0.12761139869689941 410
1585020568540 0.1311270147562027 411
1585020602258 0.12948288023471832 412
1585020636375 0.14189590513706207 413
1585020669785 0.12850485742092133 414
1585020703028 0.13800795376300812 415
1585020736444 0.1375611275434494 416
1585020769893 0.1440790295600891 417
1585020803807 0.1316799521446228 418
1585020837525 0.14556607604026794 419
1585020871609 0.13443484902381897 420
1585020905321 0.12381865084171295 421
1585020938874 0.12971872091293335 422
1585020972656 0.12659287452697754 423
1585021006972 0.13298694789409637 424
1585021040736 0.13688364624977112 425
1585021074256 0.13225801289081573 426
1585021107784 0.1349530816078186 427
1585021141172 0.1351107507944107 428
1585021174381 0.12600912153720856 429
1585021208801 0.12862753868103027 430
1585021243180 0.13171716034412384 431
1585021276948 0.14447222650051117 432
1585021310598 0.12852776050567627 433
1585021344255 0.13327133655548096 434
1585021377963 0.12754260003566742 435
1585021411508 0.12821820378303528 436
1585021444993 0.13018393516540527 437
1585021478544 0.13172248005867004 438
1585021513063 0.12637974321842194 439
1585021546310 0.12703406810760498 440
1585021579658 0.137273371219635 441
1585021613617 0.12876562774181366 442
1585021647441 0.1295863389968872 443
1585021681222 0.13388991355895996 444
1585021715273 0.12577016651630402 445
1585021749899 0.13047659397125244 446
1585021783228 0.13548578321933746 447
1585021816776 0.13735602796077728 448
1585021850094 0.12990011274814606 449
1585021883549 0.14347152411937714 450
1585021916886 0.127071812748909 451
1585021950141 0.12816864252090454 452
1585021983527 0.1276058703660965 453
1585022017119 0.12709710001945496 454
1585022050734 0.12403412908315659 455
1585022084124 0.12651868164539337 456
1585022117466 0.12648116052150726 457
1585022151914 0.12729427218437195 458
1585022185743 0.13745653629302979 459
1585022219976 0.126841738820076 460
1585022253567 0.12330591678619385 461
1585022287333 0.12857688963413239 462
1585022320761 0.12782038748264313 463
1585022354887 0.12696392834186554 464
1585022389590 0.12844084203243256 465
1585022423440 0.1298377811908722 466
1585022456954 0.1236213818192482 467
1585022490504 0.12268298119306564 468
1585022525006 0.14750590920448303 469
1585022558581 0.12638096511363983 470
1585022592016 0.12497396022081375 471
1585022625526 0.1209259033203125 472
1585022659144 0.13415475189685822 473
1585022692315 0.13130760192871094 474
1585022726394 0.13589078187942505 475
1585022759745 0.12201754003763199 476
1585022793307 0.12278250604867935 477
1585022827846 0.1240609660744667 478
1585022861710 0.12794311344623566 479
1585022895923 0.12375239282846451 480
1585022929306 0.12720987200737 481
1585022963041 0.12811210751533508 482
1585022996870 0.14524291455745697 483
1585023030144 0.139372780919075 484
1585023063906 0.13129769265651703 485
1585023098083 0.12408194690942764 486
1585023131864 0.12568123638629913 487
1585023165524 0.11785576492547989 488
1585023199138 0.1219821348786354 489
1585023232283 0.12310559302568436 490
1585023265876 0.12520653009414673 491
1585023299639 0.12319031357765198 492
1585023333184 0.13264155387878418 493
1585023367471 0.11872637271881104 494
1585023401014 0.13502608239650726 495
1585023434459 0.11756850779056549 496
1585023468282 0.11998889595270157 497
1585023503654 0.1194423958659172 498
1585023537107 0.12373188138008118 499
1585023570436 0.12649528682231903 500
