1585006958508 0.03446386754512787 0
1585006990544 0.008651548065245152 1
1585007023162 0.006249952130019665 2
1585007056472 0.010491324588656425 3
1585007089189 0.016841942444443703 4
1585007121838 0.024015722796320915 5
1585007154104 0.023849589750170708 6
1585007188076 0.014409825205802917 7
1585007220694 0.01124334242194891 8
1585007253340 0.004561466630548239 9
1585007286017 0.0033765940461307764 10
1585007318599 0.001988479634746909 11
1585007351212 0.004057682119309902 12
1585007383919 0.007535768207162619 13
1585007416469 0.011294458992779255 14
1585007448992 0.013886358588933945 15
1585007481567 0.015702281147241592 16
1585007513903 0.017148489132523537 17
1585007546536 0.017338179051876068 18
1585007579396 0.01791561022400856 19
1585007612345 0.017161458730697632 20
1585007645125 0.0164959579706192 21
1585007677925 0.015173569321632385 22
1585007710660 0.014214386232197285 23
1585007743505 0.013692478649318218 24
1585007776147 0.012324397452175617 25
1585007808856 0.011998850852251053 26
1585007841694 0.010562960058450699 27
1585007874140 0.010126760229468346 28
1585007906692 0.01028701663017273 29
1585007939811 0.010355530306696892 30
1585007972171 0.0097309285774827 31
1585008004828 0.009502069093286991 32
1585008037700 0.00975753553211689 33
1585008070157 0.009616534225642681 34
1585008102551 0.009658838622272015 35
1585008135513 0.009127981960773468 36
1585008167921 0.009816785342991352 37
1585008200567 0.009845519438385963 38
1585008233512 0.009417292661964893 39
1585008265997 0.0083141615614295 40
1585008298405 0.008901990018785 41
1585008330988 0.008571078069508076 42
1585008363639 0.008453233167529106 43
1585008396240 0.008523521013557911 44
1585008428701 0.007829555310308933 45
1585008461458 0.007900696247816086 46
1585008493892 0.007308150175958872 47
1585008527807 0.007899869233369827 48
1585008560604 0.007622185628861189 49
1585008593059 0.007539820391684771 50
1585008625872 0.008207239210605621 51
1585008658494 0.007092719431966543 52
1585008690886 0.008361543528735638 53
1585008723625 0.007371861021965742 54
1585008756287 0.006836591754108667 55
1585008789297 0.007381410337984562 56
1585008822142 0.007892326451838017 57
1585008854851 0.008011705242097378 58
1585008887166 0.007450766861438751 59
1585008919750 0.008827210403978825 60
1585008952288 0.008445043116807938 61
1585008986350 0.007575049996376038 62
1585009018959 0.007761274930089712 63
1585009052066 0.007889715023338795 64
1585009084715 0.0075646028853952885 65
1585009117726 0.007982242852449417 66
1585009150516 0.007845607586205006 67
1585009183503 0.007679319474846125 68
1585009216082 0.007912625558674335 69
1585009248624 0.0074287899769842625 70
1585009283345 0.008667699061334133 71
1585009316303 0.007097271736711264 72
1585009348899 0.007972095161676407 73
1585009381330 0.008327187970280647 74
1585009414268 0.00806389469653368 75
1585009447195 0.008324104361236095 76
1585009480311 0.008127340115606785 77
1585009513179 0.007494905963540077 78
1585009545770 0.008259453810751438 79
1585009579182 0.008796480484306812 80
1585009611801 0.007954942062497139 81
1585009644856 0.006552089471369982 82
1585009677386 0.008079062215983868 83
1585009710037 0.00833025574684143 84
1585009742357 0.008373863063752651 85
1585009774719 0.008750008419156075 86
1585009807313 0.008107224479317665 87
1585009840115 0.009415444917976856 88
1585009872714 0.008378511294722557 89
1585009905641 0.008740304969251156 90
1585009938466 0.008912664838135242 91
1585009971372 0.00862354040145874 92
1585010004115 0.009013199247419834 93
1585010036675 0.009249366819858551 94
1585010069347 0.009511572308838367 95
1585010101925 0.009512880817055702 96
1585010134910 0.010589735582470894 97
1585010167368 0.008707502856850624 98
1585010199951 0.00901821069419384 99
1585010232676 0.009447273798286915 100
1585010265148 0.009011272341012955 101
1585010297840 0.009942411445081234 102
1585010330227 0.00896716583520174 103
1585010364002 0.009138786233961582 104
1585010396412 0.009121919982135296 105
1585010428903 0.008632550947368145 106
1585010461569 0.007900643162429333 107
1585010494200 0.009456749074161053 108
1585010526751 0.009182502515614033 109
1585010559275 0.008671524934470654 110
1585010592050 0.010272364132106304 111
1585010624937 0.009669620543718338 112
1585010657551 0.00869483221322298 113
1585010690292 0.009984428994357586 114
1585010723839 0.00936280470341444 115
1585010756780 0.009130262769758701 116
1585010789329 0.009076450951397419 117
1585010825048 0.008534502238035202 118
1585010857653 0.008849681355059147 119
1585010890160 0.009478561580181122 120
1585010923798 0.009796869941055775 121
1585010956488 0.008930248208343983 122
1585010989095 0.009527517482638359 123
1585011022120 0.00997387245297432 124
1585011054689 0.008987314067780972 125
1585011087263 0.009749336168169975 126
1585011119887 0.008819395676255226 127
1585011152548 0.008891505189239979 128
1585011185219 0.01001132745295763 129
1585011218119 0.008536683395504951 130
1585011251419 0.008404972031712532 131
1585011284112 0.009663065895438194 132
1585011316922 0.00828353688120842 133
1585011349607 0.008525715209543705 134
1585011382370 0.009495381265878677 135
1585011415292 0.009168973192572594 136
1585011447963 0.008622058667242527 137
1585011481159 0.008590448647737503 138
1585011513848 0.009449515491724014 139
1585011546725 0.009888581931591034 140
1585011579279 0.009764116257429123 141
1585011611980 0.010317306965589523 142
1585011644575 0.008983527310192585 143
1585011678262 0.008924002759158611 144
1585011711387 0.009279993362724781 145
1585011743751 0.009897773154079914 146
1585011775902 0.009554033167660236 147
1585011808899 0.009730127640068531 148
1585011841579 0.008693484589457512 149
1585011873941 0.009353597648441792 150
1585011906473 0.010192932561039925 151
1585011939204 0.009851942770183086 152
1585011971676 0.009634512476623058 153
1585012004527 0.009977899491786957 154
1585012037321 0.009817681275308132 155
1585012070074 0.009371587075293064 156
1585012102992 0.009314032271504402 157
1585012135526 0.010210676118731499 158
1585012168540 0.009097346104681492 159
1585012201283 0.010210290551185608 160
1585012233719 0.010507266968488693 161
1585012266300 0.009707861579954624 162
1585012299272 0.009565540589392185 163
1585012333086 0.009481268934905529 164
1585012365835 0.010213491506874561 165
1585012398717 0.00953522976487875 166
1585012431358 0.00906797219067812 167
1585012463773 0.009143135510385036 168
1585012495813 0.009644217789173126 169
1585012528399 0.009578154422342777 170
1585012561183 0.009747729636728764 171
1585012593893 0.009533380158245564 172
1585012626589 0.010421969927847385 173
1585012659113 0.009176766499876976 174
1585012692151 0.010346665978431702 175
1585012727053 0.010082815773785114 176
1585012759646 0.009216544218361378 177
1585012792271 0.00989603903144598 178
1585012824909 0.008951966650784016 179
1585012857436 0.009936113841831684 180
1585012891302 0.009058857336640358 181
1585012923970 0.009981256909668446 182
1585012956342 0.008557935245335102 183
1585012989503 0.009454510174691677 184
1585013022044 0.009034741669893265 185
1585013054691 0.009957617148756981 186
1585013087335 0.009975266642868519 187
1585013120007 0.0094717126339674 188
1585013152387 0.009880549274384975 189
1585013185658 0.008849643170833588 190
1585013218277 0.009353209286928177 191
1585013250907 0.009418141096830368 192
1585013283604 0.009197560139000416 193
1585013316256 0.010061404667794704 194
1585013349034 0.009953536093235016 195
1585013382318 0.009279325604438782 196
1585013415020 0.008626395836472511 197
1585013447787 0.009225202724337578 198
1585013480718 0.00960216112434864 199
1585013514084 0.009203179739415646 200
1585013546577 0.010103515349328518 201
1585013579256 0.008926955051720142 202
1585013612338 0.009461723268032074 203
1585013645474 0.010501617565751076 204
1585013677968 0.009069018065929413 205
1585013710760 0.009725266136229038 206
1585013743580 0.00947652105242014 207
1585013776035 0.009454965591430664 208
1585013808825 0.009768906980752945 209
1585013841641 0.00978047214448452 210
1585013874305 0.009591332636773586 211
1585013907055 0.008604216389358044 212
1585013939623 0.009609845466911793 213
1585013972097 0.008440665900707245 214
1585014004563 0.009977136738598347 215
1585014036789 0.009597103111445904 216
1585014069190 0.009244287386536598 217
1585014101722 0.008952365256845951 218
1585014134251 0.010204960592091084 219
1585014167226 0.007845061831176281 220
1585014199880 0.0094328997656703 221
1585014232359 0.009754671715199947 222
1585014265461 0.008989042602479458 223
1585014298013 0.009314756840467453 224
1585014332212 0.009085428901016712 225
1585014365076 0.010104306973516941 226
1585014397717 0.00894029252231121 227
1585014430329 0.008841280825436115 228
1585014463892 0.008863359689712524 229
1585014496220 0.008277692832052708 230
1585014528756 0.009676205925643444 231
1585014561097 0.008109594695270061 232
1585014593425 0.008715242147445679 233
1585014627225 0.008520877920091152 234
1585014659740 0.009254229255020618 235
1585014692350 0.008598856627941132 236
1585014724964 0.009037623181939125 237
1585014757359 0.00900382548570633 238
1585014790192 0.010203273966908455 239
1585014822835 0.008417719043791294 240
1585014855674 0.009484678506851196 241
1585014888516 0.008511688560247421 242
1585014921258 0.009530504234135151 243
1585014953781 0.008789983578026295 244
1585014986869 0.009397340007126331 245
1585015020502 0.009274953976273537 246
1585015053243 0.009233759716153145 247
1585015085797 0.010025221854448318 248
1585015118289 0.00829346850514412 249
1585015150757 0.010111798532307148 250
1585015183580 0.009285102598369122 251
1585015215975 0.00871959887444973 252
1585015248480 0.008481600321829319 253
1585015281320 0.009099592454731464 254
1585015313803 0.009148768149316311 255
1585015347148 0.00888543389737606 256
1585015379436 0.009640929289162159 257
1585015411934 0.007553168572485447 258
1585015444700 0.009563975036144257 259
1585015477294 0.008135379292070866 260
1585015509844 0.008691268041729927 261
1585015544950 0.00792972557246685 262
1585015578334 0.009397134184837341 263
1585015611610 0.00970559474080801 264
1585015644735 0.008877421729266644 265
1585015677776 0.00892094150185585 266
1585015711587 0.008969238959252834 267
1585015744816 0.009502379223704338 268
1585015777824 0.00918649509549141 269
1585015810979 0.009543921798467636 270
1585015844203 0.00975594948977232 271
1585015880449 0.007994495332241058 272
1585015916241 0.009514941833913326 273
1585015949550 0.009554248303174973 274
1585015982779 0.009243232198059559 275
1585016015901 0.00840455200523138 276
1585016048773 0.009331249631941319 277
1585016082913 0.008115743286907673 278
1585016116481 0.009140261448919773 279
1585016150774 0.008678464218974113 280
1585016184109 0.009183421730995178 281
1585016217682 0.008997463621199131 282
1585016250999 0.008180858567357063 283
1585016284568 0.008853022940456867 284
1585016318928 0.00885873194783926 285
1585016353660 0.00843718834221363 286
1585016387475 0.009497259743511677 287
1585016421278 0.008173317648470402 288
1585016455258 0.009144412353634834 289
1585016488740 0.008971855975687504 290
1585016522411 0.007639724295586348 291
1585016555892 0.008462755009531975 292
1585016589785 0.008401154540479183 293
1585016623846 0.008970175869762897 294
1585016658782 0.00912876334041357 295
1585016691984 0.008957740850746632 296
1585016726058 0.009242186322808266 297
1585016760509 0.008081995882093906 298
1585016794111 0.008925608359277248 299
1585016827806 0.009430261328816414 300
1585016861137 0.009031127206981182 301
1585016895421 0.00796007364988327 302
1585016928663 0.008619819767773151 303
1585016962779 0.008384049870073795 304
1585016996747 0.009550021961331367 305
1585017030062 0.009127995930612087 306
1585017063656 0.008548702113330364 307
1585017096989 0.008344137109816074 308
1585017130566 0.007918314076960087 309
1585017163816 0.007862113416194916 310
1585017197469 0.008162625133991241 311
1585017231178 0.008410720154643059 312
1585017264579 0.008587327785789967 313
1585017298251 0.009481658227741718 314
1585017331781 0.008866722695529461 315
1585017365864 0.009480326436460018 316
1585017399542 0.008694682270288467 317
1585017433006 0.007627060171216726 318
1585017466264 0.006935168989002705 319
1585017499556 0.009249022230505943 320
1585017533219 0.008885210379958153 321
1585017566583 0.009160274639725685 322
1585017600595 0.008348110131919384 323
1585017634830 0.008814374916255474 324
1585017668341 0.007862262427806854 325
1585017701814 0.008429949171841145 326
1585017735113 0.008277743123471737 327
1585017768942 0.008750460110604763 328
1585017802459 0.008062264882028103 329
1585017835973 0.00884247850626707 330
1585017869224 0.008574905805289745 331
1585017902473 0.008105889894068241 332
1585017935881 0.008235311135649681 333
1585017971236 0.008795815519988537 334
1585018004905 0.00897656474262476 335
1585018038452 0.006394522730261087 336
1585018072092 0.007994131185114384 337
1585018105716 0.007656608242541552 338
1585018139132 0.007924029603600502 339
1585018172566 0.007994403131306171 340
1585018206545 0.007439787033945322 341
1585018239988 0.008927610702812672 342
1585018273476 0.008626990020275116 343
1585018306905 0.007994653657078743 344
1585018340689 0.008669015020132065 345
1585018375375 0.007229974959045649 346
1585018409951 0.008507980033755302 347
1585018443307 0.008114506490528584 348
1585018476565 0.00773537065833807 349
1585018510045 0.008183362893760204 350
1585018544202 0.008859007619321346 351
1585018577656 0.0086771659553051 352
1585018611026 0.008361107669770718 353
1585018644285 0.009175276383757591 354
1585018678192 0.007425124291330576 355
1585018712561 0.00793276447802782 356
1585018745747 0.008609151467680931 357
1585018779200 0.009364073164761066 358
1585018812550 0.008703608997166157 359
1585018847600 0.009426918812096119 360
1585018881105 0.008625892922282219 361
1585018914485 0.00950932502746582 362
1585018948107 0.008840329013764858 363
1585018982051 0.008770187385380268 364
1585019016074 0.0080421706661582 365
1585019049889 0.0069996328093111515 366
1585019083578 0.00853183027356863 367
1585019117175 0.008496947586536407 368
1585019150599 0.008277466520667076 369
1585019184244 0.008133416064083576 370
1585019218191 0.008947236463427544 371
1585019251730 0.007601151708513498 372
1585019285452 0.008984779939055443 373
1585019319242 0.008010311052203178 374
1585019352496 0.008734644390642643 375
1585019386107 0.008906828239560127 376
1585019420587 0.00749928830191493 377
1585019454319 0.007770279422402382 378
1585019487752 0.009034300222992897 379
1585019521048 0.008409179747104645 380
1585019554440 0.008412803523242474 381
1585019588578 0.0086978729814291 382
1585019622087 0.008235003799200058 383
1585019655702 0.009304561652243137 384
1585019689756 0.007579568307846785 385
1585019723329 0.008788986131548882 386
1585019757164 0.008698903024196625 387
1585019791076 0.008392749354243279 388
1585019825331 0.00843744445592165 389
1585019859233 0.007077184971421957 390
1585019893386 0.007460977416485548 391
1585019927941 0.008284376002848148 392
1585019961956 0.00785375852137804 393
1585019995385 0.008138233795762062 394
1585020028732 0.008547471836209297 395
1585020062681 0.007663621101528406 396
1585020096242 0.007849285379052162 397
1585020130029 0.007509411312639713 398
1585020163958 0.008000661619007587 399
1585020197281 0.008031309582293034 400
1585020231327 0.0075204456225037575 401
1585020265643 0.007742885034531355 402
1585020298993 0.008211227133870125 403
1585020332614 0.008337576873600483 404
1585020365955 0.008316605351865292 405
1585020399582 0.007706040982156992 406
1585020433360 0.007235621567815542 407
1585020466910 0.0065279314294457436 408
1585020500699 0.007581281941384077 409
1585020534788 0.008732385002076626 410
1585020568540 0.008038540370762348 411
1585020602258 0.008397392928600311 412
1585020636375 0.007219043094664812 413
1585020669785 0.008106226101517677 414
1585020703028 0.006927563343197107 415
1585020736444 0.008091774769127369 416
1585020769893 0.0073838308453559875 417
1585020803807 0.00825564656406641 418
1585020837525 0.006553062703460455 419
1585020871609 0.00787407997995615 420
1585020905321 0.008432169444859028 421
1585020938874 0.008204442448914051 422
1585020972656 0.008115725591778755 423
1585021006972 0.008269584737718105 424
1585021040736 0.007345693185925484 425
1585021074256 0.007444106973707676 426
1585021107784 0.007467119954526424 427
1585021141172 0.007887721993029118 428
1585021174381 0.00828600861132145 429
1585021208801 0.008211101405322552 430
1585021243180 0.008181783370673656 431
1585021276948 0.007148607634007931 432
1585021310598 0.008464808575809002 433
1585021344255 0.007984568364918232 434
1585021377963 0.007827108725905418 435
1585021411508 0.007818679325282574 436
1585021444993 0.007740280590951443 437
1585021478544 0.00780080771073699 438
1585021513063 0.007890546694397926 439
1585021546310 0.007817728444933891 440
1585021579658 0.006641410291194916 441
1585021613617 0.007767972070723772 442
1585021647441 0.008007352240383625 443
1585021681222 0.007024064660072327 444
1585021715273 0.007585723418742418 445
1585021749899 0.0076298946514725685 446
1585021783228 0.007579112891107798 447
1585021816776 0.007198953069746494 448
1585021850094 0.007548091467469931 449
1585021883549 0.006522315088659525 450
1585021916886 0.007661356125026941 451
1585021950141 0.007196542341262102 452
1585021983527 0.007699933368712664 453
1585022017119 0.008498130366206169 454
1585022050734 0.00800135638564825 455
1585022084124 0.007525640074163675 456
1585022117466 0.007360104937106371 457
1585022151914 0.007350179832428694 458
1585022185743 0.0060995277017354965 459
1585022219976 0.007593293208628893 460
1585022253567 0.007440257351845503 461
1585022287333 0.007404368836432695 462
1585022320761 0.0077794259414076805 463
1585022354887 0.007103170733898878 464
1585022389590 0.007065494079142809 465
1585022423440 0.007985759526491165 466
1585022456954 0.007987378165125847 467
1585022490504 0.007360534742474556 468
1585022525006 0.006015992723405361 469
1585022558581 0.007516578771173954 470
1585022592016 0.00825156457722187 471
1585022625526 0.007828432135283947 472
1585022659144 0.007306356448680162 473
1585022692315 0.007185338530689478 474
1585022726394 0.006582507863640785 475
1585022759745 0.007633725181221962 476
1585022793307 0.007490916643291712 477
1585022827846 0.008125720545649529 478
1585022861710 0.007742975372821093 479
1585022895923 0.007118264678865671 480
1585022929306 0.0073565891943871975 481
1585022963041 0.00769780995324254 482
1585022996870 0.006456638686358929 483
1585023030144 0.00766624603420496 484
1585023063906 0.006661741062998772 485
1585023098083 0.007584916427731514 486
1585023131864 0.007275258656591177 487
1585023165524 0.00819785799831152 488
1585023199138 0.00742012495175004 489
1585023232283 0.007197783328592777 490
1585023265876 0.008016335777938366 491
1585023299639 0.00754682207480073 492
1585023333184 0.005585112143307924 493
1585023367471 0.007982024922966957 494
1585023401014 0.0067636906169354916 495
1585023434459 0.0076523334719240665 496
1585023468282 0.007796210702508688 497
1585023503654 0.0075981998816132545 498
1585023537107 0.007613057736307383 499
1585023570436 0.007032135967165232 500
