1585006969551 0.3327358365058899 0
1585007002064 0.4533962607383728 1
1585007034639 0.6108961701393127 2
1585007067930 0.6711556911468506 3
1585007100683 0.683089554309845 4
1585007133149 0.6754716634750366 5
1585007165967 0.677688717842102 6
1585007199598 0.6865566372871399 7
1585007232182 0.6810141801834106 8
1585007264740 0.6765801906585693 9
1585007297450 0.6876651048660278 10
1585007330077 0.6754717230796814 11
1585007362729 0.6881131529808044 12
1585007395369 0.7179480791091919 13
1585007427902 0.7853065729141235 14
1585007460472 0.8255895972251892 15
1585007492936 0.8512735962867737 16
1585007525296 0.8584905862808228 17
1585007558440 0.876533031463623 18
1585007590912 0.8722405433654785 19
1585007623771 0.8770990371704102 20
1585007656649 0.8698821067810059 21
1585007689512 0.8601650595664978 22
1585007722070 0.8733490109443665 23
1585007755009 0.8700235486030579 24
1585007787666 0.8643159866333008 25
1585007820301 0.8673820495605469 26
1585007853112 0.8670990467071533 27
1585007885624 0.8672405481338501 28
1585007918225 0.8523820638656616 29
1585007951131 0.8647405505180359 30
1585007983622 0.8562735319137573 31
1585008016336 0.865306556224823 32
1585008049137 0.8744574785232544 33
1585008081704 0.8772405385971069 34
1585008114021 0.8572406768798828 35
1585008146945 0.874599039554596 36
1585008179285 0.8841744661331177 37
1585008211851 0.8820990920066833 38
1585008244914 0.8805660009384155 39
1585008277566 0.8819575309753418 40
1585008309824 0.8780660033226013 41
1585008342479 0.8772405385971069 42
1585008375155 0.8795991539955139 43
1585008407717 0.8805660009384155 44
1585008440086 0.8787735104560852 45
1585008472861 0.8782075643539429 46
1585008505360 0.8809905648231506 47
1585008539252 0.8877829313278198 48
1585008571984 0.8759905695915222 49
1585008604727 0.8647406101226807 50
1585008637351 0.8769575357437134 51
1585008669996 0.8807076215744019 52
1585008702268 0.876132071018219 53
1585008735182 0.8816744685173035 54
1585008768087 0.8747406005859375 55
1585008800740 0.8772405982017517 56
1585008833549 0.8868159651756287 57
1585008866304 0.8834905624389648 58
1585008898617 0.8816744685173035 59
1585008931244 0.8848820328712463 60
1585008963698 0.8820990324020386 61
1585008997862 0.8786320686340332 62
1585009030890 0.8800235986709595 63
1585009063733 0.8933491110801697 64
1585009096159 0.8868159651756287 65
1585009129480 0.8833490610122681 66
1585009162113 0.8894574642181396 67
1585009194978 0.8907074928283691 68
1585009227316 0.8905660510063171 69
1585009260045 0.8893159627914429 70
1585009295320 0.881273627281189 71
1585009327921 0.8918160200119019 72
1585009360253 0.8919575214385986 73
1585009392850 0.8812735676765442 74
1585009425819 0.8941745162010193 75
1585009459055 0.8876650333404541 76
1585009491823 0.8875235915184021 77
1585009524789 0.8941745162010193 78
1585009557469 0.8832075595855713 79
1585009590691 0.889599084854126 80
1585009623419 0.8944575786590576 81
1585009656387 0.895424485206604 82
1585009689017 0.899599015712738 83
1585009721400 0.878915011882782 84
1585009753829 0.8905660510063171 85
1585009786184 0.8929244875907898 86
1585009818660 0.8957074880599976 87
1585009851431 0.8897405862808228 88
1585009884352 0.8858490586280823 89
1585009917183 0.8957074880599976 90
1585009950098 0.889740526676178 91
1585009982934 0.9004244804382324 92
1585010015621 0.9004244804382324 93
1585010048203 0.896957516670227 94
1585010080759 0.8884905576705933 95
1585010113607 0.8884905576705933 96
1585010146133 0.900566041469574 97
1585010178804 0.9004244804382324 98
1585010211356 0.891273558139801 99
1585010244015 0.901957631111145 100
1585010276674 0.8955660462379456 101
1585010309252 0.8968160152435303 102
1585010341902 0.8936320543289185 103
1585010375433 0.8932075500488281 104
1585010407888 0.9054244756698608 105
1585010440382 0.9043160080909729 106
1585010473147 0.8993160128593445 107
1585010505624 0.9107075929641724 108
1585010538155 0.8984905481338501 109
1585010570937 0.8957074880599976 110
1585010603554 0.8945990204811096 111
1585010636366 0.8994574546813965 112
1585010669104 0.8984905481338501 113
1585010701775 0.9054244756698608 114
1585010735422 0.9057074785232544 115
1585010768301 0.9040330052375793 116
1585010803923 0.9033491015434265 117
1585010836495 0.8991745114326477 118
1585010869058 0.9065329432487488 119
1585010902503 0.9044575691223145 120
1585010935293 0.9045990705490112 121
1585010968010 0.9044574499130249 122
1585011001000 0.9019575119018555 123
1585011033655 0.9091745018959045 124
1585011066115 0.9033490419387817 125
1585011098834 0.9043159484863281 126
1585011131313 0.910565972328186 127
1585011164068 0.900707483291626 128
1585011196856 0.8991745114326477 129
1585011229752 0.903207540512085 130
1585011262945 0.9077829718589783 131
1585011295872 0.9020990133285522 132
1585011328440 0.902240514755249 133
1585011361134 0.9023820757865906 134
1585011394246 0.9016745090484619 135
1585011426863 0.9040330052375793 136
1585011459886 0.9093160033226013 137
1585011492741 0.9022405743598938 138
1585011525586 0.9119575023651123 139
1585011558260 0.9044574499130249 140
1585011590793 0.8923820853233337 141
1585011623367 0.8994574546813965 142
1585011656007 0.9187500476837158 143
1585011689722 0.9066745042800903 144
1585011722790 0.9066744446754456 145
1585011755199 0.903207540512085 146
1585011787484 0.9069575071334839 147
1585011820566 0.911674439907074 148
1585011852922 0.9043160080909729 149
1585011885383 0.900707483291626 150
1585011918054 0.9052829742431641 151
1585011950552 0.9129244685173035 152
1585011983438 0.9118160009384155 153
1585012016067 0.9068160057067871 154
1585012048815 0.9097406268119812 155
1585012081895 0.9084905982017517 156
1585012114509 0.9152829051017761 157
1585012147065 0.916815996170044 158
1585012179976 0.9154245257377625 159
1585012212665 0.9069575071334839 160
1585012245366 0.9068160653114319 161
1585012277976 0.9069575071334839 162
1585012310793 0.9129244685173035 163
1585012344695 0.9202829599380493 164
1585012377367 0.911532998085022 165
1585012410261 0.9061320424079895 166
1585012442748 0.9130659699440002 167
1585012475165 0.9083490967750549 168
1585012507400 0.8973820805549622 169
1585012539818 0.9119575023651123 170
1585012572535 0.9036321043968201 171
1585012605406 0.9084905385971069 172
1585012637988 0.9012735486030579 173
1585012671134 0.9057074785232544 174
1585012705748 0.9116744995117188 175
1585012738462 0.9045990705490112 176
1585012771195 0.9068160057067871 177
1585012803971 0.9140329957008362 178
1585012836172 0.9204245209693909 179
1585012870086 0.913066029548645 180
1585012902647 0.9116744995117188 181
1585012935217 0.9177829623222351 182
1585012967832 0.9157075881958008 183
1585013000922 0.916815996170044 184
1585013033648 0.9084905385971069 185
1585013066160 0.9068159461021423 186
1585013098774 0.9177829623222351 187
1585013131398 0.9130659699440002 188
1585013164084 0.914174497127533 189
1585013196907 0.9118160009384155 190
1585013229782 0.9215329885482788 191
1585013262279 0.8928065896034241 192
1585013295087 0.9108490943908691 193
1585013327687 0.9216744899749756 194
1585013360480 0.9134905338287354 195
1585013393825 0.9143159985542297 196
1585013426859 0.9119575023651123 197
1585013459335 0.9241744875907898 198
1585013492211 0.914174497127533 199
1585013525589 0.914174497127533 200
1585013558150 0.9120990633964539 201
1585013590987 0.913066029548645 202
1585013624399 0.9157075881958008 203
1585013656775 0.9177830219268799 204
1585013689468 0.9154245257377625 205
1585013722127 0.9120990633964539 206
1585013755079 0.9147405624389648 207
1585013787439 0.9118159413337708 208
1585013820395 0.9229244589805603 209
1585013853133 0.907783031463623 210
1585013885829 0.9166744947433472 211
1585013918572 0.9218159914016724 212
1585013951055 0.9136320352554321 213
1585013983580 0.9145990610122681 214
1585014015912 0.9190329313278198 215
1585014048060 0.913066029548645 216
1585014080644 0.9155659675598145 217
1585014113239 0.9133490324020386 218
1585014145777 0.9227829575538635 219
1585014178827 0.9227830171585083 220
1585014211242 0.9233490228652954 221
1585014243772 0.9157074689865112 222
1585014276909 0.9172406196594238 223
1585014309497 0.9190329909324646 224
1585014343743 0.9144575595855713 225
1585014376680 0.9193160533905029 226
1585014409310 0.9094575643539429 227
1585014441874 0.9158490300178528 228
1585014475303 0.9194575548171997 229
1585014507759 0.9129244685173035 230
1585014540133 0.9215329885482788 231
1585014572477 0.9177829623222351 232
1585014604932 0.9227830171585083 233
1585014638615 0.9182075262069702 234
1585014671167 0.9182075262069702 235
1585014703785 0.9111320972442627 236
1585014736426 0.9240330457687378 237
1585014769149 0.926674485206604 238
1585014801807 0.9173820614814758 239
1585014834312 0.9219574928283691 240
1585014867249 0.9107074737548828 241
1585014900106 0.9215329885482788 242
1585014932653 0.920849084854126 243
1585014965432 0.9218160510063171 244
1585014998266 0.9119575023651123 245
1585015031955 0.9170989990234375 246
1585015064666 0.9219574928283691 247
1585015097194 0.9169574975967407 248
1585015129775 0.9158490300178528 249
1585015162240 0.9227829575538635 250
1585015195047 0.9180660247802734 251
1585015227539 0.9205659627914429 252
1585015260066 0.9232075214385986 253
1585015292700 0.9182075262069702 254
1585015325259 0.9257075786590576 255
1585015358556 0.926674485206604 256
1585015390848 0.913066029548645 257
1585015423477 0.9170990586280823 258
1585015456145 0.9168159365653992 259
1585015488745 0.9157074689865112 260
1585015522043 0.9205660223960876 261
1585015556687 0.9233490228652954 262
1585015590048 0.9241744875907898 263
1585015623356 0.9170990586280823 264
1585015656351 0.9194575548171997 265
1585015689711 0.9327829480171204 266
1585015723270 0.9215329885482788 267
1585015756398 0.920990526676178 268
1585015789396 0.9255659580230713 269
1585015822687 0.9280660152435303 270
1585015857023 0.9183490872383118 271
1585015892588 0.9244575500488281 272
1585015927959 0.9290329813957214 273
1585015961384 0.9048820734024048 274
1585015994433 0.9290329813957214 275
1585016027607 0.9219576120376587 276
1585016060591 0.9241744875907898 277
1585016094741 0.9157074689865112 278
1585016128186 0.9243160486221313 279
1585016162487 0.9255659580230713 280
1585016195898 0.9232075214385986 281
1585016229414 0.9244575500488281 282
1585016262763 0.9315329790115356 283
1585016296383 0.9229245185852051 284
1585016331605 0.9216744899749756 285
1585016365367 0.930707573890686 286
1585016399504 0.9177829623222351 287
1585016433495 0.9218159914016724 288
1585016467093 0.9257074594497681 289
1585016500662 0.9227829575538635 290
1585016534359 0.9255660176277161 291
1585016567978 0.9230659604072571 292
1585016601685 0.9183490872383118 293
1585016636311 0.9122405648231506 294
1585016670528 0.920990526676178 295
1585016703922 0.9302829504013062 296
1585016737849 0.9268159866333008 297
1585016772155 0.9326415061950684 298
1585016805961 0.9247405529022217 299
1585016839540 0.9098820686340332 300
1585016873420 0.9304244518280029 301
1585016907172 0.9290330410003662 302
1585016940398 0.9315329790115356 303
1585016974432 0.9290330410003662 304
1585017008416 0.9257075786590576 305
1585017041876 0.9218159914016724 306
1585017075377 0.9295991063117981 307
1585017108973 0.926674485206604 308
1585017142301 0.9230659604072571 309
1585017175554 0.9293160438537598 310
1585017209566 0.9313914775848389 311
1585017242857 0.9220990538597107 312
1585017276421 0.9220990538597107 313
1585017310045 0.9315329790115356 314
1585017343742 0.9254244565963745 315
1585017377823 0.9257075786590576 316
1585017411271 0.9280659556388855 317
1585017444729 0.9241744875907898 318
1585017478093 0.9205660223960876 319
1585017511429 0.9219574928283691 320
1585017544997 0.9245991110801697 321
1585017578355 0.9265329837799072 322
1585017613103 0.929315984249115 323
1585017646574 0.9268159866333008 324
1585017680265 0.9307074546813965 325
1585017713554 0.9243160486221313 326
1585017747258 0.9337500333786011 327
1585017780574 0.9212735891342163 328
1585017814282 0.9153066277503967 329
1585017847753 0.9309905171394348 330
1585017880963 0.9257074594497681 331
1585017914268 0.9263915419578552 332
1585017949648 0.9291744828224182 333
1585017982936 0.9245990514755249 334
1585018016666 0.9305660128593445 335
1585018050168 0.928207516670227 336
1585018083953 0.9222405552864075 337
1585018117451 0.9232075214385986 338
1585018150797 0.9354244470596313 339
1585018184289 0.929174542427063 340
1585018218259 0.9288914799690247 341
1585018251653 0.937641441822052 342
1585018285346 0.9280660152435303 343
1585018318617 0.9284905791282654 344
1585018352531 0.9187735915184021 345
1585018387144 0.929315984249115 346
1585018421788 0.9270990490913391 347
1585018454998 0.9302829504013062 348
1585018488219 0.9341744780540466 349
1585018522202 0.9354244470596313 350
1585018556201 0.9350000023841858 351
1585018589314 0.9257075786590576 352
1585018622669 0.928207516670227 353
1585018655935 0.9220989942550659 354
1585018690012 0.9451414346694946 355
1585018724176 0.9247405529022217 356
1585018757473 0.9340329766273499 357
1585018790940 0.9283490777015686 358
1585018824758 0.9388914704322815 359
1585018859365 0.9330659508705139 360
1585018892936 0.9272406101226807 361
1585018926160 0.9313915371894836 362
1585018959862 0.926815927028656 363
1585018993917 0.9365330338478088 364
1585019028062 0.9354245066642761 365
1585019061537 0.929315984249115 366
1585019095394 0.9413914680480957 367
1585019128873 0.930707573890686 368
1585019162473 0.9280660152435303 369
1585019196514 0.9390329718589783 370
1585019229969 0.9324999451637268 371
1585019263556 0.9404245018959045 372
1585019297444 0.9426414370536804 373
1585019330979 0.9294575452804565 374
1585019364264 0.9352829456329346 375
1585019397782 0.9297405481338501 376
1585019432380 0.9330659508705139 377
1585019466289 0.930849015712738 378
1585019499416 0.9295991063117981 379
1585019532729 0.9340329766273499 380
1585019566721 0.9329245090484619 381
1585019600398 0.9377830028533936 382
1585019633898 0.9341744780540466 383
1585019667832 0.9304245114326477 384
1585019701567 0.924174427986145 385
1585019735258 0.9330659508705139 386
1585019769047 0.9294575452804565 387
1585019803764 0.9402830004692078 388
1585019837500 0.9307074546813965 389
1585019871138 0.9390329718589783 390
1585019905367 0.940141499042511 391
1585019939883 0.9258490800857544 392
1585019973662 0.9366745352745056 393
1585020007150 0.9343159794807434 394
1585020040594 0.9426414966583252 395
1585020074396 0.939174473285675 396
1585020108307 0.9365329742431641 397
1585020141706 0.9272405505180359 398
1585020175639 0.9345990419387817 399
1585020209124 0.9332075119018555 400
1585020243430 0.9380660057067871 401
1585020277479 0.9354244470596313 402
1585020310684 0.9304244518280029 403
1585020344283 0.941674530506134 404
1585020377747 0.9245991110801697 405
1585020411598 0.9393159747123718 406
1585020445165 0.939315915107727 407
1585020478733 0.931957483291626 408
1585020512335 0.9343159794807434 409
1585020546622 0.9352830052375793 410
1585020580322 0.9391744136810303 411
1585020614801 0.9366744756698608 412
1585020648054 0.934457540512085 413
1585020681453 0.9415329694747925 414
1585020714866 0.9369574785232544 415
1585020748194 0.9368159770965576 416
1585020781570 0.9379245042800903 417
1585020815694 0.9330660104751587 418
1585020849604 0.9352829456329346 419
1585020883263 0.928207516670227 420
1585020917224 0.9290329813957214 421
1585020950522 0.9415329694747925 422
1585020984379 0.9426414370536804 423
1585021018681 0.941674530506134 424
1585021052548 0.9393159747123718 425
1585021086002 0.9444575309753418 426
1585021119437 0.9219574928283691 427
1585021152865 0.9393159747123718 428
1585021186036 0.9323820471763611 429
1585021221293 0.9416744709014893 430
1585021255109 0.9295990467071533 431
1585021288833 0.9329245090484619 432
1585021322706 0.9379245042800903 433
1585021355981 0.929315984249115 434
1585021389658 0.9402830004692078 435
1585021423315 0.9379245042800903 436
1585021456741 0.939174473285675 437
1585021491365 0.941815972328186 438
1585021524736 0.9357075691223145 439
1585021558083 0.9390329718589783 440
1585021591390 0.9330660104751587 441
1585021625400 0.9368160367012024 442
1585021659217 0.9404245018959045 443
1585021692955 0.9401414394378662 444
1585021726942 0.9341744780540466 445
1585021761644 0.9352830052375793 446
1585021795067 0.9334905743598938 447
1585021828423 0.9357074499130249 448
1585021861913 0.9395990371704102 449
1585021895353 0.9318159818649292 450
1585021928565 0.9395990371704102 451
1585021961960 0.9365329742431641 452
1585021995215 0.9452829957008362 453
1585022028875 0.9304244518280029 454
1585022062495 0.9415329694747925 455
1585022095899 0.9413914680480957 456
1585022130041 0.9416744709014893 457
1585022163796 0.9476414918899536 458
1585022197705 0.9380659461021423 459
1585022231876 0.9323820471763611 460
1585022265214 0.940141499042511 461
1585022299165 0.9393159747123718 462
1585022333112 0.9352829456329346 463
1585022367868 0.952641487121582 464
1585022401596 0.9341744780540466 465
1585022435256 0.934457540512085 466
1585022468802 0.9441744685173035 467
1585022503067 0.9343159794807434 468
1585022536705 0.9415329694747925 469
1585022570313 0.9355660080909729 470
1585022603808 0.9487500190734863 471
1585022637326 0.9415329694747925 472
1585022670879 0.9379244446754456 473
1585022704683 0.937641441822052 474
1585022738111 0.942782998085022 475
1585022771660 0.940282940864563 476
1585022805868 0.9465329647064209 477
1585022839684 0.9382075071334839 478
1585022874059 0.9402830004692078 479
1585022907623 0.9427829384803772 480
1585022941323 0.9405660033226013 481
1585022975080 0.9258490204811096 482
1585023008588 0.9405660033226013 483
1585023041791 0.9463914632797241 484
1585023076389 0.9382075071334839 485
1585023109889 0.9419574737548828 486
1585023143739 0.934457540512085 487
1585023177273 0.9320990443229675 488
1585023210781 0.9355660080909729 489
1585023244193 0.9308490753173828 490
1585023277679 0.9430659413337708 491
1585023311384 0.9426414966583252 492
1585023345083 0.9438915252685547 493
1585023379310 0.9380659461021423 494
1585023412784 0.937099039554596 495
1585023446320 0.9380660057067871 496
1585023480266 0.9441744685173035 497
1585023515573 0.9369574785232544 498
1585023548787 0.9318159818649292 499
1585023582295 0.9437499642372131 500
