1585006958508 0.28348657488822937 0
1585006990544 0.42678162455558777 1
1585007023162 0.6142145395278931 2
1585007056472 0.67954021692276 3
1585007089189 0.676436722278595 4
1585007121838 0.6772413849830627 5
1585007154104 0.677241325378418 6
1585007188076 0.6796551942825317 7
1585007220694 0.676436722278595 8
1585007253340 0.6812644004821777 9
1585007286017 0.6756321787834167 10
1585007318599 0.680766224861145 11
1585007351212 0.6963217854499817 12
1585007383919 0.6991570591926575 13
1585007416469 0.7262069582939148 14
1585007448992 0.7579310536384583 15
1585007481567 0.7760153412818909 16
1585007513903 0.7924520969390869 17
1585007546536 0.7950958013534546 18
1585007579396 0.8160919547080994 19
1585007612345 0.802758514881134 20
1585007645125 0.8111494183540344 21
1585007677925 0.8068199157714844 22
1585007710660 0.8139846920967102 23
1585007743505 0.8286207318305969 24
1585007776147 0.8216474652290344 25
1585007808856 0.8154788613319397 26
1585007841694 0.8119539618492126 27
1585007874140 0.8252873420715332 28
1585007906692 0.8254788517951965 29
1585007939811 0.8243677616119385 30
1585007972171 0.8354789018630981 31
1585008004828 0.8285440802574158 32
1585008037700 0.8259003758430481 33
1585008070157 0.8475095629692078 34
1585008102551 0.8480076789855957 35
1585008135513 0.8368965983390808 36
1585008167921 0.8421455025672913 37
1585008200567 0.8423755168914795 38
1585008233512 0.8568965792655945 39
1585008265997 0.842260479927063 40
1585008298405 0.8531800508499146 41
1585008330988 0.8519539833068848 42
1585008363639 0.8496168255805969 43
1585008396240 0.8630651235580444 44
1585008428701 0.8495402336120605 45
1585008461458 0.8539846539497375 46
1585008493892 0.8460920453071594 47
1585008527807 0.8472030758857727 48
1585008560604 0.8629501461982727 49
1585008593059 0.8613409996032715 50
1585008625872 0.8768965601921082 51
1585008658494 0.8460919857025146 52
1585008690886 0.8699234127998352 53
1585008723625 0.8665899634361267 54
1585008756287 0.8583141565322876 55
1585008789297 0.8652873635292053 56
1585008822142 0.8681992292404175 57
1585008854851 0.8713410496711731 58
1585008887166 0.8777011036872864 59
1585008919750 0.8726437091827393 60
1585008952288 0.8804214596748352 61
1585008986350 0.8737547993659973 62
1585009018959 0.8619540333747864 63
1585009052066 0.8699234127998352 64
1585009084715 0.8802298903465271 65
1585009117726 0.8775861859321594 66
1585009150516 0.8781991600990295 67
1585009183503 0.873869776725769 68
1585009216082 0.8751723766326904 69
1585009248624 0.8794253468513489 70
1585009283345 0.8810345530509949 71
1585009316303 0.8799232840538025 72
1585009348899 0.8891187310218811 73
1585009381330 0.8824520707130432 74
1585009414268 0.8819540143013 75
1585009447195 0.8883141279220581 76
1585009480311 0.8846743702888489 77
1585009513179 0.8878927230834961 78
1585009545770 0.888007640838623 79
1585009579182 0.8970881700515747 80
1585009611801 0.883678138256073 81
1585009644856 0.8802298903465271 82
1585009677386 0.867241382598877 83
1585009710037 0.8980076313018799 84
1585009742357 0.8918390274047852 85
1585009774719 0.889616847038269 86
1585009807313 0.8957854509353638 87
1585009840115 0.9012260437011719 88
1585009872714 0.8980076313018799 89
1585009905641 0.8959770202636719 90
1585009938466 0.9020306468009949 91
1585009971372 0.8988121747970581 92
1585010004115 0.9005363583564758 93
1585010036675 0.90141761302948 94
1585010069347 0.9113409519195557 95
1585010101925 0.9126436710357666 96
1585010134910 0.9164751172065735 97
1585010167368 0.9032566547393799 98
1585010199951 0.9086973667144775 99
1585010232676 0.9109194874763489 100
1585010265148 0.9083908200263977 101
1585010297840 0.9086973667144775 102
1585010330227 0.9121456146240234 103
1585010364002 0.9126436710357666 104
1585010396412 0.9105363488197327 105
1585010428903 0.9134482145309448 106
1585010461569 0.9010344743728638 107
1585010494200 0.9070881009101868 108
1585010526751 0.9126436710357666 109
1585010559275 0.9045593738555908 110
1585010592050 0.9180076718330383 111
1585010624937 0.9135631918907166 112
1585010657551 0.8999233245849609 113
1585010690292 0.9204214215278625 114
1585010723839 0.9142528176307678 115
1585010756780 0.9081991910934448 116
1585010789329 0.9178926944732666 117
1585010825048 0.8965900540351868 118
1585010857653 0.9124520421028137 119
1585010890160 0.9215325117111206 120
1585010923798 0.9195018410682678 121
1585010956488 0.9054788947105408 122
1585010989095 0.9148659110069275 123
1585011022120 0.9185057878494263 124
1585011054689 0.9107279181480408 125
1585011087263 0.9250574111938477 126
1585011119887 0.9223371148109436 127
1585011152548 0.9151724576950073 128
1585011185219 0.9301148653030396 129
1585011218119 0.9153640866279602 130
1585011251419 0.9049807786941528 131
1585011284112 0.9216474890708923 132
1585011316922 0.9045976996421814 133
1585011349607 0.9096168875694275 134
1585011382370 0.9190037846565247 135
1585011415292 0.9185057878494263 136
1585011447963 0.9209195375442505 137
1585011481159 0.9098083972930908 138
1585011513848 0.9204214215278625 139
1585011546725 0.9220305681228638 140
1585011579279 0.9337548017501831 141
1585011611980 0.9272797107696533 142
1585011644575 0.9167815446853638 143
1585011678262 0.9259769916534424 144
1585011711387 0.9290038347244263 145
1585011743751 0.9256704449653625 146
1585011775902 0.9190037846565247 147
1585011808899 0.9172029495239258 148
1585011841579 0.91379314661026 149
1585011873941 0.9202299118041992 150
1585011906473 0.9283908009529114 151
1585011939204 0.9314175844192505 152
1585011971676 0.9321455359458923 153
1585012004527 0.9286972880363464 154
1585012037321 0.9167815446853638 155
1585012070074 0.9193102717399597 156
1585012102992 0.9234482645988464 157
1585012135526 0.9334482550621033 158
1585012168540 0.9145593643188477 159
1585012201283 0.9350574612617493 160
1585012233719 0.9312260150909424 161
1585012266300 0.931839108467102 162
1585012299272 0.933141827583313 163
1585012333086 0.9264751076698303 164
1585012365835 0.9323371052742004 165
1585012398717 0.932643711566925 166
1585012431358 0.9337548017501831 167
1585012463773 0.9345592856407166 168
1585012495813 0.937088131904602 169
1585012528399 0.9290038347244263 170
1585012561183 0.9315325617790222 171
1585012593893 0.9320305585861206 172
1585012626589 0.9329502582550049 173
1585012659113 0.9253638386726379 174
1585012692151 0.933946430683136 175
1585012727053 0.9361685514450073 176
1585012759646 0.9298084378242493 177
1585012792271 0.9230650663375854 178
1585012824909 0.9194252490997314 179
1585012857436 0.9315325617790222 180
1585012891302 0.9272797107696533 181
1585012923970 0.9393103122711182 182
1585012956342 0.9229502081871033 183
1585012989503 0.9348659515380859 184
1585013022044 0.9293102622032166 185
1585013054691 0.9359768629074097 186
1585013087335 0.9351723790168762 187
1585013120007 0.932643711566925 188
1585013152387 0.9312260150909424 189
1585013185658 0.9334482550621033 190
1585013218277 0.9273945689201355 191
1585013250907 0.9372795820236206 192
1585013283604 0.9380843043327332 193
1585013316256 0.9480841755867004 194
1585013349034 0.9380843043327332 195
1585013382318 0.9401148557662964 196
1585013415020 0.9286972880363464 197
1585013447787 0.9299998879432678 198
1585013480718 0.9337548017501831 199
1585013514084 0.9345592856407166 200
1585013546577 0.943141758441925 201
1585013579256 0.9283908009529114 202
1585013612338 0.937892735004425 203
1585013645474 0.9488887786865234 204
1585013677968 0.9309195280075073 205
1585013710760 0.943141758441925 206
1585013743580 0.932643711566925 207
1585013776035 0.9401148557662964 208
1585013808825 0.9375861287117004 209
1585013841641 0.9393103122711182 210
1585013874305 0.9356704354286194 211
1585013907055 0.939195454120636 212
1585013939623 0.9391953349113464 213
1585013972097 0.9245594143867493 214
1585014004563 0.9409195780754089 215
1585014036789 0.9373945593833923 216
1585014069190 0.9412260055541992 217
1585014101722 0.938390851020813 218
1585014134251 0.94283527135849 219
1585014167226 0.9265899658203125 220
1585014199880 0.942337155342102 221
1585014232359 0.9453639984130859 222
1585014265461 0.947586178779602 223
1585014298013 0.9390038251876831 224
1585014332212 0.9359769821166992 225
1585014365076 0.9491954445838928 226
1585014397717 0.9332566857337952 227
1585014430329 0.9356704354286194 228
1585014463892 0.9340612888336182 229
1585014496220 0.9340612888336182 230
1585014528756 0.9464750289916992 231
1585014561097 0.9367815852165222 232
1585014593425 0.9393103122711182 233
1585014627225 0.9386972784996033 234
1585014659740 0.9456704258918762 235
1585014692350 0.9434483051300049 236
1585014724964 0.9437548518180847 237
1585014757359 0.938007652759552 238
1585014790192 0.943639874458313 239
1585014822835 0.9345592856407166 240
1585014855674 0.9417241215705872 241
1585014888516 0.9386972784996033 242
1585014921258 0.9434483051300049 243
1585014953781 0.9414175748825073 244
1585014986869 0.9459770321846008 245
1585015020502 0.9514176249504089 246
1585015053243 0.947586178779602 247
1585015085797 0.9461686015129089 248
1585015118289 0.9331417083740234 249
1585015150757 0.9458620548248291 250
1585015183580 0.950114905834198 251
1585015215975 0.937088131904602 252
1585015248480 0.9470880627632141 253
1585015281320 0.9506130218505859 254
1585015313803 0.9456704258918762 255
1585015347148 0.9417241215705872 256
1585015379436 0.9490037560462952 257
1585015411934 0.9268965125083923 258
1585015444700 0.9503064751625061 259
1585015477294 0.9437547326087952 260
1585015509844 0.9420306086540222 261
1585015544950 0.9270880222320557 262
1585015578334 0.9414175748825073 263
1585015611610 0.95333331823349 264
1585015644735 0.954559326171875 265
1585015677776 0.9498084187507629 266
1585015711587 0.947586178779602 267
1585015744816 0.9498084187507629 268
1585015777824 0.9409194588661194 269
1585015810979 0.946781575679779 270
1585015844203 0.9544444680213928 271
1585015880449 0.936896562576294 272
1585015916241 0.9564750790596008 273
1585015949550 0.95333331823349 274
1585015982779 0.9456704258918762 275
1585016015901 0.9393103122711182 276
1585016048773 0.9454788565635681 277
1585016082913 0.9385057091712952 278
1585016116481 0.9385057091712952 279
1585016150774 0.947586178779602 280
1585016184109 0.9450574517250061 281
1585016217682 0.9504214525222778 282
1585016250999 0.9450574517250061 283
1585016284568 0.9506130218505859 284
1585016318928 0.9470880627632141 285
1585016353660 0.9442528486251831 286
1585016387475 0.952030599117279 287
1585016421278 0.9399232864379883 288
1585016455258 0.9490037560462952 289
1585016488740 0.9464750289916992 290
1585016522411 0.9404214024543762 291
1585016555892 0.9447509050369263 292
1585016589785 0.945555567741394 293
1585016623846 0.9531416296958923 294
1585016658782 0.9591953754425049 295
1585016691984 0.9461686015129089 296
1585016726058 0.9564750790596008 297
1585016760509 0.9442528486251831 298
1585016794111 0.941532552242279 299
1585016827806 0.9550573825836182 300
1585016861137 0.948505699634552 301
1585016895421 0.9434481859207153 302
1585016928663 0.9439463019371033 303
1585016962779 0.9401148557662964 304
1585016996747 0.957279622554779 305
1585017030062 0.9547508955001831 306
1585017063656 0.955363929271698 307
1585017096989 0.94808429479599 308
1585017130566 0.940842866897583 309
1585017163816 0.9490037560462952 310
1585017197469 0.946781575679779 311
1585017231178 0.9443677067756653 312
1585017264579 0.9542527794837952 313
1585017298251 0.957279622554779 314
1585017331781 0.952030599117279 315
1585017365864 0.957279622554779 316
1585017399542 0.9567815065383911 317
1585017433006 0.949310302734375 318
1585017466264 0.949310302734375 319
1585017499556 0.9569731950759888 320
1585017533219 0.9561685919761658 321
1585017566583 0.9564750790596008 322
1585017600595 0.9495018720626831 323
1585017634830 0.953639805316925 324
1585017668341 0.9495018720626831 325
1585017701814 0.9586971998214722 326
1585017735113 0.954559326171875 327
1585017768942 0.9550574421882629 328
1585017802459 0.9509194493293762 329
1585017835973 0.9595018029212952 330
1585017869224 0.9539463520050049 331
1585017902473 0.9544444680213928 332
1585017935881 0.952835202217102 333
1585017971236 0.957279622554779 334
1585018004905 0.9601148962974548 335
1585018038452 0.9340612888336182 336
1585018072092 0.9459770321846008 337
1585018105716 0.9446743130683899 338
1585018139132 0.946781575679779 339
1585018172566 0.9469731450080872 340
1585018206545 0.9437547326087952 341
1585018239988 0.9591953754425049 342
1585018273476 0.9558620452880859 343
1585018306905 0.9490037560462952 344
1585018340689 0.958084225654602 345
1585018375375 0.9334866404533386 346
1585018409951 0.955363929271698 347
1585018443307 0.958084225654602 348
1585018476565 0.9506130218505859 349
1585018510045 0.9548659920692444 350
1585018544202 0.9628351926803589 351
1585018577656 0.9606130719184875 352
1585018611026 0.9556704759597778 353
1585018644285 0.9556704759597778 354
1585018678192 0.9469731450080872 355
1585018712561 0.9512260556221008 356
1585018745747 0.9636397957801819 357
1585018779200 0.9664750695228577 358
1585018812550 0.9647509455680847 359
1585018847600 0.965057373046875 360
1585018881105 0.957279622554779 361
1585018914485 0.9591953754425049 362
1585018948107 0.9653639197349548 363
1585018982051 0.9561685919761658 364
1585019016074 0.9542527794837952 365
1585019049889 0.9512260556221008 366
1585019083578 0.9669731259346008 367
1585019117175 0.959003746509552 368
1585019150599 0.9572797417640686 369
1585019184244 0.9495018720626831 370
1585019218191 0.9617241024971008 371
1585019251730 0.943256676197052 372
1585019285452 0.9647509455680847 373
1585019319242 0.960612952709198 374
1585019352496 0.958084225654602 375
1585019386107 0.958888828754425 376
1585019420587 0.9515326023101807 377
1585019454319 0.9586971998214722 378
1585019487752 0.9583907723426819 379
1585019521048 0.958084225654602 380
1585019554440 0.9542528986930847 381
1585019588578 0.9639463424682617 382
1585019622087 0.9586973190307617 383
1585019655702 0.9714175462722778 384
1585019689756 0.9561684727668762 385
1585019723329 0.9639463424682617 386
1585019757164 0.955363929271698 387
1585019791076 0.9617241024971008 388
1585019825331 0.9636397957801819 389
1585019859233 0.9498083591461182 390
1585019893386 0.954559326171875 391
1585019927941 0.9558620452880859 392
1585019961956 0.9599999189376831 393
1585019995385 0.9606130719184875 394
1585020028732 0.963141679763794 395
1585020062681 0.9639463424682617 396
1585020096242 0.9578927159309387 397
1585020130029 0.9575861692428589 398
1585020163958 0.9558620452880859 399
1585020197281 0.9655554890632629 400
1585020231327 0.9539463520050049 401
1585020265643 0.9543677568435669 402
1585020298993 0.959808349609375 403
1585020332614 0.9647509455680847 404
1585020365955 0.9647509455680847 405
1585020399582 0.9542528986930847 406
1585020433360 0.9555554986000061 407
1585020466910 0.9547510147094727 408
1585020500699 0.957892656326294 409
1585020534788 0.9658620953559875 410
1585020568540 0.9569731950759888 411
1585020602258 0.9695019125938416 412
1585020636375 0.951839029788971 413
1585020669785 0.9675862193107605 414
1585020703028 0.9593103528022766 415
1585020736444 0.9598084688186646 416
1585020769893 0.9593103528022766 417
1585020803807 0.9686972498893738 418
1585020837525 0.9509194493293762 419
1585020871609 0.9653639197349548 420
1585020905321 0.967777669429779 421
1585020938874 0.9617241024971008 422
1585020972656 0.9706130623817444 423
1585021006972 0.959808349609375 424
1585021040736 0.962337076663971 425
1585021074256 0.9612259268760681 426
1585021107784 0.959808349609375 427
1585021141172 0.959808349609375 428
1585021174381 0.9699999690055847 429
1585021208801 0.9698083996772766 430
1585021243180 0.9604213833808899 431
1585021276948 0.9526436924934387 432
1585021310598 0.9661685228347778 433
1585021344255 0.9648658037185669 434
1585021377963 0.9655554294586182 435
1585021411508 0.9645593762397766 436
1585021444993 0.959003746509552 437
1585021478544 0.9580843448638916 438
1585021513063 0.9628351926803589 439
1585021546310 0.9603064656257629 440
1585021579658 0.9542528986930847 441
1585021613617 0.9593103528022766 442
1585021647441 0.9591953754425049 443
1585021681222 0.9578927159309387 444
1585021715273 0.957279622554779 445
1585021749899 0.9634482264518738 446
1585021783228 0.9634482264518738 447
1585021816776 0.9612260460853577 448
1585021850094 0.9618390202522278 449
1585021883549 0.9547508955001831 450
1585021916886 0.9669731855392456 451
1585021950141 0.965861976146698 452
1585021983527 0.9653639197349548 453
1585022017119 0.9617241621017456 454
1585022050734 0.9703065156936646 455
1585022084124 0.9648658037185669 456
1585022117466 0.9639462232589722 457
1585022151914 0.9583907723426819 458
1585022185743 0.9595019221305847 459
1585022219976 0.9678926467895508 460
1585022253567 0.9636397957801819 461
1585022287333 0.9625287652015686 462
1585022320761 0.962337076663971 463
1585022354887 0.9612259268760681 464
1585022389590 0.959003746509552 465
1585022423440 0.9580843448638916 466
1585022456954 0.9639463424682617 467
1585022490504 0.9636399149894714 468
1585022525006 0.946590006351471 469
1585022558581 0.9634482264518738 470
1585022592016 0.9655554890632629 471
1585022625526 0.9683907628059387 472
1585022659144 0.9658620953559875 473
1585022692315 0.9607279300689697 474
1585022726394 0.9593103528022766 475
1585022759745 0.9758620858192444 476
1585022793307 0.9634482264518738 477
1585022827846 0.9626436233520508 478
1585022861710 0.965057373046875 479
1585022895923 0.9714175462722778 480
1585022929306 0.9637547731399536 481
1585022963041 0.9680842161178589 482
1585022996870 0.9423754215240479 483
1585023030144 0.9530651569366455 484
1585023063906 0.9550574421882629 485
1585023098083 0.964252769947052 486
1585023131864 0.9599999189376831 487
1585023165524 0.9691953659057617 488
1585023199138 0.9686973690986633 489
1585023232283 0.965057373046875 490
1585023265876 0.9609194993972778 491
1585023299639 0.9672796726226807 492
1585023333184 0.952030599117279 493
1585023367471 0.9688888192176819 494
1585023401014 0.9653639197349548 495
1585023434459 0.9701148271560669 496
1585023468282 0.9706130623817444 497
1585023503654 0.9747509360313416 498
1585023537107 0.9653639197349548 499
1585023570436 0.957279622554779 500
