1585006969551 0.027248883619904518 0
1585007002064 0.005162789952009916 1
1585007034639 0.0029155605006963015 2
1585007067930 0.004876166582107544 3
1585007100683 0.009218226186931133 4
1585007133149 0.014619134366512299 5
1585007165967 0.014036579057574272 6
1585007199598 0.00861402228474617 7
1585007232182 0.005139211192727089 8
1585007264740 0.0018668542616069317 9
1585007297450 0.004083855543285608 10
1585007330077 0.004304359667003155 11
1585007362729 0.00766279362142086 12
1585007395369 0.013428299687802792 13
1585007427902 0.01796228066086769 14
1585007460472 0.021438414230942726 15
1585007492936 0.02346467599272728 16
1585007525296 0.02509208768606186 17
1585007558440 0.026517488062381744 18
1585007590912 0.025525305420160294 19
1585007623771 0.025511084124445915 20
1585007656649 0.02350214123725891 21
1585007689512 0.021532081067562103 22
1585007722070 0.02126108855009079 23
1585007755009 0.020151104778051376 24
1585007787666 0.019524138420820236 25
1585007820301 0.017545608803629875 26
1585007853112 0.016669757664203644 27
1585007885624 0.014502712525427341 28
1585007918225 0.013288909569382668 29
1585007951131 0.01280257012695074 30
1585007983622 0.01301767211407423 31
1585008016336 0.012258960865437984 32
1585008049137 0.012859334237873554 33
1585008081704 0.012619967572391033 34
1585008114021 0.011346915736794472 35
1585008146945 0.011726443655788898 36
1585008179285 0.012100827880203724 37
1585008211851 0.011921841651201248 38
1585008244914 0.011927366256713867 39
1585008277566 0.009811271913349628 40
1585008309824 0.010575266554951668 41
1585008342479 0.008991907350718975 42
1585008375155 0.007856585085391998 43
1585008407717 0.008947686292231083 44
1585008440086 0.007873538881540298 45
1585008472861 0.007909263484179974 46
1585008505360 0.007287203799933195 47
1585008539252 0.009326664730906487 48
1585008571984 0.0068457769230008125 49
1585008604727 0.00684419646859169 50
1585008637351 0.006838397588580847 51
1585008669996 0.0066276066936552525 52
1585008702268 0.006063792854547501 53
1585008735182 0.006691943854093552 54
1585008768087 0.0066404095850884914 55
1585008800740 0.006816699635237455 56
1585008833549 0.005800626706331968 57
1585008866304 0.004724040627479553 58
1585008898617 0.005673710256814957 59
1585008931244 0.005857050884515047 60
1585008963698 0.004466444719582796 61
1585008997862 0.005062901880592108 62
1585009030890 0.004324670881032944 63
1585009063733 0.006008499301970005 64
1585009096159 0.005851456429809332 65
1585009129480 0.005138172768056393 66
1585009162113 0.004468014929443598 67
1585009194978 0.005040481686592102 68
1585009227316 0.004737171344459057 69
1585009260045 0.0055183838121593 70
1585009295320 0.00428908783942461 71
1585009327921 0.004553568083792925 72
1585009360253 0.005172437522560358 73
1585009392850 0.0038801857735961676 74
1585009425819 0.004853925202041864 75
1585009459055 0.004198283888399601 76
1585009491823 0.004391737747937441 77
1585009524789 0.004901716019958258 78
1585009557469 0.004641120787709951 79
1585009590691 0.004010566510260105 80
1585009623419 0.003733243327587843 81
1585009656387 0.004371384624391794 82
1585009689017 0.004452734719961882 83
1585009721400 0.004268419463187456 84
1585009753829 0.003799659665673971 85
1585009786184 0.005502671934664249 86
1585009818660 0.0035698390565812588 87
1585009851431 0.0040794862434268 88
1585009884352 0.0037027839571237564 89
1585009917183 0.0035265651531517506 90
1585009950098 0.0036543426103889942 91
1585009982934 0.004812277387827635 92
1585010015621 0.004857754334807396 93
1585010048203 0.0034461081959307194 94
1585010080759 0.006087201647460461 95
1585010113607 0.0036361166276037693 96
1585010146133 0.004933304153382778 97
1585010178804 0.004712783731520176 98
1585010211356 0.003737218677997589 99
1585010244015 0.003387856064364314 100
1585010276674 0.0037589408457279205 101
1585010309252 0.003704395145177841 102
1585010341902 0.004461303818970919 103
1585010375433 0.004335625562816858 104
1585010407888 0.004084907006472349 105
1585010440382 0.004040329717099667 106
1585010473147 0.004137611947953701 107
1585010505624 0.004067020025104284 108
1585010538155 0.0032330381218343973 109
1585010570937 0.003862127661705017 110
1585010603554 0.0041559478268027306 111
1585010636366 0.004246863070875406 112
1585010669104 0.0042486125603318214 113
1585010701775 0.004360389895737171 114
1585010735422 0.0038973852060735226 115
1585010768301 0.0043565211817622185 116
1585010803923 0.004185494966804981 117
1585010836495 0.0032078814692795277 118
1585010869058 0.0038245709147304296 119
1585010902503 0.0037440056912600994 120
1585010935293 0.003925010561943054 121
1585010968010 0.0036756929475814104 122
1585011001000 0.0037423407193273306 123
1585011033655 0.004300106782466173 124
1585011066115 0.004546512849628925 125
1585011098834 0.003599724266678095 126
1585011131313 0.003632171778008342 127
1585011164068 0.003404629183933139 128
1585011196856 0.00407484220340848 129
1585011229752 0.004104248713701963 130
1585011262945 0.005689593032002449 131
1585011295872 0.004474819637835026 132
1585011328440 0.004194167908281088 133
1585011361134 0.003253382397815585 134
1585011394246 0.004484735429286957 135
1585011426863 0.005701103247702122 136
1585011459886 0.0039457338862121105 137
1585011492741 0.0048820399679243565 138
1585011525586 0.0034895995631814003 139
1585011558260 0.003006527666002512 140
1585011590793 0.0030457894317805767 141
1585011623367 0.0037794476374983788 142
1585011656007 0.005004904232919216 143
1585011689722 0.004200473893433809 144
1585011722790 0.003355305176228285 145
1585011755199 0.003688952885568142 146
1585011787484 0.003795125987380743 147
1585011820566 0.004063699394464493 148
1585011852922 0.004076907876878977 149
1585011885383 0.0033450524788349867 150
1585011918054 0.004803814925253391 151
1585011950552 0.004240227863192558 152
1585011983438 0.003550363704562187 153
1585012016067 0.0032396859023720026 154
1585012048815 0.004051153548061848 155
1585012081895 0.0042603276669979095 156
1585012114509 0.004298807587474585 157
1585012147065 0.0031896557193249464 158
1585012179976 0.00427591847255826 159
1585012212665 0.0030424317810684443 160
1585012245366 0.003570117522031069 161
1585012277976 0.002830255078151822 162
1585012310793 0.004865734837949276 163
1585012344695 0.005008176434785128 164
1585012377367 0.0045495713129639626 165
1585012410261 0.00347220990806818 166
1585012442748 0.0047414228320121765 167
1585012475165 0.0031271055340766907 168
1585012507400 0.0047872536815702915 169
1585012539818 0.0032266643829643726 170
1585012572535 0.003364880569279194 171
1585012605406 0.004203028045594692 172
1585012637988 0.003073433879762888 173
1585012671134 0.0035162712447345257 174
1585012705748 0.002994925482198596 175
1585012738462 0.003724460257217288 176
1585012771195 0.002944820560514927 177
1585012803971 0.0036443895660340786 178
1585012836172 0.004273209720849991 179
1585012870086 0.004560529254376888 180
1585012902647 0.003458973951637745 181
1585012935217 0.004977469798177481 182
1585012967832 0.003282665740698576 183
1585013000922 0.0029400631319731474 184
1585013033648 0.0031633710023015738 185
1585013066160 0.0039830817840993404 186
1585013098774 0.005087609402835369 187
1585013131398 0.003738021943718195 188
1585013164084 0.005370037630200386 189
1585013196907 0.0028708602767437696 190
1585013229782 0.002786837285384536 191
1585013262279 0.004314283840358257 192
1585013295087 0.00327611924149096 193
1585013327687 0.003149476833641529 194
1585013360480 0.003244733205065131 195
1585013393825 0.004607753828167915 196
1585013426859 0.002255199709907174 197
1585013459335 0.00467798812314868 198
1585013492211 0.0031977638136595488 199
1585013525589 0.0035683182068169117 200
1585013558150 0.003434780053794384 201
1585013590987 0.004825075156986713 202
1585013624399 0.0038826456293463707 203
1585013656775 0.0035609740298241377 204
1585013689468 0.0036281272768974304 205
1585013722127 0.00362585810944438 206
1585013755079 0.004219782538712025 207
1585013787439 0.004500965122133493 208
1585013820395 0.0034656948409974575 209
1585013853133 0.003775106742978096 210
1585013885829 0.004021354019641876 211
1585013918572 0.0051453192718327045 212
1585013951055 0.005200668703764677 213
1585013983580 0.002909495495259762 214
1585014015912 0.003763522021472454 215
1585014048060 0.0039369105361402035 216
1585014080644 0.003339383751153946 217
1585014113239 0.003884186502546072 218
1585014145777 0.004925554618239403 219
1585014178827 0.0059552364982664585 220
1585014211242 0.004333074204623699 221
1585014243772 0.003122942987829447 222
1585014276909 0.003770397277548909 223
1585014309497 0.004372758325189352 224
1585014343743 0.0029245419427752495 225
1585014376680 0.004314239602535963 226
1585014409310 0.004292611964046955 227
1585014441874 0.003360578790307045 228
1585014475303 0.004336179234087467 229
1585014507759 0.00345275248400867 230
1585014540133 0.0036942698061466217 231
1585014572477 0.003594355657696724 232
1585014604932 0.0048128459602594376 233
1585014638615 0.004137170035392046 234
1585014671167 0.004069033078849316 235
1585014703785 0.0034313234500586987 236
1585014736426 0.004350120201706886 237
1585014769149 0.0048162005841732025 238
1585014801807 0.0055094831623137 239
1585014834312 0.0036335112527012825 240
1585014867249 0.0028675829526036978 241
1585014900106 0.004661839921027422 242
1585014932653 0.004153402056545019 243
1585014965432 0.004078359808772802 244
1585014998266 0.0038139347452670336 245
1585015031955 0.004243761766701937 246
1585015064666 0.003077991772443056 247
1585015097194 0.0037329925689846277 248
1585015129775 0.003269785549491644 249
1585015162240 0.004412488080561161 250
1585015195047 0.003618077840656042 251
1585015227539 0.003216906450688839 252
1585015260066 0.004959256388247013 253
1585015292700 0.004024299327284098 254
1585015325259 0.004099088720977306 255
1585015358556 0.004735228605568409 256
1585015390848 0.0036578145809471607 257
1585015423477 0.004003932233899832 258
1585015456145 0.004017217084765434 259
1585015488745 0.0031800740398466587 260
1585015522043 0.0033565617632120848 261
1585015556687 0.00332384230569005 262
1585015590048 0.004736263770610094 263
1585015623356 0.0037504686042666435 264
1585015656351 0.0037121863570064306 265
1585015689711 0.0043014045804739 266
1585015723270 0.0034455186687409878 267
1585015756398 0.005270843859761953 268
1585015789396 0.004272708669304848 269
1585015822687 0.003949473612010479 270
1585015857023 0.004337565507739782 271
1585015892588 0.003877044189721346 272
1585015927959 0.0038960129022598267 273
1585015961384 0.0042127096094191074 274
1585015994433 0.0044391583651304245 275
1585016027607 0.0030642678029835224 276
1585016060591 0.003324557328596711 277
1585016094741 0.0032800380140542984 278
1585016128186 0.0036580481100827456 279
1585016162487 0.003424163907766342 280
1585016195898 0.0030486839823424816 281
1585016229414 0.00298545160330832 282
1585016262763 0.0038633039221167564 283
1585016296383 0.0034800758585333824 284
1585016331605 0.004612169228494167 285
1585016365367 0.00408319104462862 286
1585016399504 0.0030035662930458784 287
1585016433495 0.00437362864613533 288
1585016467093 0.003924419637769461 289
1585016500662 0.004726220387965441 290
1585016534359 0.003616462694481015 291
1585016567978 0.0040493616834282875 292
1585016601685 0.004302190616726875 293
1585016636311 0.0029814073350280523 294
1585016670528 0.0036266858223825693 295
1585016703922 0.004352277610450983 296
1585016737849 0.0034887182991951704 297
1585016772155 0.004521636757999659 298
1585016805961 0.004404052626341581 299
1585016839540 0.003463717410340905 300
1585016873420 0.003985370974987745 301
1585016907172 0.004458185750991106 302
1585016940398 0.0043561337515711784 303
1585016974432 0.0037368072662502527 304
1585017008416 0.003720288397744298 305
1585017041876 0.004389356821775436 306
1585017075377 0.003781278384849429 307
1585017108973 0.004183332435786724 308
1585017142301 0.0036361408419907093 309
1585017175554 0.003518346231430769 310
1585017209566 0.003968027886003256 311
1585017242857 0.0037219233345240355 312
1585017276421 0.004681762307882309 313
1585017310045 0.004389706067740917 314
1585017343742 0.004236622713506222 315
1585017377823 0.0034120730124413967 316
1585017411271 0.0038287085480988026 317
1585017444729 0.0031347861513495445 318
1585017478093 0.004471417982131243 319
1585017511429 0.0036313298624008894 320
1585017544997 0.003894262248650193 321
1585017578355 0.004598558880388737 322
1585017613103 0.004823983646929264 323
1585017646574 0.0043418616987764835 324
1585017680265 0.004242210183292627 325
1585017713554 0.004933600313961506 326
1585017747258 0.00550286378711462 327
1585017780574 0.00371302617713809 328
1585017814282 0.0027750700246542692 329
1585017847753 0.0037953867577016354 330
1585017880963 0.0038849457632750273 331
1585017914268 0.004474274814128876 332
1585017949648 0.0038808812387287617 333
1585017982936 0.0042645749635994434 334
1585018016666 0.0032500384841114283 335
1585018050168 0.003208957612514496 336
1585018083953 0.004295053891837597 337
1585018117451 0.004137037787586451 338
1585018150797 0.00410166010260582 339
1585018184289 0.003914231900125742 340
1585018218259 0.003454382997006178 341
1585018251653 0.004266249947249889 342
1585018285346 0.004268757998943329 343
1585018318617 0.0036686528474092484 344
1585018352531 0.0044869305565953255 345
1585018387144 0.0037208828143775463 346
1585018421788 0.004829865880310535 347
1585018454998 0.004096008371561766 348
1585018488219 0.003475627163425088 349
1585018522202 0.003683888353407383 350
1585018556201 0.004663379862904549 351
1585018589314 0.0033576583955436945 352
1585018622669 0.003812954528257251 353
1585018655935 0.003596746828407049 354
1585018690012 0.004997634794563055 355
1585018724176 0.0038701891899108887 356
1585018757473 0.0035946934949606657 357
1585018790940 0.0030730783473700285 358
1585018824758 0.004947062581777573 359
1585018859365 0.003895707428455353 360
1585018892936 0.005252234172075987 361
1585018926160 0.004414076451212168 362
1585018959862 0.0033646700903773308 363
1585018993917 0.004492489155381918 364
1585019028062 0.004095127806067467 365
1585019061537 0.0039269691333174706 366
1585019095394 0.005048258230090141 367
1585019128873 0.0036012998316437006 368
1585019162473 0.004170223139226437 369
1585019196514 0.004468814004212618 370
1585019229969 0.005520768463611603 371
1585019263556 0.004747272934764624 372
1585019297444 0.004773046355694532 373
1585019330979 0.003720926819369197 374
1585019364264 0.003973007667809725 375
1585019397782 0.0039963144809007645 376
1585019432380 0.004117164295166731 377
1585019466289 0.004841126501560211 378
1585019499416 0.003788613947108388 379
1585019532729 0.0038159422110766172 380
1585019566721 0.0029499130323529243 381
1585019600398 0.0046440958976745605 382
1585019633898 0.0039110914804041386 383
1585019667832 0.003444987116381526 384
1585019701567 0.0033865415025502443 385
1585019735258 0.0033622044138610363 386
1585019769047 0.0036851235199719667 387
1585019803764 0.004497106187045574 388
1585019837500 0.0030295117758214474 389
1585019871138 0.004421582445502281 390
1585019905367 0.004598503932356834 391
1585019939883 0.003534608520567417 392
1585019973662 0.003916687332093716 393
1585020007150 0.004481504671275616 394
1585020040594 0.0053502218797802925 395
1585020074396 0.004053444601595402 396
1585020108307 0.0038222125731408596 397
1585020141706 0.003355488646775484 398
1585020175639 0.004682607017457485 399
1585020209124 0.004613577388226986 400
1585020243430 0.004079992417246103 401
1585020277479 0.003976886626332998 402
1585020310684 0.0036163111217319965 403
1585020344283 0.003888420993462205 404
1585020377747 0.0030321520753204823 405
1585020411598 0.004539888817816973 406
1585020445165 0.003980434499680996 407
1585020478733 0.004050586372613907 408
1585020512335 0.0038081929087638855 409
1585020546622 0.0034220886882394552 410
1585020580322 0.004740115255117416 411
1585020614801 0.003880034200847149 412
1585020648054 0.003193869721144438 413
1585020681453 0.003891053143888712 414
1585020714866 0.004870960023254156 415
1585020748194 0.003951398655772209 416
1585020781570 0.003319208277389407 417
1585020815694 0.0035103505942970514 418
1585020849604 0.0038472814485430717 419
1585020883263 0.002972691785544157 420
1585020917224 0.003168644616380334 421
1585020950522 0.0040693157352507114 422
1585020984379 0.004485566634684801 423
1585021018681 0.004120698198676109 424
1585021052548 0.00411654869094491 425
1585021086002 0.003994741942733526 426
1585021119437 0.003790344577282667 427
1585021152865 0.004486790392547846 428
1585021186036 0.004651649389415979 429
1585021221293 0.005016394425183535 430
1585021255109 0.003887733444571495 431
1585021288833 0.0029365967493504286 432
1585021322706 0.0045661721378564835 433
1585021355981 0.003009031992405653 434
1585021389658 0.004649399779736996 435
1585021423315 0.003760512452572584 436
1585021456741 0.003423956921324134 437
1585021491365 0.004556940868496895 438
1585021524736 0.003672222839668393 439
1585021558083 0.0035843956284224987 440
1585021591390 0.003991357982158661 441
1585021625400 0.003727538976818323 442
1585021659217 0.004038321319967508 443
1585021692955 0.003994021099060774 444
1585021726942 0.004490226972848177 445
1585021761644 0.004761531949043274 446
1585021795067 0.0032827965915203094 447
1585021828423 0.004359732381999493 448
1585021861913 0.003988421987742186 449
1585021895353 0.004621721338480711 450
1585021928565 0.004310267977416515 451
1585021961960 0.004970440175384283 452
1585021995215 0.004103567451238632 453
1585022028875 0.005170955788344145 454
1585022062495 0.004982042126357555 455
1585022095899 0.004723933059722185 456
1585022130041 0.00391686987131834 457
1585022163796 0.005078508984297514 458
1585022197705 0.004653260111808777 459
1585022231876 0.007731854449957609 460
1585022265214 0.004196627996861935 461
1585022299165 0.003443409688770771 462
1585022333112 0.0035261742305010557 463
1585022367868 0.0048015909269452095 464
1585022401596 0.0049238307401537895 465
1585022435256 0.0036328285932540894 466
1585022468802 0.004844925832003355 467
1585022503067 0.0036556513514369726 468
1585022536705 0.003522332292050123 469
1585022570313 0.0037861119490116835 470
1585022603808 0.004695362411439419 471
1585022637326 0.004095832817256451 472
1585022670879 0.0036445953883230686 473
1585022704683 0.0039903842844069 474
1585022738111 0.004658551421016455 475
1585022771660 0.003716355189681053 476
1585022805868 0.004812868312001228 477
1585022839684 0.005336924456059933 478
1585022874059 0.003020369214937091 479
1585022907623 0.004022225271910429 480
1585022941323 0.004447176121175289 481
1585022975080 0.0032205868046730757 482
1585023008588 0.003547229105606675 483
1585023041791 0.0041695889085531235 484
1585023076389 0.0042463261634111404 485
1585023109889 0.0038602121639996767 486
1585023143739 0.0031862398609519005 487
1585023177273 0.0028303733561187983 488
1585023210781 0.00372308399528265 489
1585023244193 0.00495065376162529 490
1585023277679 0.0048734950833022594 491
1585023311384 0.004545978270471096 492
1585023345083 0.00417668791487813 493
1585023379310 0.004941201768815517 494
1585023412784 0.0037901937030255795 495
1585023446320 0.004293685778975487 496
1585023480266 0.004242039285600185 497
1585023515573 0.003966883756220341 498
1585023548787 0.00283609121106565 499
1585023582295 0.004499693866819143 500
