1585006977312 0.03085637465119362 0
1585007009958 0.00690716877579689 1
1585007042776 0.004582756198942661 2
1585007075861 0.007683745585381985 3
1585007108597 0.01303008385002613 4
1585007141031 0.01931742951273918 5
1585007173786 0.01894308440387249 6
1585007207455 0.011511923745274544 7
1585007240126 0.008191276341676712 8
1585007272699 0.0032141604460775852 9
1585007305326 0.003730224911123514 10
1585007337910 0.0031464197672903538 11
1585007370650 0.005860237870365381 12
1585007403315 0.010482033714652061 13
1585007435848 0.014628369361162186 14
1585007468364 0.01766238734126091 15
1585007500718 0.019583478569984436 16
1585007533362 0.021120287477970123 17
1585007566330 0.021927833557128906 18
1585007598922 0.021720457822084427 19
1585007631924 0.021336272358894348 20
1585007664723 0.019999049603939056 21
1585007697428 0.018352825194597244 22
1585007729887 0.01773773692548275 23
1585007762948 0.016921792179346085 24
1585007795588 0.01592426747083664 25
1585007828257 0.014772229827940464 26
1585007861069 0.013616358861327171 27
1585007893607 0.01231473684310913 28
1585007926073 0.011787963099777699 29
1585007959026 0.011579049751162529 30
1585007991578 0.011374300345778465 31
1585008024303 0.010880514979362488 32
1585008057020 0.01130843535065651 33
1585008089563 0.011118250899016857 34
1585008121879 0.010502876713871956 35
1585008154887 0.010427212342619896 36
1585008187343 0.010958806611597538 37
1585008219823 0.010883680544793606 38
1585008252653 0.010672328993678093 39
1585008285389 0.009062716737389565 40
1585008317788 0.009738627821207047 41
1585008350417 0.008781492710113525 42
1585008383056 0.008154909126460552 43
1585008415606 0.008735603652894497 44
1585008448353 0.007851546630263329 45
1585008480664 0.007904980331659317 46
1585008514629 0.0072976769879460335 47
1585008547413 0.008613266982138157 48
1585008579969 0.007233981043100357 49
1585008612713 0.007192008197307587 50
1585008645373 0.007522818632423878 51
1585008677825 0.006860163062810898 52
1585008710207 0.007212668191641569 53
1585008743073 0.0070319026708602905 54
1585008776088 0.006738500669598579 55
1585008808536 0.007099054753780365 56
1585008841357 0.006846476346254349 57
1585008874146 0.0063678729347884655 58
1585008906555 0.006562238559126854 59
1585008939027 0.0073421308770775795 60
1585008971647 0.006455743685364723 61
1585009005748 0.006318976171314716 62
1585009038868 0.006042973138391972 63
1585009071546 0.0069491071626544 64
1585009104030 0.00670802965760231 65
1585009137258 0.006560207810252905 66
1585009170352 0.006156811490654945 67
1585009202936 0.00635990034788847 68
1585009235380 0.006324898451566696 69
1585009268116 0.006473586894571781 70
1585009303170 0.006478393450379372 71
1585009335869 0.005825419910252094 72
1585009368328 0.006572266109287739 73
1585009400924 0.006103686988353729 74
1585009433708 0.006458910182118416 75
1585009467014 0.006261194124817848 76
1585009499867 0.0062595391646027565 77
1585009532665 0.006198311224579811 78
1585009565759 0.006450287066400051 79
1585009598618 0.006403523497283459 80
1585009631537 0.005844092927873135 81
1585009664364 0.005461737047880888 82
1585009696962 0.006265898235142231 83
1585009729218 0.0062993373721838 84
1585009761657 0.0060867611318826675 85
1585009794109 0.007126340176910162 86
1585009826885 0.005838532000780106 87
1585009859454 0.006747465580701828 88
1585009892364 0.006040647625923157 89
1585009925270 0.006133435294032097 90
1585009958114 0.006283503957092762 91
1585009990830 0.006717909127473831 92
1585010023535 0.006935476791113615 93
1585010056154 0.0063477372750639915 94
1585010088706 0.007799386978149414 95
1585010121813 0.006574498489499092 96
1585010154140 0.007761519867926836 97
1585010186785 0.0067101432941854 98
1585010219370 0.006377714686095715 99
1585010251896 0.006417565047740936 100
1585010284737 0.006385106593370438 101
1585010317106 0.006823403295129538 102
1585010349686 0.006714235059916973 103
1585010383327 0.006737206131219864 104
1585010415788 0.006603413261473179 105
1585010448259 0.006336440332233906 106
1585010481096 0.006019127555191517 107
1585010513562 0.006761884316802025 108
1585010546101 0.006207770202308893 109
1585010578840 0.006266826298087835 110
1585010611667 0.007214155979454517 111
1585010644361 0.0069582415744662285 112
1585010676998 0.006471722386777401 113
1585010709734 0.0071724094450473785 114
1585010743293 0.006630094721913338 115
1585010776226 0.00674339197576046 116
1585010811837 0.0066309729591012 117
1585010844240 0.005871191620826721 118
1585010877045 0.00633712625131011 119
1585010910371 0.006611283868551254 120
1585010943133 0.0068609402514994144 121
1585010975897 0.006302970461547375 122
1585011008911 0.006634929217398167 123
1585011041581 0.007136989384889603 124
1585011074146 0.006766913458704948 125
1585011106679 0.006674529984593391 126
1585011139355 0.006225783843547106 127
1585011172001 0.006148067303001881 128
1585011204953 0.007043085061013699 129
1585011237687 0.006320466287434101 130
1585011270999 0.0070472825318574905 131
1585011303636 0.00706894276663661 132
1585011336379 0.0062388526275753975 133
1585011369159 0.005889548920094967 134
1585011402117 0.006990058347582817 135
1585011434743 0.007435038220137358 136
1585011467904 0.006283896043896675 137
1585011500669 0.006736244075000286 138
1585011533518 0.006469557527452707 139
1585011566064 0.006447554565966129 140
1585011598582 0.0064049530774354935 141
1585011631278 0.007048377301543951 142
1585011664027 0.006994215771555901 143
1585011697558 0.006562238559126854 144
1585011730639 0.006317649036645889 145
1585011762961 0.006793363019824028 146
1585011795435 0.006674579344689846 147
1585011828523 0.006896913517266512 148
1585011860705 0.006385196000337601 149
1585011893334 0.006349325180053711 150
1585011926055 0.007498373743146658 151
1585011958400 0.007046085316687822 152
1585011991402 0.006592438090592623 153
1585012024049 0.006608792580664158 154
1585012056757 0.00693441741168499 155
1585012089805 0.006815957371145487 156
1585012122319 0.006806420162320137 157
1585012155070 0.006700166035443544 158
1585012187961 0.0066866325214505196 159
1585012220555 0.006626361049711704 160
1585012253163 0.007038692012429237 161
1585012286007 0.006269058212637901 162
1585012318648 0.007215637713670731 163
1585012352685 0.007244722917675972 164
1585012385288 0.007381531409919262 165
1585012418261 0.006503719836473465 166
1585012450679 0.006904697511345148 167
1585012482898 0.006135120522230864 168
1585012515245 0.007215735502541065 169
1585012547893 0.006402409635484219 170
1585012580545 0.006556305103003979 171
1585012613384 0.006868204101920128 172
1585012645821 0.00674770213663578 173
1585012678922 0.0063465191051363945 174
1585012713742 0.006670795846730471 175
1585012746339 0.006903638131916523 176
1585012779058 0.006080682389438152 177
1585012811865 0.006770214065909386 178
1585012844128 0.006612588185817003 179
1585012877940 0.007248321548104286 180
1585012910693 0.0062589156441390514 181
1585012943191 0.0074793631210923195 182
1585012975657 0.005920300260186195 183
1585013008860 0.006197286769747734 184
1585013041467 0.006099056452512741 185
1585013074083 0.006970349699258804 186
1585013106679 0.007531438022851944 187
1585013139205 0.006604867056012154 188
1585013172419 0.007625293452292681 189
1585013205022 0.0058602518402040005 190
1585013237610 0.006070023402571678 191
1585013270277 0.006866212468594313 192
1585013303050 0.006236839573830366 193
1585013335633 0.006605440750718117 194
1585013368633 0.006599134765565395 195
1585013401821 0.0069435397163033485 196
1585013434707 0.005440797656774521 197
1585013467311 0.006951595656573772 198
1585013500043 0.006399962585419416 199
1585013533552 0.006385749205946922 200
1585013566109 0.006769147701561451 201
1585013598951 0.006876015104353428 202
1585013632349 0.006672184448689222 203
1585013664753 0.0070312959142029285 204
1585013697604 0.006348572671413422 205
1585013730090 0.006675561890006065 206
1585013762942 0.006848151795566082 207
1585013795499 0.006977965123951435 208
1585013828462 0.006617301143705845 209
1585013861115 0.006777789443731308 210
1585013893985 0.006806343328207731 211
1585013926408 0.006874768063426018 212
1585013958907 0.007405256852507591 213
1585013991393 0.005675080697983503 214
1585014023805 0.0068703293800354 215
1585014055907 0.00676700659096241 216
1585014088582 0.006291835568845272 217
1585014121222 0.006418275646865368 218
1585014153746 0.007565257605165243 219
1585014186695 0.006900149397552013 220
1585014219170 0.006882986985146999 221
1585014251601 0.006438807584345341 222
1585014284837 0.006379719823598862 223
1585014318110 0.006843757815659046 224
1585014351864 0.006004985421895981 225
1585014384490 0.007209273055195808 226
1585014417224 0.006616452243179083 227
1585014450743 0.00610092980787158 228
1585014483106 0.006599769461899996 229
1585014515569 0.005865222774446011 230
1585014547904 0.006685237865895033 231
1585014580308 0.005851975176483393 232
1585014613077 0.006764044053852558 233
1585014646484 0.006329024210572243 234
1585014679059 0.006661631166934967 235
1585014711602 0.006015090271830559 236
1585014744283 0.006693871691823006 237
1585014777167 0.006910013034939766 238
1585014809602 0.007856378331780434 239
1585014842203 0.006025615148246288 240
1585014875040 0.006176130846142769 241
1585014907973 0.006586764007806778 242
1585014940486 0.006841952912509441 243
1585014973375 0.006434171460568905 244
1585015006034 0.006605637259781361 245
1585015039922 0.006759357638657093 246
1585015072681 0.006155875511467457 247
1585015105093 0.006879107095301151 248
1585015137760 0.005781627260148525 249
1585015170315 0.0072621433064341545 250
1585015202884 0.006451589986681938 251
1585015235454 0.0059682526625692844 252
1585015268121 0.006720428355038166 253
1585015300587 0.006561946123838425 254
1585015333497 0.006623928435146809 255
1585015366363 0.006810331251472235 256
1585015398755 0.0066493721678853035 257
1585015431507 0.005778550170361996 258
1585015463964 0.006790596060454845 259
1585015496591 0.005657726898789406 260
1585015530266 0.006023915018886328 261
1585015564882 0.0056267837062478065 262
1585015598099 0.007066698744893074 263
1585015631320 0.006728031672537327 264
1585015664382 0.006294804159551859 265
1585015697815 0.006611173041164875 266
1585015731205 0.006207378581166267 267
1585015764323 0.007386611774563789 268
1585015797499 0.0067296018823981285 269
1585015830761 0.0067466977052390575 270
1585015865287 0.007046757265925407 271
1585015900990 0.0059357695281505585 272
1585015936043 0.0067054773680865765 273
1585015969347 0.006883478723466396 274
1585016002524 0.006841195281594992 275
1585016035549 0.005734410136938095 276
1585016068741 0.006327903363853693 277
1585016102886 0.005697890650480986 278
1585016136228 0.0063991546630859375 279
1585016170588 0.006051314063370228 280
1585016203942 0.006116053089499474 281
1585016237455 0.005991457495838404 282
1585016270844 0.00602208124473691 283
1585016305380 0.006166549399495125 284
1585016339899 0.006735450588166714 285
1585016373716 0.006260189693421125 286
1585016407564 0.006250413134694099 287
1585016441671 0.006273473147302866 288
1585016475247 0.006534416228532791 289
1585016508733 0.006849038414657116 290
1585016542383 0.005628093611449003 291
1585016576154 0.006256058346480131 292
1585016610009 0.006351672578603029 293
1585016644488 0.005975791718810797 294
1585016678546 0.006377724464982748 295
1585016712064 0.006655009463429451 296
1585016746161 0.00636545242741704 297
1585016780400 0.006301816552877426 298
1585016814142 0.006664830259978771 299
1585016847575 0.006446989253163338 300
1585016881430 0.00650824885815382 301
1585016915205 0.0062091294676065445 302
1585016948691 0.006487976759672165 303
1585016982516 0.006060428451746702 304
1585017016473 0.006635155063122511 305
1585017050164 0.006758676376193762 306
1585017083517 0.0061649903655052185 307
1585017117013 0.006263734772801399 308
1585017150339 0.005777227692306042 309
1585017183836 0.005690230056643486 310
1585017217586 0.006065326742827892 311
1585017251014 0.006066321860998869 312
1585017284509 0.006634545046836138 313
1585017318255 0.006935682147741318 314
1585017352251 0.006551672704517841 315
1585017385859 0.006446199491620064 316
1585017419270 0.006261695176362991 317
1585017452739 0.005380922928452492 318
1585017486075 0.005703293718397617 319
1585017519445 0.006440176162868738 320
1585017553104 0.006389736197888851 321
1585017586606 0.006879416760057211 322
1585017621099 0.006586046889424324 323
1585017654648 0.0065781185403466225 324
1585017688345 0.006052236072719097 325
1585017721599 0.006681774742901325 326
1585017755330 0.0068903034552931786 327
1585017788657 0.006231742911040783 328
1585017822384 0.005418667569756508 329
1585017855752 0.006318932399153709 330
1585017889013 0.006229925900697708 331
1585017922300 0.006290082354098558 332
1585017957706 0.006058095954358578 333
1585017990969 0.006530195474624634 334
1585018024819 0.006113301496952772 335
1585018058231 0.004801739938557148 336
1585018092072 0.00614459253847599 337
1585018125460 0.005896823015064001 338
1585018158932 0.006012844853103161 339
1585018192603 0.0059543177485466 340
1585018226277 0.00544708501547575 341
1585018259916 0.0065969303250312805 342
1585018293354 0.006447874009609222 343
1585018326926 0.005831653252243996 344
1585018360702 0.006577972788363695 345
1585018395408 0.0054754288867115974 346
1585018429797 0.006668922957032919 347
1585018462985 0.006105257198214531 348
1585018496229 0.005605498794466257 349
1585018530454 0.005933625623583794 350
1585018564191 0.0067611937411129475 351
1585018597454 0.006017412059009075 352
1585018630711 0.006087031215429306 353
1585018664232 0.006386011838912964 354
1585018698270 0.0062113795429468155 355
1585018732180 0.005901476833969355 356
1585018765478 0.00610192259773612 357
1585018798956 0.006218575872480869 358
1585018833568 0.006825335789471865 359
1585018867409 0.006661313120275736 360
1585018900943 0.0069390637800097466 361
1585018934183 0.00696170050650835 362
1585018968241 0.0061024995520710945 363
1585019002029 0.006631338037550449 364
1585019036111 0.006068649236112833 365
1585019069657 0.005463301204144955 366
1585019103480 0.006790044251829386 367
1585019136912 0.006049123592674732 368
1585019170697 0.006223844829946756 369
1585019204606 0.006301115266978741 370
1585019238205 0.007234002463519573 371
1585019271854 0.006174212321639061 372
1585019305749 0.006878913380205631 373
1585019339021 0.0058656190522015095 374
1585019372303 0.0063538262620568275 375
1585019406341 0.006451571360230446 376
1585019440487 0.005808226298540831 377
1585019474340 0.0063057029619812965 378
1585019507516 0.006411456968635321 379
1585019540912 0.006112561095505953 380
1585019575030 0.005681358277797699 381
1585019608524 0.00667098443955183 382
1585019642140 0.006073047406971455 383
1585019675953 0.0063747745007276535 384
1585019709737 0.005483055021613836 385
1585019743510 0.006075595505535603 386
1585019777243 0.006192013155668974 387
1585019811763 0.006444927770644426 388
1585019845521 0.005733477883040905 389
1585019879417 0.005749383941292763 390
1585019913547 0.006029740907251835 391
1585019948111 0.005909492261707783 392
1585019981838 0.005885222926735878 393
1585020015202 0.006309869233518839 394
1585020048833 0.006948846857994795 395
1585020082598 0.005858533084392548 396
1585020116513 0.0058357492089271545 397
1585020150013 0.005432450212538242 398
1585020183640 0.006341634318232536 399
1585020217140 0.00632244348526001 400
1585020251598 0.005800219252705574 401
1585020285517 0.005859885830432177 402
1585020318921 0.005913768894970417 403
1585020352368 0.006112998817116022 404
1585020385947 0.005674378946423531 405
1585020419712 0.006122964899986982 406
1585020453175 0.005608027800917625 407
1585020486873 0.005289258901029825 408
1585020520403 0.005694737657904625 409
1585020554648 0.006077236961573362 410
1585020588500 0.006389327812939882 411
1585020622808 0.00613871356472373 412
1585020656183 0.005206456407904625 413
1585020689497 0.005998639389872551 414
1585020722939 0.005899261683225632 415
1585020756225 0.006021586712449789 416
1585020789591 0.005351519677788019 417
1585020823795 0.005882998462766409 418
1585020857743 0.00520017184317112 419
1585020891408 0.00542338564991951 420
1585020925379 0.005800406914204359 421
1585020958635 0.006136879324913025 422
1585020992626 0.0063006458804011345 423
1585021026701 0.006195141468197107 424
1585021060705 0.005731120705604553 425
1585021094189 0.005719424225389957 426
1585021127611 0.005628732033073902 427
1585021160869 0.006187256425619125 428
1585021195281 0.006468828767538071 429
1585021229384 0.006613748148083687 430
1585021263239 0.006034758407622576 431
1585021296976 0.0050426023080945015 432
1585021330735 0.006515490356832743 433
1585021364278 0.005496799945831299 434
1585021397739 0.006238254252821207 435
1585021431399 0.005789595656096935 436
1585021464951 0.00558211887255311 437
1585021499541 0.006178874522447586 438
1585021532724 0.005781384650617838 439
1585021566134 0.005701062269508839 440
1585021599506 0.005316384136676788 441
1585021633404 0.005747755523771048 442
1585021667242 0.00602283701300621 443
1585021701156 0.005509043112397194 444
1585021735178 0.006037975195795298 445
1585021769692 0.006195713300257921 446
1585021803304 0.00543095450848341 447
1585021836449 0.0057793427258729935 448
1585021870044 0.005768256727606058 449
1585021903439 0.005572018213570118 450
1585021936657 0.005985812284052372 451
1585021970038 0.006083491258323193 452
1585022003258 0.005901750177145004 453
1585022037116 0.006834543310105801 454
1585022070680 0.006491699256002903 455
1585022103947 0.00612478656694293 456
1585022138131 0.005638487637042999 457
1585022171811 0.006214344408363104 458
1585022205784 0.005376393906772137 459
1585022239953 0.007662573829293251 460
1585022273619 0.005818442441523075 461
1585022307192 0.005423889495432377 462
1585022341190 0.00565280020236969 463
1585022376051 0.0059523805975914 464
1585022409713 0.005994662642478943 465
1585022443361 0.005809294059872627 466
1585022476884 0.006416152231395245 467
1585022511214 0.005508093163371086 468
1585022544788 0.0047691622748970985 469
1585022578472 0.0056513454765081406 470
1585022612009 0.006473463494330645 471
1585022645700 0.005962132476270199 472
1585022678904 0.0054754759185016155 473
1585022712840 0.005587861407548189 474
1585022746232 0.005620529875159264 475
1585022779708 0.005675040185451508 476
1585022814221 0.006151892244815826 477
1585022847910 0.006731322500854731 478
1585022882241 0.00538167217746377 479
1585022915656 0.00557024497538805 480
1585022949355 0.0059018824249506 481
1585022983320 0.005459198262542486 482
1585023016687 0.00500193377956748 483
1585023049974 0.005917917471379042 484
1585023084593 0.005454033613204956 485
1585023118088 0.0057225641794502735 486
1585023151941 0.005230749025940895 487
1585023185565 0.005514115560799837 488
1585023218839 0.005571604706346989 489
1585023252397 0.006074218545109034 490
1585023286142 0.006444915197789669 491
1585023319547 0.0060464004054665565 492
1585023353264 0.004880900029093027 493
1585023387343 0.006461613345891237 494
1585023420955 0.0052769421599805355 495
1585023454632 0.005973009392619133 496
1585023488301 0.006019124761223793 497
1585023523689 0.005782541818916798 498
1585023556900 0.0052245743572711945 499
1585023590364 0.0057659149169921875 500
