1585006977312 0.8410864472389221 0
1585007009958 0.7483344078063965 1
1585007042776 0.6977862119674683 2
1585007075861 0.6698297262191772 3
1585007108597 0.6602188348770142 4
1585007141031 0.6494817733764648 5
1585007173786 0.6321892738342285 6
1585007207455 0.6042163968086243 7
1585007240126 0.5884312391281128 8
1585007272699 0.5623246431350708 9
1585007305326 0.5387529134750366 10
1585007337910 0.5187326669692993 11
1585007370650 0.4994678199291229 12
1585007403315 0.48268747329711914 13
1585007435848 0.46837735176086426 14
1585007468364 0.4578600525856018 15
1585007500718 0.44910675287246704 16
1585007533362 0.4388679265975952 17
1585007566330 0.4288784861564636 18
1585007598922 0.4161824584007263 19
1585007631924 0.4067646265029907 20
1585007664723 0.3971879184246063 21
1585007697428 0.39069533348083496 22
1585007729887 0.3792186379432678 23
1585007762948 0.3722110390663147 24
1585007795588 0.3644941449165344 25
1585007828257 0.3593063950538635 26
1585007861069 0.35456550121307373 27
1585007893607 0.3508132994174957 28
1585007926073 0.34696733951568604 29
1585007959026 0.3447633981704712 30
1585007991578 0.34036242961883545 31
1585008024303 0.3392491638660431 32
1585008057020 0.3314146399497986 33
1585008089563 0.32800111174583435 34
1585008121879 0.32715803384780884 35
1585008154887 0.32512664794921875 36
1585008187343 0.31829124689102173 37
1585008219823 0.3147316575050354 38
1585008252653 0.3127450942993164 39
1585008285389 0.31409701704978943 40
1585008317788 0.3076642155647278 41
1585008350417 0.30886223912239075 42
1585008383056 0.3090815842151642 43
1585008415606 0.30091392993927 44
1585008448353 0.3060399293899536 45
1585008480664 0.30175215005874634 46
1585008514629 0.30127936601638794 47
1585008547413 0.2939467132091522 48
1585008579969 0.2970406711101532 49
1585008612713 0.29643386602401733 50
1585008645373 0.2880420982837677 51
1585008677825 0.2913374602794647 52
1585008710207 0.2873893976211548 53
1585008743073 0.2876419425010681 54
1585008776088 0.2880994975566864 55
1585008808536 0.28658947348594666 56
1585008841357 0.283083975315094 57
1585008874146 0.28794050216674805 58
1585008906555 0.28330254554748535 59
1585008939027 0.28197813034057617 60
1585008971647 0.2793263792991638 61
1585009005748 0.2787446975708008 62
1585009038868 0.2826860845088959 63
1585009071546 0.2756420969963074 64
1585009104030 0.2728397846221924 65
1585009137258 0.27940359711647034 66
1585009170352 0.2742132842540741 67
1585009202936 0.2721046805381775 68
1585009235380 0.2698647975921631 69
1585009268116 0.2711983323097229 70
1585009303170 0.2662377953529358 71
1585009335869 0.2746317982673645 72
1585009368328 0.2674159109592438 73
1585009400924 0.2658312916755676 74
1585009433708 0.2622423768043518 75
1585009467014 0.26545870304107666 76
1585009499867 0.2661058306694031 77
1585009532665 0.26339638233184814 78
1585009565759 0.26233166456222534 79
1585009598618 0.2589564323425293 80
1585009631537 0.26470354199409485 81
1585009664364 0.2594054341316223 82
1585009696962 0.2692124843597412 83
1585009729218 0.2624722123146057 84
1585009761657 0.25846487283706665 85
1585009794109 0.24981752038002014 86
1585009826885 0.25445613265037537 87
1585009859454 0.2515326142311096 88
1585009892364 0.25207388401031494 89
1585009925270 0.25006628036499023 90
1585009958114 0.2552862763404846 91
1585009990830 0.2514592707157135 92
1585010023535 0.24510501325130463 93
1585010056154 0.25156837701797485 94
1585010088706 0.2431967556476593 95
1585010121813 0.2514307498931885 96
1585010154140 0.2425576001405716 97
1585010186785 0.24753573536872864 98
1585010219370 0.24876466393470764 99
1585010251896 0.24391451478004456 100
1585010284737 0.24374991655349731 101
1585010317106 0.24202412366867065 102
1585010349686 0.24818402528762817 103
1585010383327 0.24024230241775513 104
1585010415788 0.24334706366062164 105
1585010448259 0.23857226967811584 106
1585010481096 0.24269089102745056 107
1585010513562 0.24001991748809814 108
1585010546101 0.23780369758605957 109
1585010578840 0.2432885468006134 110
1585010611667 0.2343033254146576 111
1585010644361 0.23530690371990204 112
1585010676998 0.24131470918655396 113
1585010709734 0.2291344702243805 114
1585010743293 0.23500698804855347 115
1585010776226 0.23377376794815063 116
1585010811837 0.23219835758209229 117
1585010844240 0.2385891228914261 118
1585010877045 0.23113062977790833 119
1585010910371 0.22802095115184784 120
1585010943133 0.23392347991466522 121
1585010975897 0.23373302817344666 122
1585011008911 0.23004522919654846 123
1585011041581 0.2258550226688385 124
1585011074146 0.23499353229999542 125
1585011106679 0.22555027902126312 126
1585011139355 0.22604893147945404 127
1585011172001 0.22875061631202698 128
1585011204953 0.22569946944713593 129
1585011237687 0.22898869216442108 130
1585011270999 0.2252705991268158 131
1585011303636 0.2257566601037979 132
1585011336379 0.23684367537498474 133
1585011369159 0.23199406266212463 134
1585011402117 0.22470346093177795 135
1585011434743 0.222010537981987 136
1585011467904 0.221358060836792 137
1585011500669 0.22770148515701294 138
1585011533518 0.22687841951847076 139
1585011566064 0.22099396586418152 140
1585011598582 0.22715365886688232 141
1585011631278 0.21996988356113434 142
1585011664027 0.22063758969306946 143
1585011697558 0.21689759194850922 144
1585011730639 0.2180090844631195 145
1585011762961 0.21690505743026733 146
1585011795435 0.2235938310623169 147
1585011828523 0.2141612470149994 148
1585011860705 0.22373107075691223 149
1585011893334 0.21630260348320007 150
1585011926055 0.21223777532577515 151
1585011958400 0.21143794059753418 152
1585011991402 0.21615538001060486 153
1585012024049 0.2138129472732544 154
1585012056757 0.21694931387901306 155
1585012089805 0.2145521640777588 156
1585012122319 0.2107672095298767 157
1585012155070 0.2098306119441986 158
1585012187961 0.21119055151939392 159
1585012220555 0.2086050808429718 160
1585012253163 0.21091242134571075 161
1585012286007 0.21377435326576233 162
1585012318648 0.2125159204006195 163
1585012352685 0.20937159657478333 164
1585012385288 0.2062365710735321 165
1585012418261 0.2097129225730896 166
1585012450679 0.207423597574234 167
1585012482898 0.21260885894298553 168
1585012515245 0.21725758910179138 169
1585012547893 0.20986133813858032 170
1585012580545 0.20680639147758484 171
1585012613384 0.20827782154083252 172
1585012645821 0.21455883979797363 173
1585012678922 0.2062932848930359 174
1585012713742 0.20231404900550842 175
1585012746339 0.20618262887001038 176
1585012779058 0.21050560474395752 177
1585012811865 0.20546309649944305 178
1585012844128 0.2038145363330841 179
1585012877940 0.20411449670791626 180
1585012910693 0.2018025815486908 181
1585012943191 0.19930897653102875 182
1585012975657 0.20890723168849945 183
1585013008860 0.2022322118282318 184
1585013041467 0.20685148239135742 185
1585013074083 0.2019592970609665 186
1585013106679 0.20191887021064758 187
1585013139205 0.19824230670928955 188
1585013172419 0.1989922821521759 189
1585013205022 0.20859500765800476 190
1585013237610 0.2005193531513214 191
1585013270277 0.20728033781051636 192
1585013303050 0.1968887448310852 193
1585013335633 0.19906890392303467 194
1585013368633 0.1986808329820633 195
1585013401821 0.19833862781524658 196
1585013434707 0.20369553565979004 197
1585013467311 0.19759908318519592 198
1585013500043 0.1960294544696808 199
1585013533552 0.19707030057907104 200
1585013566109 0.19656535983085632 201
1585013598951 0.2061017006635666 202
1585013632349 0.19047708809375763 203
1585013664753 0.18733710050582886 204
1585013697604 0.19366097450256348 205
1585013730090 0.19359812140464783 206
1585013762942 0.19723299145698547 207
1585013795499 0.19528503715991974 208
1585013828462 0.19037073850631714 209
1585013861115 0.19607488811016083 210
1585013893985 0.18991334736347198 211
1585013926408 0.19149555265903473 212
1585013958907 0.1979379951953888 213
1585013991393 0.19851525127887726 214
1585014023805 0.18960855901241302 215
1585014055907 0.18912650644779205 216
1585014088582 0.18926797807216644 217
1585014121222 0.1929265856742859 218
1585014153746 0.18452858924865723 219
1585014186695 0.19587478041648865 220
1585014219170 0.1885506808757782 221
1585014251601 0.18781396746635437 222
1585014284837 0.19531427323818207 223
1585014318110 0.18847087025642395 224
1585014351864 0.192376509308815 225
1585014384490 0.18675105273723602 226
1585014417224 0.19207020103931427 227
1585014450743 0.19238010048866272 228
1585014483106 0.19050848484039307 229
1585014515569 0.1910668909549713 230
1585014547904 0.1836470067501068 231
1585014580308 0.1913830041885376 232
1585014613077 0.18586958944797516 233
1585014646484 0.1881897747516632 234
1585014679059 0.1845497488975525 235
1585014711602 0.1898978054523468 236
1585014744283 0.18744225800037384 237
1585014777167 0.18436439335346222 238
1585014809602 0.18545743823051453 239
1585014842203 0.18739266693592072 240
1585014875040 0.18689876794815063 241
1585014907973 0.18555378913879395 242
1585014940486 0.181277334690094 243
1585014973375 0.18071149289608002 244
1585015006034 0.1855597198009491 245
1585015039922 0.18046817183494568 246
1585015072681 0.1797017902135849 247
1585015105093 0.17736683785915375 248
1585015137760 0.1835452914237976 249
1585015170315 0.1809753179550171 250
1585015202884 0.17962802946567535 251
1585015235454 0.18401460349559784 252
1585015268121 0.18598303198814392 253
1585015300587 0.17950230836868286 254
1585015333497 0.17861467599868774 255
1585015366363 0.1791020631790161 256
1585015398755 0.18451660871505737 257
1585015431507 0.1930989921092987 258
1585015463964 0.18071335554122925 259
1585015496591 0.18443147838115692 260
1585015530266 0.1808970868587494 261
1585015564882 0.1796189844608307 262
1585015598099 0.17333699762821198 263
1585015631320 0.17790178954601288 264
1585015664382 0.17909720540046692 265
1585015697815 0.17512080073356628 266
1585015731205 0.17663848400115967 267
1585015764323 0.18123707175254822 268
1585015797499 0.1783371865749359 269
1585015830761 0.17433667182922363 270
1585015865287 0.18137919902801514 271
1585015900990 0.1802271008491516 272
1585015936043 0.17399054765701294 273
1585015969347 0.18514609336853027 274
1585016002524 0.1744489073753357 275
1585016035549 0.17856919765472412 276
1585016068741 0.17662972211837769 277
1585016102886 0.18747667968273163 278
1585016136228 0.1767253875732422 279
1585016170588 0.17591094970703125 280
1585016203942 0.17323143780231476 281
1585016237455 0.1753470003604889 282
1585016270844 0.17389731109142303 283
1585016305380 0.17091897130012512 284
1585016339899 0.17435912787914276 285
1585016373716 0.1712937206029892 286
1585016407564 0.17265018820762634 287
1585016441671 0.17689149081707 288
1585016475247 0.1703554093837738 289
1585016508733 0.16793715953826904 290
1585016542383 0.1791682243347168 291
1585016576154 0.17363733053207397 292
1585016610009 0.1744670271873474 293
1585016644488 0.17267967760562897 294
1585016678546 0.16914838552474976 295
1585016712064 0.1704871654510498 296
1585016746161 0.16896019876003265 297
1585016780400 0.17172406613826752 298
1585016814142 0.1770412027835846 299
1585016847575 0.17194509506225586 300
1585016881430 0.16547022759914398 301
1585016915205 0.16790539026260376 302
1585016948691 0.1689065396785736 303
1585016982516 0.1733984500169754 304
1585017016473 0.16798368096351624 305
1585017050164 0.16581889986991882 306
1585017083517 0.166006937623024 307
1585017117013 0.1675781011581421 308
1585017150339 0.1726304292678833 309
1585017183836 0.16932722926139832 310
1585017217586 0.16266688704490662 311
1585017251014 0.17218731343746185 312
1585017284509 0.16619116067886353 313
1585017318255 0.16114896535873413 314
1585017352251 0.1641463339328766 315
1585017385859 0.16352280974388123 316
1585017419270 0.16390740871429443 317
1585017452739 0.1691921353340149 318
1585017486075 0.1721687614917755 319
1585017519445 0.16459110379219055 320
1585017553104 0.16669225692749023 321
1585017586606 0.16687268018722534 322
1585017621099 0.16233402490615845 323
1585017654648 0.16490842401981354 324
1585017688345 0.1645819991827011 325
1585017721599 0.16588780283927917 326
1585017755330 0.16317592561244965 327
1585017788657 0.1631062626838684 328
1585017822384 0.17114371061325073 329
1585017855752 0.16195467114448547 330
1585017889013 0.16870719194412231 331
1585017922300 0.16459813714027405 332
1585017957706 0.15972371399402618 333
1585017990969 0.1622142195701599 334
1585018024819 0.1574060171842575 335
1585018058231 0.169045552611351 336
1585018092072 0.1710338145494461 337
1585018125460 0.16870015859603882 338
1585018158932 0.16025593876838684 339
1585018192603 0.1641402244567871 340
1585018226277 0.16649606823921204 341
1585018259916 0.16093267500400543 342
1585018293354 0.1636677384376526 343
1585018326926 0.1658540666103363 344
1585018360702 0.1636432409286499 345
1585018395408 0.17211154103279114 346
1585018429797 0.16480222344398499 347
1585018462985 0.1605449765920639 348
1585018496229 0.16021886467933655 349
1585018530454 0.15524744987487793 350
1585018564191 0.1516302227973938 351
1585018597454 0.1652607023715973 352
1585018630711 0.16173604130744934 353
1585018664232 0.16103339195251465 354
1585018698270 0.15491005778312683 355
1585018732180 0.16185513138771057 356
1585018765478 0.15643174946308136 357
1585018798956 0.15624496340751648 358
1585018833568 0.15387234091758728 359
1585018867409 0.15187829732894897 360
1585018900943 0.16130560636520386 361
1585018934183 0.14916782081127167 362
1585018968241 0.15839514136314392 363
1585019002029 0.1500992774963379 364
1585019036111 0.1561616063117981 365
1585019069657 0.16108781099319458 366
1585019103480 0.1532718390226364 367
1585019136912 0.1546604037284851 368
1585019170697 0.15779654681682587 369
1585019204606 0.157615065574646 370
1585019238205 0.14845535159111023 371
1585019271854 0.16444256901741028 372
1585019305749 0.1482912302017212 373
1585019339021 0.1541648507118225 374
1585019372303 0.15071970224380493 375
1585019406341 0.15837302803993225 376
1585019440487 0.15788745880126953 377
1585019474340 0.15881729125976562 378
1585019507516 0.15689486265182495 379
1585019540912 0.15364733338356018 380
1585019575030 0.16006097197532654 381
1585019608524 0.14900948107242584 382
1585019642140 0.1512776017189026 383
1585019675953 0.14893287420272827 384
1585019709737 0.157257542014122 385
1585019743510 0.15119042992591858 386
1585019777243 0.15137052536010742 387
1585019811763 0.14793610572814941 388
1585019845521 0.15423300862312317 389
1585019879417 0.1495087742805481 390
1585019913547 0.15659138560295105 391
1585019948111 0.15607911348342896 392
1585019981838 0.148139089345932 393
1585020015202 0.15329992771148682 394
1585020048833 0.14433784782886505 395
1585020082598 0.14610344171524048 396
1585020116513 0.1517328917980194 397
1585020150013 0.16064754128456116 398
1585020183640 0.15293660759925842 399
1585020217140 0.1533028483390808 400
1585020251598 0.15193504095077515 401
1585020285517 0.15235859155654907 402
1585020318921 0.15102604031562805 403
1585020352368 0.14538604021072388 404
1585020385947 0.1510491967201233 405
1585020419712 0.14897778630256653 406
1585020453175 0.1526813507080078 407
1585020486873 0.1642225980758667 408
1585020520403 0.14873048663139343 409
1585020554648 0.144908607006073 410
1585020588500 0.14760515093803406 411
1585020622808 0.14815613627433777 412
1585020656183 0.1562923789024353 413
1585020689497 0.14170154929161072 414
1585020722939 0.1546715497970581 415
1585020756225 0.15076647698879242 416
1585020789591 0.15358704328536987 417
1585020823795 0.14983341097831726 418
1585020857743 0.15016114711761475 419
1585020891408 0.1553872525691986 420
1585020925379 0.14680439233779907 421
1585020958635 0.14593273401260376 422
1585020992626 0.1390943080186844 423
1585021026701 0.14553695917129517 424
1585021060705 0.14706352353096008 425
1585021094189 0.14444614946842194 426
1585021127611 0.15455304086208344 427
1585021160869 0.14389462769031525 428
1585021195281 0.14728422462940216 429
1585021229384 0.14275069534778595 430
1585021263239 0.1474095582962036 431
1585021296976 0.15436303615570068 432
1585021330735 0.14804191887378693 433
1585021364278 0.14943067729473114 434
1585021397739 0.1416393220424652 435
1585021431399 0.14454302191734314 436
1585021464951 0.14778712391853333 437
1585021499541 0.14305205643177032 438
1585021532724 0.14182770252227783 439
1585021566134 0.14071378111839294 440
1585021599506 0.15039020776748657 441
1585021633404 0.14400941133499146 442
1585021667242 0.14489363133907318 443
1585021701156 0.14594656229019165 444
1585021735178 0.14161305129528046 445
1585021769692 0.14909186959266663 446
1585021803304 0.15040111541748047 447
1585021836449 0.14811675250530243 448
1585021870044 0.14603285491466522 449
1585021903439 0.15271756052970886 450
1585021936657 0.14203399419784546 451
1585021970038 0.14189381897449493 452
1585022003258 0.13758648931980133 453
1585022037116 0.1476021409034729 454
1585022070680 0.1361500769853592 455
1585022103947 0.13734903931617737 456
1585022138131 0.14193932712078094 457
1585022171811 0.13710103929042816 458
1585022205784 0.14648592472076416 459
1585022239953 0.1542986035346985 460
1585022273619 0.13505521416664124 461
1585022307192 0.14283493161201477 462
1585022341190 0.14266431331634521 463
1585022376051 0.13508066534996033 464
1585022409713 0.1441851258277893 465
1585022443361 0.14633403718471527 466
1585022476884 0.13714511692523956 467
1585022511214 0.13946543633937836 468
1585022544788 0.14996102452278137 469
1585022578472 0.14222070574760437 470
1585022612009 0.13733753561973572 471
1585022645700 0.1354493796825409 472
1585022678904 0.14389094710350037 473
1585022712840 0.14319759607315063 474
1585022746232 0.1418907642364502 475
1585022779708 0.13673852384090424 476
1585022814221 0.13678811490535736 477
1585022847910 0.13844271004199982 478
1585022882241 0.1400037258863449 479
1585022915656 0.13995429873466492 480
1585022949355 0.14293718338012695 481
1585022983320 0.14827565848827362 482
1585023016687 0.1495017409324646 483
1585023049974 0.1453033685684204 484
1585023084593 0.14203333854675293 485
1585023118088 0.13723620772361755 486
1585023151941 0.1419287621974945 487
1585023185565 0.13685105741024017 488
1585023218839 0.13755425810813904 489
1585023252397 0.13956791162490845 490
1585023286142 0.13663241267204285 491
1585023319547 0.13619695603847504 492
1585023353264 0.1410060077905655 493
1585023387343 0.1337108463048935 494
1585023420955 0.1441745162010193 495
1585023454632 0.13291841745376587 496
1585023488301 0.13402210175991058 497
1585023523689 0.13618090748786926 498
1585023556900 0.14453616738319397 499
1585023590364 0.13460245728492737 500
