1585006977312 0.30811119079589844 0
1585007009958 0.4400889277458191 1
1585007042776 0.6125553846359253 2
1585007075861 0.6753479242324829 3
1585007108597 0.67976313829422 4
1585007141031 0.6763565540313721 5
1585007173786 0.67746502161026 6
1585007207455 0.6831059455871582 7
1585007240126 0.6787254810333252 8
1585007272699 0.6789222955703735 9
1585007305326 0.6816486120223999 10
1585007337910 0.6781189441680908 11
1585007370650 0.6922174692153931 12
1585007403315 0.7085525989532471 13
1585007435848 0.7557567358016968 14
1585007468364 0.7917603254318237 15
1585007500718 0.8136444687843323 16
1585007533362 0.8254713416099548 17
1585007566330 0.8358144164085388 18
1585007598922 0.8441662788391113 19
1585007631924 0.8399287462234497 20
1585007664723 0.8405157327651978 21
1585007697428 0.8334925174713135 22
1585007729887 0.8436668515205383 23
1585007762948 0.8493221402168274 24
1585007795588 0.8429816961288452 25
1585007828257 0.8414304256439209 26
1585007861069 0.8395265340805054 27
1585007893607 0.8462639451026917 28
1585007926073 0.8389304876327515 29
1585007959026 0.8445541858673096 30
1585007991578 0.8458762168884277 31
1585008024303 0.8469253182411194 32
1585008057020 0.8501789569854736 33
1585008089563 0.862375020980835 34
1585008121879 0.8526241779327393 35
1585008154887 0.8557478189468384 36
1585008187343 0.8631600141525269 37
1585008219823 0.8622373342514038 38
1585008252653 0.8687312602996826 39
1585008285389 0.8621090054512024 40
1585008317788 0.8656229972839355 41
1585008350417 0.8645972609519958 42
1585008383056 0.8646079897880554 43
1585008415606 0.87181556224823 44
1585008448353 0.8641568422317505 45
1585008480664 0.8660961389541626 46
1585008514629 0.863541305065155 47
1585008547413 0.8674930334091187 48
1585008579969 0.8694703578948975 49
1585008612713 0.8630408048629761 50
1585008645373 0.8769270181655884 51
1585008677825 0.8633998036384583 52
1585008710207 0.8730277419090271 53
1585008743073 0.8741322159767151 54
1585008776088 0.8665273785591125 55
1585008808536 0.8712639808654785 56
1585008841357 0.8775075674057007 57
1585008874146 0.8774157762527466 58
1585008906555 0.8796877861022949 59
1585008939027 0.8787628412246704 60
1585008971647 0.8812602758407593 61
1585009005748 0.8761934041976929 62
1585009038868 0.8709888458251953 63
1585009071546 0.8816362619400024 64
1585009104030 0.8835229277610779 65
1585009137258 0.8804676532745361 66
1585009170352 0.8838282823562622 67
1585009202936 0.8822886347770691 68
1585009235380 0.8828692436218262 69
1585009268116 0.8843706846237183 70
1585009303170 0.8811540603637695 71
1585009335869 0.8858696222305298 72
1585009368328 0.8905380964279175 73
1585009400924 0.8818628191947937 74
1585009433708 0.8880642652511597 75
1585009467014 0.8879895806312561 76
1585009499867 0.8860989809036255 77
1585009532665 0.8910336494445801 78
1585009565759 0.8856076002120972 79
1585009598618 0.8933436274528503 80
1585009631537 0.8890678882598877 81
1585009664364 0.8878271579742432 82
1585009696962 0.8834202289581299 83
1585009729218 0.8884613513946533 84
1585009761657 0.8912025690078735 85
1585009794109 0.891270637512207 86
1585009826885 0.8957464694976807 87
1585009859454 0.8954833149909973 88
1585009892364 0.8919283151626587 89
1585009925270 0.8958422541618347 90
1585009958114 0.8958855867385864 91
1585009990830 0.8996183276176453 92
1585010023535 0.9004803895950317 93
1585010056154 0.8991875648498535 94
1585010088706 0.8999157547950745 95
1585010121813 0.9005671143531799 96
1585010154140 0.9085205793380737 97
1585010186785 0.9018405675888062 98
1585010219370 0.8999854326248169 99
1585010251896 0.9064385890960693 100
1585010284737 0.9019784331321716 101
1585010317106 0.9027566909790039 102
1585010349686 0.902888834476471 103
1585010383327 0.9029256105422974 104
1585010415788 0.9079804420471191 105
1585010448259 0.9088821411132812 106
1585010481096 0.9001752138137817 107
1585010513562 0.908897876739502 108
1585010546101 0.9055671095848083 109
1585010578840 0.9001334309577942 110
1585010611667 0.906303346157074 111
1585010644361 0.9065103530883789 112
1585010676998 0.8992069363594055 113
1585010709734 0.9129229784011841 114
1585010743293 0.9099801778793335 115
1585010776226 0.9061161279678345 116
1585010811837 0.910620927810669 117
1585010844240 0.8978822827339172 118
1585010877045 0.9094924926757812 119
1585010910371 0.9129950404167175 120
1585010943133 0.9120504856109619 121
1585010975897 0.9049681425094604 122
1585011008911 0.9084117412567139 123
1585011041581 0.9138401746749878 124
1585011074146 0.9070384502410889 125
1585011106679 0.9146866798400879 126
1585011139355 0.9164515733718872 127
1585011172001 0.9079399704933167 128
1585011204953 0.914644718170166 129
1585011237687 0.9092857837677002 130
1585011270999 0.9063818454742432 131
1585011303636 0.9118732213973999 132
1585011336379 0.9034191370010376 133
1585011369159 0.905999481678009 134
1585011402117 0.9103391170501709 135
1585011434743 0.9112694263458252 136
1585011467904 0.9151177406311035 137
1585011500669 0.9060244560241699 138
1585011533518 0.916189432144165 139
1585011566064 0.9132440090179443 140
1585011598582 0.913068413734436 141
1585011631278 0.9133685827255249 142
1585011664027 0.9177657961845398 143
1585011697558 0.9163257479667664 144
1585011730639 0.9178391695022583 145
1585011762961 0.9144389629364014 146
1585011795435 0.9129806756973267 147
1585011828523 0.9144387245178223 148
1585011860705 0.9090545773506165 149
1585011893334 0.9104686975479126 150
1585011926055 0.9168368577957153 151
1585011958400 0.9221709966659546 152
1585011991402 0.9219807386398315 153
1585012024049 0.9177566766738892 154
1585012056757 0.9132610559463501 155
1585012089805 0.9139004349708557 156
1585012122319 0.9193655848503113 157
1585012155070 0.925132155418396 158
1585012187961 0.9149919748306274 159
1585012220555 0.921007513999939 160
1585012253163 0.9190210103988647 161
1585012286007 0.919398307800293 162
1585012318648 0.9230331182479858 163
1585012352685 0.9233790636062622 164
1585012385288 0.9219350814819336 165
1585012418261 0.9193878769874573 166
1585012450679 0.9234104156494141 167
1585012482898 0.9214541912078857 168
1585012515245 0.9172351360321045 169
1585012547893 0.9204806685447693 170
1585012580545 0.9175823330879211 171
1585012613384 0.9202605485916138 172
1585012645821 0.917111873626709 173
1585012678922 0.9155356884002686 174
1585012713742 0.922810435295105 175
1585012746339 0.9203838109970093 176
1585012779058 0.9183121919631958 177
1585012811865 0.9185490608215332 178
1585012844128 0.9199248552322388 179
1585012877940 0.9222992658615112 180
1585012910693 0.919477105140686 181
1585012943191 0.928546667098999 182
1585012975657 0.9193289279937744 183
1585013008860 0.9258409738540649 184
1585013041467 0.9189003705978394 185
1585013074083 0.9213963747024536 186
1585013106679 0.9264776706695557 187
1585013139205 0.9228548407554626 188
1585013172419 0.9227002859115601 189
1585013205022 0.922632098197937 190
1585013237610 0.9244637489318848 191
1585013270277 0.9150431156158447 192
1585013303050 0.9244667291641235 193
1585013335633 0.9348793029785156 194
1585013368633 0.9257874488830566 195
1585013401821 0.9272154569625854 196
1585013434707 0.9203274250030518 197
1585013467311 0.9270871877670288 198
1585013500043 0.9239646196365356 199
1585013533552 0.9243668913841248 200
1585013566109 0.9276204109191895 201
1585013598951 0.9207284450531006 202
1585013632349 0.9268001317977905 203
1585013664753 0.9333359003067017 204
1585013697604 0.9231719970703125 205
1585013730090 0.9276204109191895 206
1585013762942 0.9236921072006226 207
1585013795499 0.925965428352356 208
1585013828462 0.9302552938461304 209
1585013861115 0.9235466718673706 210
1585013893985 0.9261724948883057 211
1585013926408 0.9305057525634766 212
1585013958907 0.9264136552810669 213
1585013991393 0.919579267501831 214
1585014023805 0.929976224899292 215
1585014055907 0.9252302646636963 216
1585014088582 0.9283959865570068 217
1585014121222 0.9258699417114258 218
1585014153746 0.9328091144561768 219
1585014186695 0.9246864914894104 220
1585014219170 0.9328430891036987 221
1585014251601 0.9305357336997986 222
1585014284837 0.9324133992195129 223
1585014318110 0.9290183782577515 224
1585014351864 0.9252172708511353 225
1585014384490 0.9342557191848755 226
1585014417224 0.9213571548461914 227
1585014450743 0.9257597327232361 228
1585014483106 0.9267594218254089 229
1585014515569 0.9234929084777832 230
1585014547904 0.934004008769989 231
1585014580308 0.9272822737693787 232
1585014613077 0.9310466647148132 233
1585014646484 0.9284523725509644 234
1585014679059 0.9319390058517456 235
1585014711602 0.9272902011871338 236
1585014744283 0.9338939189910889 237
1585014777167 0.9323410987854004 238
1585014809602 0.9305109977722168 239
1585014842203 0.9282584190368652 240
1585014875040 0.9262157678604126 241
1585014907973 0.9301151037216187 242
1585014940486 0.9321486949920654 243
1585014973375 0.9316167831420898 244
1585015006034 0.9289672374725342 245
1585015039922 0.9342583417892456 246
1585015072681 0.9347718358039856 247
1585015105093 0.9315630197525024 248
1585015137760 0.9244953393936157 249
1585015170315 0.9343224763870239 250
1585015202884 0.9340904951095581 251
1585015235454 0.9288270473480225 252
1585015268121 0.935147762298584 253
1585015300587 0.9344102740287781 254
1585015333497 0.9356889724731445 255
1585015366363 0.934199333190918 256
1585015398755 0.9310349225997925 257
1585015431507 0.9219977855682373 258
1585015463964 0.9335612058639526 259
1585015496591 0.9297311305999756 260
1585015530266 0.9312983155250549 261
1585015564882 0.9252185225486755 262
1585015598099 0.9327960014343262 263
1585015631320 0.9352161884307861 264
1585015664382 0.9370084404945374 265
1585015697815 0.9412956833839417 266
1585015731205 0.9345595836639404 267
1585015764323 0.9353994727134705 268
1585015797499 0.933242678642273 269
1585015830761 0.937423825263977 270
1585015865287 0.9363967776298523 271
1585015900990 0.930677056312561 272
1585015936043 0.9427540302276611 273
1585015969347 0.929107666015625 274
1585016002524 0.9373517036437988 275
1585016035549 0.9306339621543884 276
1585016068741 0.934826672077179 277
1585016102886 0.9271066188812256 278
1585016136228 0.9314109086990356 279
1585016170588 0.9365760684013367 280
1585016203942 0.93413245677948 281
1585016237455 0.937439501285553 282
1585016270844 0.9382952451705933 283
1585016305380 0.9367687702178955 284
1585016339899 0.9343812465667725 285
1585016373716 0.9374802112579346 286
1585016407564 0.9349067807197571 287
1585016441671 0.9308696389198303 288
1585016475247 0.937355637550354 289
1585016508733 0.934628963470459 290
1585016542383 0.9329937100410461 291
1585016576154 0.9339084625244141 292
1585016610009 0.9319523572921753 293
1585016644488 0.9326910972595215 294
1585016678546 0.940092921257019 295
1585016712064 0.9382257461547852 296
1585016746161 0.9416455030441284 297
1585016780400 0.9384471774101257 298
1585016814142 0.9331365823745728 299
1585016847575 0.9324697256088257 300
1585016881430 0.9394650459289551 301
1585016915205 0.9362406134605408 302
1585016948691 0.9377396106719971 303
1585016982516 0.9345739483833313 304
1585017016473 0.9414936304092407 305
1585017050164 0.9382834434509277 306
1585017083517 0.942481517791748 307
1585017117013 0.9373793601989746 308
1585017150339 0.9319543838500977 309
1585017183836 0.9391598701477051 310
1585017217586 0.9390865564346313 311
1585017251014 0.933233380317688 312
1585017284509 0.9381759166717529 313
1585017318255 0.944406270980835 314
1585017352251 0.9387274980545044 315
1585017385859 0.9414936304092407 316
1585017419270 0.9424237012863159 317
1585017452739 0.9367424249649048 318
1585017486075 0.9349381923675537 319
1585017519445 0.939465343952179 320
1585017553104 0.9403838515281677 321
1585017586606 0.9415040016174316 322
1585017621099 0.9394088983535767 323
1585017654648 0.9402278661727905 324
1585017688345 0.9401046633720398 325
1585017721599 0.9415066242218018 326
1585017755330 0.944154679775238 327
1585017788657 0.938165545463562 328
1585017822384 0.9331130385398865 329
1585017855752 0.945246160030365 330
1585017889013 0.9398269057273865 331
1585017922300 0.940418004989624 332
1585017957706 0.9410048723220825 333
1585017990969 0.9409393072128296 334
1585018024819 0.9453404545783997 335
1585018058231 0.9311344027519226 336
1585018092072 0.9341087937355042 337
1585018125460 0.9339408874511719 338
1585018158932 0.9411029815673828 339
1585018192603 0.9380738735198975 340
1585018226277 0.9363231062889099 341
1585018259916 0.948418378829956 342
1585018293354 0.9419640302658081 343
1585018326926 0.9387471675872803 344
1585018360702 0.9384288787841797 345
1585018395408 0.9314013123512268 346
1585018429797 0.9412314891815186 347
1585018462985 0.9441835880279541 348
1585018496229 0.9423937797546387 349
1585018530454 0.9451452493667603 350
1585018564191 0.9489176273345947 351
1585018597454 0.9431602954864502 352
1585018630711 0.9419389963150024 353
1585018664232 0.9388847351074219 354
1585018698270 0.9460573196411133 355
1585018732180 0.9379832744598389 356
1585018765478 0.9488363862037659 357
1585018798956 0.9474120736122131 358
1585018833568 0.9518212080001831 359
1585018867409 0.9490616321563721 360
1585018900943 0.9422601461410522 361
1585018934183 0.9452934265136719 362
1585018968241 0.9460899233818054 363
1585019002029 0.9463508129119873 364
1585019036111 0.9448386430740356 365
1585019069657 0.9402710199356079 366
1585019103480 0.9541822671890259 367
1585019136912 0.9448556900024414 368
1585019170697 0.942672848701477 369
1585019204606 0.9442673921585083 370
1585019238205 0.9471120238304138 371
1585019271854 0.9418405890464783 372
1585019305749 0.9536961913108826 373
1585019339021 0.9450352191925049 374
1585019372303 0.9466835856437683 375
1585019406341 0.94431471824646 376
1585019440487 0.9422992467880249 377
1585019474340 0.9447730779647827 378
1585019507516 0.94399493932724 379
1585019540912 0.9460586309432983 380
1585019575030 0.9435887336730957 381
1585019608524 0.9508646726608276 382
1585019642140 0.9464359283447266 383
1585019675953 0.9509210586547852 384
1585019709737 0.940171480178833 385
1585019743510 0.9485061168670654 386
1585019777243 0.9424107074737549 387
1585019811763 0.9510035514831543 388
1585019845521 0.9471735954284668 389
1585019879417 0.9444206953048706 390
1585019913547 0.9473503828048706 391
1585019948111 0.9408555626869202 392
1585019981838 0.948337197303772 393
1585020015202 0.9474645256996155 394
1585020048833 0.9528915882110596 395
1585020082598 0.951560378074646 396
1585020116513 0.947212815284729 397
1585020150013 0.942413330078125 398
1585020183640 0.9452305436134338 399
1585020217140 0.9493814706802368 400
1585020251598 0.946006178855896 401
1585020285517 0.9448961019515991 402
1585020318921 0.945116400718689 403
1585020352368 0.9532127380371094 404
1585020385947 0.9446750283241272 405
1585020419712 0.9467844367027283 406
1585020453175 0.947435736656189 407
1585020486873 0.9433542490005493 408
1585020520403 0.9461042881011963 409
1585020554648 0.9505725502967834 410
1585020588500 0.9480738043785095 411
1585020622808 0.9530881643295288 412
1585020656183 0.9431482553482056 413
1585020689497 0.9545595645904541 414
1585020722939 0.9481339454650879 415
1585020756225 0.9483122229576111 416
1585020789591 0.9486174583435059 417
1585020823795 0.9508816003799438 418
1585020857743 0.943101167678833 419
1585020891408 0.9467856884002686 420
1585020925379 0.9484053254127502 421
1585020958635 0.951628565788269 422
1585020992626 0.9566272497177124 423
1585021026701 0.9507414102554321 424
1585021060705 0.9508265256881714 425
1585021094189 0.9528417587280273 426
1585021127611 0.9408829212188721 427
1585021160869 0.9495621919631958 428
1585021195281 0.9511910080909729 429
1585021229384 0.9557414054870605 430
1585021263239 0.9450101852416992 431
1585021296976 0.9427840709686279 432
1585021330735 0.9520465135574341 433
1585021364278 0.9470908641815186 434
1585021397739 0.9529192447662354 435
1585021431399 0.9512419700622559 436
1585021464951 0.9490891098976135 437
1585021499541 0.9499501585960388 438
1585021532724 0.9492713809013367 439
1585021566134 0.9496697187423706 440
1585021599506 0.9436594247817993 441
1585021633404 0.9480631947517395 442
1585021667242 0.9498099088668823 443
1585021701156 0.9490170478820801 444
1585021735178 0.9457270503044128 445
1585021769692 0.9493656158447266 446
1585021803304 0.9484694004058838 447
1585021836449 0.9484667778015137 448
1585021870044 0.9507189989089966 449
1585021903439 0.9432834386825562 450
1585021936657 0.9532861113548279 451
1585021970038 0.9511975049972534 452
1585022003258 0.9553234577178955 453
1585022037116 0.9460743069648743 454
1585022070680 0.9559197425842285 455
1585022103947 0.9531286358833313 456
1585022138131 0.9528103470802307 457
1585022171811 0.9530161619186401 458
1585022205784 0.9487839341163635 459
1585022239953 0.9501373767852783 460
1585022273619 0.9518906474113464 461
1585022307192 0.9509223699569702 462
1585022341190 0.9488099813461304 463
1585022376051 0.9569337368011475 464
1585022409713 0.9465891122817993 465
1585022443361 0.9462709426879883 466
1585022476884 0.954060435295105 467
1585022511214 0.9489779472351074 468
1585022544788 0.9440615177154541 469
1585022578472 0.9495071172714233 470
1585022612009 0.9571527242660522 471
1585022645700 0.954961895942688 472
1585022678904 0.9518932700157166 473
1585022712840 0.9491846561431885 474
1585022746232 0.9510467052459717 475
1585022779708 0.9580725431442261 476
1585022814221 0.9549906253814697 477
1585022847910 0.9504255652427673 478
1585022882241 0.9526702165603638 479
1585022915656 0.9571002721786499 480
1585022949355 0.9521603584289551 481
1585022983320 0.9469666481018066 482
1585023016687 0.941470742225647 483
1585023049974 0.9497283101081848 484
1585023084593 0.9466325044631958 485
1585023118088 0.953105092048645 486
1585023151941 0.947228729724884 487
1585023185565 0.950647234916687 488
1585023218839 0.9521316885948181 489
1585023252397 0.9479532241821289 490
1585023286142 0.9519927501678467 491
1585023319547 0.9549605846405029 492
1585023353264 0.9479610919952393 493
1585023387343 0.9534773826599121 494
1585023420955 0.9512314796447754 495
1585023454632 0.954090416431427 496
1585023488301 0.9573937654495239 497
1585023523689 0.9558541774749756 498
1585023556900 0.9485899209976196 499
1585023590364 0.9505147933959961 500
