1585174818240 0.28348657488822937 0
1585174850443 0.42678162455558777 1
1585174882550 0.6142145395278931 2
1585174914582 0.67954021692276 3
1585174946614 0.676436722278595 4
1585174978694 0.6772413849830627 5
1585175010890 0.677241325378418 6
1585175042991 0.6796551942825317 7
1585175075432 0.676436722278595 8
1585175107596 0.6812644004821777 9
1585175139284 0.6756321787834167 10
1585175171371 0.680766224861145 11
1585175203020 0.6963217854499817 12
1585175235196 0.6991570591926575 13
1585175267066 0.7262069582939148 14
1585175298997 0.7579310536384583 15
1585175331228 0.7760153412818909 16
1585175362591 0.7924520969390869 17
1585175394923 0.7950958013534546 18
1585175428324 0.8160919547080994 19
1585175460405 0.802758514881134 20
