1585174829462 0.3327358365058899 0
1585174861809 0.4533962607383728 1
1585174893797 0.6108961701393127 2
1585174925955 0.6711556911468506 3
1585174957851 0.683089554309845 4
1585174989935 0.6754716634750366 5
1585175022173 0.677688717842102 6
1585175054285 0.6865566372871399 7
1585175086671 0.6810141801834106 8
1585175118734 0.6765801906585693 9
1585175150611 0.6876651048660278 10
1585175182687 0.6754717230796814 11
1585175214343 0.6881131529808044 12
1585175246280 0.7179480791091919 13
1585175278404 0.7853065729141235 14
1585175310461 0.8255895972251892 15
1585175342120 0.8512735962867737 16
1585175373826 0.8584905862808228 17
1585175407496 0.876533031463623 18
1585175439426 0.8722405433654785 19
