1585174829462 0.027248883619904518 0
1585174861809 0.005162789952009916 1
1585174893797 0.0029155605006963015 2
1585174925955 0.004876166582107544 3
1585174957851 0.009218226186931133 4
1585174989935 0.014619134366512299 5
1585175022173 0.014036579057574272 6
1585175054285 0.00861402228474617 7
1585175086671 0.005139211192727089 8
1585175118734 0.0018668542616069317 9
1585175150611 0.004083855543285608 10
1585175182687 0.004304359667003155 11
1585175214343 0.00766279362142086 12
1585175246280 0.013428299687802792 13
1585175278404 0.01796228066086769 14
1585175310461 0.021438414230942726 15
1585175342120 0.02346467599272728 16
1585175373826 0.02509208768606186 17
1585175407496 0.026517488062381744 18
1585175439426 0.025525305420160294 19
