1585174818240 0.03446386754512787 0
1585174850443 0.008651548065245152 1
1585174882550 0.006249952130019665 2
1585174914582 0.010491324588656425 3
1585174946614 0.016841942444443703 4
1585174978694 0.024015722796320915 5
1585175010890 0.023849589750170708 6
1585175042991 0.014409825205802917 7
1585175075432 0.01124334242194891 8
1585175107596 0.004561466630548239 9
1585175139284 0.0033765940461307764 10
1585175171371 0.001988479634746909 11
1585175203020 0.004057682119309902 12
1585175235196 0.007535768207162619 13
1585175267066 0.011294458992779255 14
1585175298997 0.013886358588933945 15
1585175331228 0.015702281147241592 16
1585175362591 0.017148489132523537 17
1585175394923 0.017338179051876068 18
1585175428324 0.01791561022400856 19
1585175460405 0.017161458730697632 20
