1585174818240 0.8505749702453613 0
1585174850443 0.7582588195800781 1
1585174882550 0.7078867554664612 2
1585174914582 0.6801301836967468 3
1585174946614 0.6754475235939026 4
1585174978694 0.6602656841278076 5
1585175010890 0.6457200646400452 6
1585175042991 0.6216797232627869 7
1585175075432 0.6052224636077881 8
1585175107596 0.5718501210212708 9
1585175139284 0.5562986135482788 10
1585175171371 0.5302959084510803 11
1585175203020 0.5130652189254761 12
1585175235196 0.4972380995750427 13
1585175267066 0.4811260402202606 14
1585175298997 0.47060686349868774 15
1585175331228 0.4617390036582947 16
1585175362591 0.4516615867614746 17
1585175394923 0.44345393776893616 18
1585175428324 0.4297003746032715 19
1585175460405 0.42340755462646484 20
