1585174829462 0.8315979242324829 0
1585174861809 0.7384100556373596 1
1585174893797 0.6876856088638306 2
1585174925955 0.6595292091369629 3
1585174957851 0.6449902057647705 4
1585174989935 0.6386979222297668 5
1585175022173 0.6186585426330566 6
1585175054285 0.5867530703544617 7
1585175086671 0.5716400146484375 8
1585175118734 0.5527991056442261 9
1585175150611 0.5212072730064392 10
1585175182687 0.5071694254875183 11
1585175214343 0.4858704209327698 12
1585175246280 0.46813687682151794 13
1585175278404 0.4556286334991455 14
1585175310461 0.44511324167251587 15
1585175342120 0.4364745020866394 16
1585175373826 0.4260742962360382 17
1585175407496 0.4143030345439911 18
1585175439426 0.40266454219818115 19
