1585174837344 0.8410864472389221 0
1585174869602 0.7483344078063965 1
1585174901593 0.6977862119674683 2
1585174933736 0.6698297262191772 3
1585174965736 0.6602188348770142 4
1585174997763 0.6494817733764648 5
1585175030027 0.6321892738342285 6
1585175062113 0.6042163968086243 7
1585175094586 0.5884312391281128 8
1585175126339 0.5623246431350708 9
1585175158356 0.5387529134750366 10
1585175190408 0.5187326669692993 11
1585175222140 0.4994678199291229 12
1585175254139 0.48268747329711914 13
1585175286226 0.46837735176086426 14
1585175318286 0.4578600525856018 15
1585175349918 0.44910675287246704 16
1585175381876 0.4388679265975952 17
1585175415296 0.4288784861564636 18
1585175447361 0.4161824584007263 19
