1585174837344 0.30811119079589844 0
1585174869602 0.4400889277458191 1
1585174901593 0.6125553846359253 2
1585174933736 0.6753479242324829 3
1585174965736 0.67976313829422 4
1585174997763 0.6763565540313721 5
1585175030027 0.67746502161026 6
1585175062113 0.6831059455871582 7
1585175094586 0.6787254810333252 8
1585175126339 0.6789222955703735 9
1585175158356 0.6816486120223999 10
1585175190408 0.6781189441680908 11
1585175222140 0.6922174692153931 12
1585175254139 0.7085525989532471 13
1585175286226 0.7557567358016968 14
1585175318286 0.7917603254318237 15
1585175349918 0.8136444687843323 16
1585175381876 0.8254713416099548 17
1585175415296 0.8358144164085388 18
1585175447361 0.8441662788391113 19
