1585174837344 0.03085637465119362 0
1585174869602 0.00690716877579689 1
1585174901593 0.004582756198942661 2
1585174933736 0.007683745585381985 3
1585174965736 0.01303008385002613 4
1585174997763 0.01931742951273918 5
1585175030027 0.01894308440387249 6
1585175062113 0.011511923745274544 7
1585175094586 0.008191276341676712 8
1585175126339 0.0032141604460775852 9
1585175158356 0.003730224911123514 10
1585175190408 0.0031464197672903538 11
1585175222140 0.005860237870365381 12
1585175254139 0.010482033714652061 13
1585175286226 0.014628369361162186 14
1585175318286 0.01766238734126091 15
1585175349918 0.019583478569984436 16
1585175381876 0.021120287477970123 17
1585175415296 0.021927833557128906 18
1585175447361 0.021720457822084427 19
