1585068276519 0.3327358365058899 0
1585068308371 0.4533962607383728 1
1585068340735 0.6108961701393127 2
1585068372718 0.6711556911468506 3
1585068404971 0.683089554309845 4
1585068436837 0.6754716634750366 5
1585068468695 0.677688717842102 6
1585068500663 0.6865566372871399 7
1585068532364 0.6810141801834106 8
1585068563841 0.6765801906585693 9
1585068595140 0.6876651048660278 10
1585068626711 0.6754717230796814 11
1585068658575 0.6881131529808044 12
1585068690389 0.7179480791091919 13
1585068722407 0.7853065729141235 14
1585068754725 0.8255895972251892 15
1585068786618 0.8512735962867737 16
1585068818126 0.8584905862808228 17
1585068850701 0.876533031463623 18
1585068882228 0.8722405433654785 19
1585068914279 0.8770990371704102 20
1585068946337 0.8698821067810059 21
1585068978455 0.8601650595664978 22
1585069011000 0.8733490109443665 23
1585069042936 0.8700235486030579 24
1585069074949 0.8643159866333008 25
1585069106596 0.8673820495605469 26
1585069138842 0.8670990467071533 27
1585069170852 0.8672405481338501 28
1585069202905 0.8523820638656616 29
1585069235341 0.8647405505180359 30
1585069267189 0.8562735319137573 31
1585069299603 0.865306556224823 32
1585069331422 0.8744574785232544 33
1585069363398 0.8772405385971069 34
1585069395002 0.8572406768798828 35
1585069427065 0.874599039554596 36
1585069458907 0.8841744661331177 37
1585069490748 0.8820990920066833 38
1585069522700 0.8805660009384155 39
1585069554752 0.8819575309753418 40
1585069586405 0.8780660033226013 41
1585069618464 0.8772405385971069 42
1585069650507 0.8795991539955139 43
1585069682619 0.8805660009384155 44
1585069714977 0.8787735104560852 45
1585069747011 0.8782075643539429 46
1585069779274 0.8809905648231506 47
1585069811431 0.8877829313278198 48
1585069844229 0.8759905695915222 49
1585069876627 0.8647406101226807 50
1585069914116 0.8769575357437134 51
1585069956562 0.8807076215744019 52
1585069997665 0.876132071018219 53
1585070030184 0.8816744685173035 54
1585070062936 0.8747406005859375 55
1585070095868 0.8772405982017517 56
1585070129215 0.8868159651756287 57
1585070161613 0.8834905624389648 58
1585070194395 0.8816744685173035 59
1585070227093 0.8848820328712463 60
1585070259558 0.8820990324020386 61
1585070291676 0.8786320686340332 62
1585070325064 0.8800235986709595 63
1585070357751 0.8933491110801697 64
1585070390190 0.8868159651756287 65
1585070422855 0.8833490610122681 66
1585070455628 0.8894574642181396 67
1585070488367 0.8907074928283691 68
1585070521614 0.8905660510063171 69
1585070554055 0.8893159627914429 70
1585070586582 0.881273627281189 71
1585070618959 0.8918160200119019 72
1585070651690 0.8919575214385986 73
1585070689545 0.8812735676765442 74
1585070730711 0.8941745162010193 75
1585070774298 0.8876650333404541 76
1585070817163 0.8875235915184021 77
1585070863604 0.8941745162010193 78
1585070908008 0.8832075595855713 79
1585070945909 0.889599084854126 80
1585070978469 0.8944575786590576 81
1585071010772 0.895424485206604 82
1585071043382 0.899599015712738 83
1585071076286 0.878915011882782 84
1585071108775 0.8905660510063171 85
1585071141016 0.8929244875907898 86
1585071173295 0.8957074880599976 87
1585071212685 0.8897405862808228 88
1585071255627 0.8858490586280823 89
1585071298004 0.8957074880599976 90
1585071341856 0.889740526676178 91
1585071382802 0.9004244804382324 92
1585071415757 0.9004244804382324 93
1585071447726 0.896957516670227 94
1585071480342 0.8884905576705933 95
1585071512599 0.8884905576705933 96
1585071545006 0.900566041469574 97
1585071577676 0.9004244804382324 98
1585071610475 0.891273558139801 99
1585071646617 0.901957631111145 100
1585071688222 0.8955660462379456 101
1585071733046 0.8968160152435303 102
1585071774917 0.8936320543289185 103
1585071819744 0.8932075500488281 104
1585071861726 0.9054244756698608 105
1585071903111 0.9043160080909729 106
1585071949769 0.8993160128593445 107
1585071987499 0.9107075929641724 108
1585072020481 0.8984905481338501 109
1585072052852 0.8957074880599976 110
1585072085731 0.8945990204811096 111
1585072118079 0.8994574546813965 112
1585072150539 0.8984905481338501 113
1585072183248 0.9054244756698608 114
1585072215815 0.9057074785232544 115
1585072247961 0.9040330052375793 116
1585072282054 0.9033491015434265 117
1585072314492 0.8991745114326477 118
1585072347121 0.9065329432487488 119
1585072379512 0.9044575691223145 120
1585072412852 0.9045990705490112 121
1585072445668 0.9044574499130249 122
1585072478308 0.9019575119018555 123
1585072519324 0.9091745018959045 124
1585072562058 0.9033490419387817 125
1585072605429 0.9043159484863281 126
1585072651347 0.910565972328186 127
1585072691864 0.900707483291626 128
1585072736578 0.8991745114326477 129
1585072781578 0.903207540512085 130
1585072822911 0.9077829718589783 131
1585072855366 0.9020990133285522 132
1585072888161 0.902240514755249 133
1585072920966 0.9023820757865906 134
1585072953596 0.9016745090484619 135
1585072986227 0.9040330052375793 136
1585073018987 0.9093160033226013 137
1585073051865 0.9022405743598938 138
1585073084369 0.9119575023651123 139
1585073116909 0.9044574499130249 140
1585073149323 0.8923820853233337 141
1585073190907 0.8994574546813965 142
1585073234572 0.9187500476837158 143
1585073274976 0.9066745042800903 144
1585073315669 0.9066744446754456 145
1585073359349 0.903207540512085 146
1585073403122 0.9069575071334839 147
1585073449487 0.911674439907074 148
1585073487645 0.9043160080909729 149
1585073519992 0.900707483291626 150
1585073551533 0.9052829742431641 151
1585073583031 0.9129244685173035 152
1585073614916 0.9118160009384155 153
1585073646743 0.9068160057067871 154
1585073678549 0.9097406268119812 155
1585073710253 0.9084905982017517 156
1585073742302 0.9152829051017761 157
1585073774597 0.916815996170044 158
1585073806662 0.9154245257377625 159
1585073838763 0.9069575071334839 160
1585073870931 0.9068160653114319 161
1585073903194 0.9069575071334839 162
1585073934747 0.9129244685173035 163
1585073966371 0.9202829599380493 164
1585073999448 0.911532998085022 165
1585074031257 0.9061320424079895 166
1585074063176 0.9130659699440002 167
1585074095223 0.9083490967750549 168
1585074126842 0.8973820805549622 169
1585074158988 0.9119575023651123 170
1585074190744 0.9036321043968201 171
1585074222571 0.9084905385971069 172
1585074254232 0.9012735486030579 173
1585074286232 0.9057074785232544 174
1585074318122 0.9116744995117188 175
1585074349933 0.9045990705490112 176
1585074381904 0.9068160057067871 177
1585074413786 0.9140329957008362 178
1585074446640 0.9204245209693909 179
1585074478743 0.913066029548645 180
1585074510677 0.9116744995117188 181
1585074542723 0.9177829623222351 182
1585074574577 0.9157075881958008 183
1585074606625 0.916815996170044 184
1585074638576 0.9084905385971069 185
1585074670233 0.9068159461021423 186
1585074702370 0.9177829623222351 187
1585074734425 0.9130659699440002 188
1585074766363 0.914174497127533 189
1585074798711 0.9118160009384155 190
1585074830441 0.9215329885482788 191
1585074862356 0.8928065896034241 192
1585074895065 0.9108490943908691 193
1585074927073 0.9216744899749756 194
1585074958992 0.9134905338287354 195
1585074990975 0.9143159985542297 196
1585075023113 0.9119575023651123 197
1585075054935 0.9241744875907898 198
1585075086946 0.914174497127533 199
1585075118705 0.914174497127533 200
1585075152208 0.9120990633964539 201
1585075184143 0.913066029548645 202
1585075216328 0.9157075881958008 203
1585075248366 0.9177830219268799 204
1585075280401 0.9154245257377625 205
1585075312547 0.9120990633964539 206
1585075344574 0.9147405624389648 207
1585075377867 0.9118159413337708 208
1585075410149 0.9229244589805603 209
1585075442014 0.907783031463623 210
1585075473831 0.9166744947433472 211
1585075506054 0.9218159914016724 212
1585075538242 0.9136320352554321 213
1585075570869 0.9145990610122681 214
1585075603766 0.9190329313278198 215
1585075636529 0.913066029548645 216
1585075669146 0.9155659675598145 217
1585075702141 0.9133490324020386 218
1585075734787 0.9227829575538635 219
1585075767305 0.9227830171585083 220
1585075799820 0.9233490228652954 221
1585075832442 0.9157074689865112 222
1585075865039 0.9172406196594238 223
1585075897608 0.9190329909324646 224
1585075930029 0.9144575595855713 225
1585075962732 0.9193160533905029 226
1585075995663 0.9094575643539429 227
1585076028433 0.9158490300178528 228
1585076061083 0.9194575548171997 229
1585076093531 0.9129244685173035 230
1585076126017 0.9215329885482788 231
1585076158620 0.9177829623222351 232
1585076192231 0.9227830171585083 233
1585076224867 0.9182075262069702 234
1585076257412 0.9182075262069702 235
1585076289965 0.9111320972442627 236
1585076322575 0.9240330457687378 237
1585076355026 0.926674485206604 238
1585076387619 0.9173820614814758 239
1585076420803 0.9219574928283691 240
1585076453118 0.9107074737548828 241
1585076485934 0.9215329885482788 242
1585076518275 0.920849084854126 243
1585076551190 0.9218160510063171 244
1585076583646 0.9119575023651123 245
1585076617188 0.9170989990234375 246
1585076649616 0.9219574928283691 247
1585076682455 0.9169574975967407 248
1585076715183 0.9158490300178528 249
1585076747598 0.9227829575538635 250
1585076780399 0.9180660247802734 251
1585076813123 0.9205659627914429 252
1585076846389 0.9232075214385986 253
1585076879238 0.9182075262069702 254
1585076911962 0.9257075786590576 255
1585076944369 0.926674485206604 256
1585076977113 0.913066029548645 257
1585077009822 0.9170990586280823 258
1585077042591 0.9168159365653992 259
1585077075313 0.9157074689865112 260
1585077108013 0.9205660223960876 261
1585077140407 0.9233490228652954 262
1585077173121 0.9241744875907898 263
1585077205885 0.9170990586280823 264
1585077238502 0.9194575548171997 265
1585077271443 0.9327829480171204 266
1585077303890 0.9215329885482788 267
1585077336325 0.920990526676178 268
1585077368896 0.9255659580230713 269
1585077401307 0.9280660152435303 270
1585077433776 0.9183490872383118 271
1585077466147 0.9244575500488281 272
1585077499640 0.9290329813957214 273
1585077531969 0.9048820734024048 274
1585077565125 0.9290329813957214 275
1585077598231 0.9219576120376587 276
1585077630671 0.9241744875907898 277
1585077663278 0.9157074689865112 278
1585077695788 0.9243160486221313 279
1585077728205 0.9255659580230713 280
1585077760772 0.9232075214385986 281
1585077793376 0.9244575500488281 282
1585077825936 0.9315329790115356 283
1585077859024 0.9229245185852051 284
1585077891485 0.9216744899749756 285
1585077924221 0.930707573890686 286
1585077956528 0.9177829623222351 287
1585077989291 0.9218159914016724 288
1585078022898 0.9257074594497681 289
1585078055457 0.9227829575538635 290
1585078088219 0.9255660176277161 291
1585078120914 0.9230659604072571 292
1585078154718 0.9183490872383118 293
1585078187593 0.9122405648231506 294
1585078220202 0.920990526676178 295
1585078252814 0.9302829504013062 296
1585078285388 0.9268159866333008 297
1585078318090 0.9326415061950684 298
1585078351322 0.9247405529022217 299
1585078384210 0.9098820686340332 300
1585078417493 0.9304244518280029 301
1585078450150 0.9290330410003662 302
1585078483424 0.9315329790115356 303
1585078516196 0.9290330410003662 304
1585078550023 0.9257075786590576 305
1585078582686 0.9218159914016724 306
1585078615115 0.9295991063117981 307
1585078647533 0.926674485206604 308
1585078680647 0.9230659604072571 309
1585078713473 0.9293160438537598 310
1585078746004 0.9313914775848389 311
1585078778909 0.9220990538597107 312
1585078811347 0.9220990538597107 313
1585078843944 0.9315329790115356 314
1585078877668 0.9254244565963745 315
1585078910130 0.9257075786590576 316
1585078942755 0.9280659556388855 317
1585078975433 0.9241744875907898 318
1585079007969 0.9205660223960876 319
1585079040737 0.9219574928283691 320
1585079073111 0.9245991110801697 321
1585079105569 0.9265329837799072 322
1585079137987 0.929315984249115 323
1585079171383 0.9268159866333008 324
1585079203724 0.9307074546813965 325
1585079236444 0.9243160486221313 326
1585079269154 0.9337500333786011 327
1585079301731 0.9212735891342163 328
1585079334250 0.9153066277503967 329
1585079367050 0.9309905171394348 330
1585079399786 0.9257074594497681 331
1585079432658 0.9263915419578552 332
1585079465204 0.9291744828224182 333
1585079497936 0.9245990514755249 334
1585079530680 0.9305660128593445 335
1585079563196 0.928207516670227 336
1585079595451 0.9222405552864075 337
1585079628184 0.9232075214385986 338
1585079660579 0.9354244470596313 339
1585079693033 0.929174542427063 340
1585079725705 0.9288914799690247 341
1585079758196 0.937641441822052 342
1585079791002 0.9280660152435303 343
1585079823668 0.9284905791282654 344
1585079856838 0.9187735915184021 345
1585079890569 0.929315984249115 346
1585079924247 0.9270990490913391 347
1585079957004 0.9302829504013062 348
1585079989580 0.9341744780540466 349
1585080021889 0.9354244470596313 350
1585080054342 0.9350000023841858 351
1585080086833 0.9257075786590576 352
1585080119252 0.928207516670227 353
1585080151696 0.9220989942550659 354
1585080184111 0.9451414346694946 355
1585080216564 0.9247405529022217 356
1585080249438 0.9340329766273499 357
1585080282357 0.9283490777015686 358
1585080314764 0.9388914704322815 359
1585080347354 0.9330659508705139 360
1585080380184 0.9272406101226807 361
1585080412837 0.9313915371894836 362
1585080445494 0.926815927028656 363
1585080477907 0.9365330338478088 364
1585080510505 0.9354245066642761 365
1585080543054 0.929315984249115 366
1585080575803 0.9413914680480957 367
1585080608376 0.930707573890686 368
1585080641066 0.9280660152435303 369
1585080674180 0.9390329718589783 370
1585080706856 0.9324999451637268 371
1585080739535 0.9404245018959045 372
1585080772029 0.9426414370536804 373
1585080804655 0.9294575452804565 374
1585080837581 0.9352829456329346 375
1585080870324 0.9297405481338501 376
1585080903341 0.9330659508705139 377
1585080935939 0.930849015712738 378
1585080968571 0.9295991063117981 379
1585081000963 0.9340329766273499 380
1585081033798 0.9329245090484619 381
1585081066251 0.9377830028533936 382
1585081099811 0.9341744780540466 383
1585081132177 0.9304245114326477 384
1585081164797 0.924174427986145 385
1585081197547 0.9330659508705139 386
1585081230118 0.9294575452804565 387
1585081262546 0.9402830004692078 388
1585081295279 0.9307074546813965 389
1585081327807 0.9390329718589783 390
1585081360402 0.940141499042511 391
1585081392931 0.9258490800857544 392
1585081427715 0.9366745352745056 393
1585081460162 0.9343159794807434 394
1585081492774 0.9426414966583252 395
1585081525139 0.939174473285675 396
1585081557775 0.9365329742431641 397
1585081590535 0.9272405505180359 398
1585081623899 0.9345990419387817 399
1585081656757 0.9332075119018555 400
1585081689339 0.9380660057067871 401
1585081721768 0.9354244470596313 402
1585081754120 0.9304244518280029 403
1585081786436 0.941674530506134 404
1585081818750 0.9245991110801697 405
1585081851289 0.9393159747123718 406
1585081883607 0.939315915107727 407
1585081915800 0.931957483291626 408
1585081948662 0.9343159794807434 409
1585081981817 0.9352830052375793 410
1585082014199 0.9391744136810303 411
1585082046679 0.9366744756698608 412
1585082079398 0.934457540512085 413
1585082111855 0.9415329694747925 414
1585082144413 0.9369574785232544 415
1585082176723 0.9368159770965576 416
1585082209185 0.9379245042800903 417
1585082241456 0.9330660104751587 418
1585082273909 0.9352829456329346 419
1585082306520 0.928207516670227 420
1585082339234 0.9290329813957214 421
1585082371792 0.9415329694747925 422
1585082404217 0.9426414370536804 423
1585082436785 0.941674530506134 424
1585082469358 0.9393159747123718 425
1585082502369 0.9444575309753418 426
1585082535659 0.9219574928283691 427
1585082568097 0.9393159747123718 428
1585082600636 0.9323820471763611 429
1585082634259 0.9416744709014893 430
1585082666529 0.9295990467071533 431
1585082699215 0.9329245090484619 432
1585082731774 0.9379245042800903 433
1585082764343 0.929315984249115 434
1585082796974 0.9402830004692078 435
1585082829533 0.9379245042800903 436
1585082862400 0.939174473285675 437
1585082894826 0.941815972328186 438
1585082927643 0.9357075691223145 439
1585082960290 0.9390329718589783 440
1585082993415 0.9330660104751587 441
1585083025912 0.9368160367012024 442
1585083058436 0.9404245018959045 443
1585083090976 0.9401414394378662 444
1585083124042 0.9341744780540466 445
1585083156622 0.9352830052375793 446
1585083189091 0.9334905743598938 447
1585083221867 0.9357074499130249 448
1585083254560 0.9395990371704102 449
1585083287099 0.9318159818649292 450
1585083320015 0.9395990371704102 451
1585083352677 0.9365329742431641 452
1585083387298 0.9452829957008362 453
1585083420316 0.9304244518280029 454
1585083452844 0.9415329694747925 455
1585083485332 0.9413914680480957 456
1585083518183 0.9416744709014893 457
1585083550658 0.9476414918899536 458
1585083583019 0.9380659461021423 459
1585083615231 0.9323820471763611 460
1585083647698 0.940141499042511 461
1585083680401 0.9393159747123718 462
1585083712832 0.9352829456329346 463
1585083745701 0.952641487121582 464
1585083779320 0.9341744780540466 465
1585083812277 0.934457540512085 466
1585083845433 0.9441744685173035 467
1585083878205 0.9343159794807434 468
1585083911254 0.9415329694747925 469
1585083943606 0.9355660080909729 470
1585083976238 0.9487500190734863 471
1585084009598 0.9415329694747925 472
1585084042132 0.9379244446754456 473
1585084074693 0.937641441822052 474
1585084107269 0.942782998085022 475
1585084140930 0.940282940864563 476
1585084173485 0.9465329647064209 477
1585084206061 0.9382075071334839 478
1585084238740 0.9402830004692078 479
1585084271491 0.9427829384803772 480
1585084304038 0.9405660033226013 481
1585084336806 0.9258490204811096 482
1585084369376 0.9405660033226013 483
1585084402273 0.9463914632797241 484
1585084434919 0.9382075071334839 485
1585084467986 0.9419574737548828 486
1585084500554 0.934457540512085 487
1585084533186 0.9320990443229675 488
1585084566559 0.9355660080909729 489
1585084601504 0.9308490753173828 490
1585084633827 0.9430659413337708 491
1585084668517 0.9426414966583252 492
1585084701110 0.9438915252685547 493
1585084734177 0.9380659461021423 494
1585084766787 0.937099039554596 495
1585084799775 0.9380660057067871 496
1585084832381 0.9441744685173035 497
1585084865260 0.9369574785232544 498
1585084898027 0.9318159818649292 499
1585084930513 0.9437499642372131 500
1585084962848 0.9404245018959045 501
1585084995725 0.9380659461021423 502
1585085028624 0.939174473285675 503
1585085060960 0.9465329647064209 504
1585085093729 0.9444575309753418 505
1585085126277 0.9402830004692078 506
1585085159073 0.9451414942741394 507
1585085191815 0.9393159747123718 508
1585085224520 0.9430660009384155 509
1585085257053 0.9416744709014893 510
1585085290037 0.9390329718589783 511
1585085322719 0.939033031463623 512
1585085355425 0.9452829957008362 513
1585085387928 0.9440329670906067 514
1585085420522 0.9388914704322815 515
1585085453683 0.9429244995117188 516
1585085486137 0.939174473285675 517
1585085518868 0.9429244995117188 518
1585085551357 0.9462499618530273 519
1585085584110 0.9257074594497681 520
1585085616535 0.9393159747123718 521
1585085648866 0.9370990991592407 522
1585085681442 0.9441745281219482 523
1585085714107 0.9340329766273499 524
1585085746738 0.942782998085022 525
1585085780084 0.9432075023651123 526
1585085812423 0.9502829909324646 527
1585085845222 0.941674530506134 528
1585085877814 0.9490329623222351 529
1585085911306 0.9426414966583252 530
1585085943716 0.9440329670906067 531
1585085976004 0.940282940864563 532
1585086008670 0.9413914680480957 533
1585086041151 0.9352830052375793 534
1585086073632 0.9430660009384155 535
1585086106276 0.9441744685173035 536
1585086138681 0.9337735772132874 537
1585086171042 0.948065996170044 538
1585086204738 0.9382075071334839 539
1585086237403 0.9462499618530273 540
1585086270329 0.9412499070167542 541
1585086303067 0.9451414346694946 542
1585086335755 0.9397405385971069 543
1585086368323 0.9372405409812927 544
1585086400911 0.941674530506134 545
1585086433533 0.9382075071334839 546
1585086466042 0.939174473285675 547
1585086499087 0.9490329623222351 548
1585086531643 0.9391745328903198 549
1585086564442 0.9468159675598145 550
1585086596838 0.9466745257377625 551
1585086629588 0.9540329575538635 552
1585086662860 0.9441744685173035 553
1585086695601 0.9458490610122681 554
1585086727937 0.9538914561271667 555
1585086760808 0.9491744637489319 556
1585086793375 0.941815972328186 557
1585086826343 0.9444575309753418 558
1585086859118 0.9477829933166504 559
1585086891462 0.9463915228843689 560
1585086924701 0.9332075119018555 561
1585086957496 0.9501414895057678 562
1585086990212 0.9465330243110657 563
1585087024722 0.9515329599380493 564
1585087057277 0.9433490037918091 565
1585087089966 0.9502829909324646 566
1585087123270 0.9445990920066833 567
1585087155894 0.9393159747123718 568
1585087188411 0.9369574785232544 569
1585087220926 0.941674530506134 570
1585087253739 0.944316029548645 571
1585087286089 0.9390329718589783 572
1585087318642 0.9382075071334839 573
1585087351420 0.952641487121582 574
1585087383941 0.9479244947433472 575
1585087417224 0.9502829909324646 576
1585087449868 0.9538914561271667 577
1585087482597 0.9490330219268799 578
1585087515327 0.9476414918899536 579
1585087547958 0.939174473285675 580
1585087581380 0.9490329623222351 581
1585087613931 0.9420990347862244 582
1585087646218 0.948065996170044 583
1585087678812 0.9455659985542297 584
1585087712083 0.9488914608955383 585
1585087744595 0.9407074451446533 586
1585087777186 0.9455659985542297 587
1585087809929 0.9490329623222351 588
1585087842612 0.9502829909324646 589
1585087875538 0.9470990896224976 590
1585087908583 0.9466744661331177 591
1585087941098 0.9487499594688416 592
1585087973667 0.9476414322853088 593
1585088006362 0.9397405385971069 594
1585088039172 0.9513915181159973 595
1585088071705 0.9402830004692078 596
1585088104276 0.9408490061759949 597
1585088136866 0.9527829885482788 598
1585088169183 0.9429244995117188 599
1585088201736 0.9502829909324646 600
1585088234363 0.9501414895057678 601
1585088266737 0.9477829933166504 602
1585088299308 0.956391453742981 603
1585088331668 0.9526414275169373 604
1585088364313 0.9433490633964539 605
1585088397177 0.9526414275169373 606
1585088429991 0.9479244947433472 607
1585088462787 0.948065996170044 608
1585088495603 0.9365329742431641 609
1585088528051 0.9479244947433472 610
1585088560438 0.9479244351387024 611
1585088592936 0.9504244327545166 612
1585088626214 0.9441744685173035 613
1585088658455 0.9513915181159973 614
1585088690595 0.9549999833106995 615
1585088722699 0.9505659937858582 616
1585088755259 0.9400235414505005 617
1585088787485 0.9488915205001831 618
1585088820160 0.945565938949585 619
1585088852929 0.9502829909324646 620
1585088885129 0.9491744637489319 621
1585088916944 0.9502829909324646 622
1585088949220 0.9416744709014893 623
1585088980963 0.9494575262069702 624
1585089013289 0.9491744041442871 625
1585089045092 0.9455659985542297 626
1585089076883 0.9395990967750549 627
1585089108987 0.9429244995117188 628
1585089141830 0.9515329599380493 629
1585089173864 0.9426414966583252 630
1585089205954 0.9529244303703308 631
1585089238619 0.9445990920066833 632
1585089271092 0.9529244899749756 633
1585089303245 0.9493160247802734 634
1585089335095 0.9530659914016724 635
1585089367464 0.955282986164093 636
1585089399432 0.9526414275169373 637
1585089431220 0.9443159699440002 638
1585089463168 0.9501414895057678 639
1585089494659 0.9488914608955383 640
1585089526633 0.9513915181159973 641
1585089558641 0.9441745281219482 642
1585089590671 0.9501414895057678 643
1585089622821 0.9323820471763611 644
1585089655210 0.9483490586280823 645
1585089687719 0.9502829909324646 646
1585089719493 0.9482074975967407 647
1585089751452 0.9507074356079102 648
1585089783413 0.9577829837799072 649
1585089815543 0.9479244351387024 650
1585089847667 0.9476414918899536 651
1585089879687 0.9541744589805603 652
1585089911932 0.9512499570846558 653
1585089943698 0.9540329575538635 654
1585089975544 0.9504244923591614 655
1585090007324 0.9577829837799072 656
1585090039163 0.9515329599380493 657
1585090071263 0.952641487121582 658
1585090103624 0.9518159627914429 659
1585090135572 0.9408490061759949 660
1585090167548 0.9504244923591614 661
1585090199559 0.9515329599380493 662
1585090231491 0.9455659985542297 663
1585090263861 0.9491745233535767 664
1585090297168 0.9499999284744263 665
1585090329192 0.9529244899749756 666
1585090361163 0.9418159127235413 667
1585090393357 0.9477829337120056 668
1585090425226 0.9529244899749756 669
1585090457494 0.9554244875907898 670
1585090489655 0.9491744637489319 671
1585090521904 0.9493159651756287 672
1585090553882 0.9529244899749756 673
1585090585838 0.9502829909324646 674
1585090617784 0.9479244947433472 675
1585090649698 0.9493159651756287 676
1585090681816 0.9488914608955383 677
1585090713566 0.958065927028656 678
1585090745422 0.952782928943634 679
1585090777151 0.9341744780540466 680
1585090809501 0.9466744661331177 681
1585090842255 0.956391453742981 682
1585090874443 0.9624999761581421 683
1585090907012 0.9507075548171997 684
1585090940411 0.9527829885482788 685
1585090973034 0.9552829265594482 686
1585091006446 0.956391453742981 687
1585091039730 0.9512499570846558 688
1585091072809 0.9530659914016724 689
1585091105940 0.9555659294128418 690
1585091139151 0.9529244303703308 691
1585091172424 0.9490330219268799 692
1585091205235 0.9482074975967407 693
1585091238343 0.9568159580230713 694
1585091271309 0.955424427986145 695
1585091304560 0.9519575834274292 696
1585091337759 0.9541744589805603 697
1585091370916 0.9577829837799072 698
1585091404242 0.9443159699440002 699
1585091437480 0.9576414227485657 700
