1585068276519 0.027248883619904518 0
1585068308371 0.005162789952009916 1
1585068340735 0.0029155605006963015 2
1585068372718 0.004876166582107544 3
1585068404971 0.009218226186931133 4
1585068436837 0.014619134366512299 5
1585068468695 0.014036579057574272 6
1585068500663 0.00861402228474617 7
1585068532364 0.005139211192727089 8
1585068563841 0.0018668542616069317 9
1585068595140 0.004083855543285608 10
1585068626711 0.004304359667003155 11
1585068658575 0.00766279362142086 12
1585068690389 0.013428299687802792 13
1585068722407 0.01796228066086769 14
1585068754725 0.021438414230942726 15
1585068786618 0.02346467599272728 16
1585068818126 0.02509208768606186 17
1585068850701 0.026517488062381744 18
1585068882228 0.025525305420160294 19
1585068914279 0.025511084124445915 20
1585068946337 0.02350214123725891 21
1585068978455 0.021532081067562103 22
1585069011000 0.02126108855009079 23
1585069042936 0.020151104778051376 24
1585069074949 0.019524138420820236 25
1585069106596 0.017545608803629875 26
1585069138842 0.016669757664203644 27
1585069170852 0.014502712525427341 28
1585069202905 0.013288909569382668 29
1585069235341 0.01280257012695074 30
1585069267189 0.01301767211407423 31
1585069299603 0.012258960865437984 32
1585069331422 0.012859334237873554 33
1585069363398 0.012619967572391033 34
1585069395002 0.011346915736794472 35
1585069427065 0.011726443655788898 36
1585069458907 0.012100827880203724 37
1585069490748 0.011921841651201248 38
1585069522700 0.011927366256713867 39
1585069554752 0.009811271913349628 40
1585069586405 0.010575266554951668 41
1585069618464 0.008991907350718975 42
1585069650507 0.007856585085391998 43
1585069682619 0.008947686292231083 44
1585069714977 0.007873538881540298 45
1585069747011 0.007909263484179974 46
1585069779274 0.007287203799933195 47
1585069811431 0.009326664730906487 48
1585069844229 0.0068457769230008125 49
1585069876627 0.00684419646859169 50
1585069914116 0.006838397588580847 51
1585069956562 0.0066276066936552525 52
1585069997665 0.006063792854547501 53
1585070030184 0.006691943854093552 54
1585070062936 0.0066404095850884914 55
1585070095868 0.006816699635237455 56
1585070129215 0.005800626706331968 57
1585070161613 0.004724040627479553 58
1585070194395 0.005673710256814957 59
1585070227093 0.005857050884515047 60
1585070259558 0.004466444719582796 61
1585070291676 0.005062901880592108 62
1585070325064 0.004324670881032944 63
1585070357751 0.006008499301970005 64
1585070390190 0.005851456429809332 65
1585070422855 0.005138172768056393 66
1585070455628 0.004468014929443598 67
1585070488367 0.005040481686592102 68
1585070521614 0.004737171344459057 69
1585070554055 0.0055183838121593 70
1585070586582 0.00428908783942461 71
1585070618959 0.004553568083792925 72
1585070651690 0.005172437522560358 73
1585070689545 0.0038801857735961676 74
1585070730711 0.004853925202041864 75
1585070774298 0.004198283888399601 76
1585070817163 0.004391737747937441 77
1585070863604 0.004901716019958258 78
1585070908008 0.004641120787709951 79
1585070945909 0.004010566510260105 80
1585070978469 0.003733243327587843 81
1585071010772 0.004371384624391794 82
1585071043382 0.004452734719961882 83
1585071076286 0.004268419463187456 84
1585071108775 0.003799659665673971 85
1585071141016 0.005502671934664249 86
1585071173295 0.0035698390565812588 87
1585071212685 0.0040794862434268 88
1585071255627 0.0037027839571237564 89
1585071298004 0.0035265651531517506 90
1585071341856 0.0036543426103889942 91
1585071382802 0.004812277387827635 92
1585071415757 0.004857754334807396 93
1585071447726 0.0034461081959307194 94
1585071480342 0.006087201647460461 95
1585071512599 0.0036361166276037693 96
1585071545006 0.004933304153382778 97
1585071577676 0.004712783731520176 98
1585071610475 0.003737218677997589 99
1585071646617 0.003387856064364314 100
1585071688222 0.0037589408457279205 101
1585071733046 0.003704395145177841 102
1585071774917 0.004461303818970919 103
1585071819744 0.004335625562816858 104
1585071861726 0.004084907006472349 105
1585071903111 0.004040329717099667 106
1585071949769 0.004137611947953701 107
1585071987499 0.004067020025104284 108
1585072020481 0.0032330381218343973 109
1585072052852 0.003862127661705017 110
1585072085731 0.0041559478268027306 111
1585072118079 0.004246863070875406 112
1585072150539 0.0042486125603318214 113
1585072183248 0.004360389895737171 114
1585072215815 0.0038973852060735226 115
1585072247961 0.0043565211817622185 116
1585072282054 0.004185494966804981 117
1585072314492 0.0032078814692795277 118
1585072347121 0.0038245709147304296 119
1585072379512 0.0037440056912600994 120
1585072412852 0.003925010561943054 121
1585072445668 0.0036756929475814104 122
1585072478308 0.0037423407193273306 123
1585072519324 0.004300106782466173 124
1585072562058 0.004546512849628925 125
1585072605429 0.003599724266678095 126
1585072651347 0.003632171778008342 127
1585072691864 0.003404629183933139 128
1585072736578 0.00407484220340848 129
1585072781578 0.004104248713701963 130
1585072822911 0.005689593032002449 131
1585072855366 0.004474819637835026 132
1585072888161 0.004194167908281088 133
1585072920966 0.003253382397815585 134
1585072953596 0.004484735429286957 135
1585072986227 0.005701103247702122 136
1585073018987 0.0039457338862121105 137
1585073051865 0.0048820399679243565 138
1585073084369 0.0034895995631814003 139
1585073116909 0.003006527666002512 140
1585073149323 0.0030457894317805767 141
1585073190907 0.0037794476374983788 142
1585073234572 0.005004904232919216 143
1585073274976 0.004200473893433809 144
1585073315669 0.003355305176228285 145
1585073359349 0.003688952885568142 146
1585073403122 0.003795125987380743 147
1585073449487 0.004063699394464493 148
1585073487645 0.004076907876878977 149
1585073519992 0.0033450524788349867 150
1585073551533 0.004803814925253391 151
1585073583031 0.004240227863192558 152
1585073614916 0.003550363704562187 153
1585073646743 0.0032396859023720026 154
1585073678549 0.004051153548061848 155
1585073710253 0.0042603276669979095 156
1585073742302 0.004298807587474585 157
1585073774597 0.0031896557193249464 158
1585073806662 0.00427591847255826 159
1585073838763 0.0030424317810684443 160
1585073870931 0.003570117522031069 161
1585073903194 0.002830255078151822 162
1585073934747 0.004865734837949276 163
1585073966371 0.005008176434785128 164
1585073999448 0.0045495713129639626 165
1585074031257 0.00347220990806818 166
1585074063176 0.0047414228320121765 167
1585074095223 0.0031271055340766907 168
1585074126842 0.0047872536815702915 169
1585074158988 0.0032266643829643726 170
1585074190744 0.003364880569279194 171
1585074222571 0.004203028045594692 172
1585074254232 0.003073433879762888 173
1585074286232 0.0035162712447345257 174
1585074318122 0.002994925482198596 175
1585074349933 0.003724460257217288 176
1585074381904 0.002944820560514927 177
1585074413786 0.0036443895660340786 178
1585074446640 0.004273209720849991 179
1585074478743 0.004560529254376888 180
1585074510677 0.003458973951637745 181
1585074542723 0.004977469798177481 182
1585074574577 0.003282665740698576 183
1585074606625 0.0029400631319731474 184
1585074638576 0.0031633710023015738 185
1585074670233 0.0039830817840993404 186
1585074702370 0.005087609402835369 187
1585074734425 0.003738021943718195 188
1585074766363 0.005370037630200386 189
1585074798711 0.0028708602767437696 190
1585074830441 0.002786837285384536 191
1585074862356 0.004314283840358257 192
1585074895065 0.00327611924149096 193
1585074927073 0.003149476833641529 194
1585074958992 0.003244733205065131 195
1585074990975 0.004607753828167915 196
1585075023113 0.002255199709907174 197
1585075054935 0.00467798812314868 198
1585075086946 0.0031977638136595488 199
1585075118705 0.0035683182068169117 200
1585075152208 0.003434780053794384 201
1585075184143 0.004825075156986713 202
1585075216328 0.0038826456293463707 203
1585075248366 0.0035609740298241377 204
1585075280401 0.0036281272768974304 205
1585075312547 0.00362585810944438 206
1585075344574 0.004219782538712025 207
1585075377867 0.004500965122133493 208
1585075410149 0.0034656948409974575 209
1585075442014 0.003775106742978096 210
1585075473831 0.004021354019641876 211
1585075506054 0.0051453192718327045 212
1585075538242 0.005200668703764677 213
1585075570869 0.002909495495259762 214
1585075603766 0.003763522021472454 215
1585075636529 0.0039369105361402035 216
1585075669146 0.003339383751153946 217
1585075702141 0.003884186502546072 218
1585075734787 0.004925554618239403 219
1585075767305 0.0059552364982664585 220
1585075799820 0.004333074204623699 221
1585075832442 0.003122942987829447 222
1585075865039 0.003770397277548909 223
1585075897608 0.004372758325189352 224
1585075930029 0.0029245419427752495 225
1585075962732 0.004314239602535963 226
1585075995663 0.004292611964046955 227
1585076028433 0.003360578790307045 228
1585076061083 0.004336179234087467 229
1585076093531 0.00345275248400867 230
1585076126017 0.0036942698061466217 231
1585076158620 0.003594355657696724 232
1585076192231 0.0048128459602594376 233
1585076224867 0.004137170035392046 234
1585076257412 0.004069033078849316 235
1585076289965 0.0034313234500586987 236
1585076322575 0.004350120201706886 237
1585076355026 0.0048162005841732025 238
1585076387619 0.0055094831623137 239
1585076420803 0.0036335112527012825 240
1585076453118 0.0028675829526036978 241
1585076485934 0.004661839921027422 242
1585076518275 0.004153402056545019 243
1585076551190 0.004078359808772802 244
1585076583646 0.0038139347452670336 245
1585076617188 0.004243761766701937 246
1585076649616 0.003077991772443056 247
1585076682455 0.0037329925689846277 248
1585076715183 0.003269785549491644 249
1585076747598 0.004412488080561161 250
1585076780399 0.003618077840656042 251
1585076813123 0.003216906450688839 252
1585076846389 0.004959256388247013 253
1585076879238 0.004024299327284098 254
1585076911962 0.004099088720977306 255
1585076944369 0.004735228605568409 256
1585076977113 0.0036578145809471607 257
1585077009822 0.004003932233899832 258
1585077042591 0.004017217084765434 259
1585077075313 0.0031800740398466587 260
1585077108013 0.0033565617632120848 261
1585077140407 0.00332384230569005 262
1585077173121 0.004736263770610094 263
1585077205885 0.0037504686042666435 264
1585077238502 0.0037121863570064306 265
1585077271443 0.0043014045804739 266
1585077303890 0.0034455186687409878 267
1585077336325 0.005270843859761953 268
1585077368896 0.004272708669304848 269
1585077401307 0.003949473612010479 270
1585077433776 0.004337565507739782 271
1585077466147 0.003877044189721346 272
1585077499640 0.0038960129022598267 273
1585077531969 0.0042127096094191074 274
1585077565125 0.0044391583651304245 275
1585077598231 0.0030642678029835224 276
1585077630671 0.003324557328596711 277
1585077663278 0.0032800380140542984 278
1585077695788 0.0036580481100827456 279
1585077728205 0.003424163907766342 280
1585077760772 0.0030486839823424816 281
1585077793376 0.00298545160330832 282
1585077825936 0.0038633039221167564 283
1585077859024 0.0034800758585333824 284
1585077891485 0.004612169228494167 285
1585077924221 0.00408319104462862 286
1585077956528 0.0030035662930458784 287
1585077989291 0.00437362864613533 288
1585078022898 0.003924419637769461 289
1585078055457 0.004726220387965441 290
1585078088219 0.003616462694481015 291
1585078120914 0.0040493616834282875 292
1585078154718 0.004302190616726875 293
1585078187593 0.0029814073350280523 294
1585078220202 0.0036266858223825693 295
1585078252814 0.004352277610450983 296
1585078285388 0.0034887182991951704 297
1585078318090 0.004521636757999659 298
1585078351322 0.004404052626341581 299
1585078384210 0.003463717410340905 300
1585078417493 0.003985370974987745 301
1585078450150 0.004458185750991106 302
1585078483424 0.0043561337515711784 303
1585078516196 0.0037368072662502527 304
1585078550023 0.003720288397744298 305
1585078582686 0.004389356821775436 306
1585078615115 0.003781278384849429 307
1585078647533 0.004183332435786724 308
1585078680647 0.0036361408419907093 309
1585078713473 0.003518346231430769 310
1585078746004 0.003968027886003256 311
1585078778909 0.0037219233345240355 312
1585078811347 0.004681762307882309 313
1585078843944 0.004389706067740917 314
1585078877668 0.004236622713506222 315
1585078910130 0.0034120730124413967 316
1585078942755 0.0038287085480988026 317
1585078975433 0.0031347861513495445 318
1585079007969 0.004471417982131243 319
1585079040737 0.0036313298624008894 320
1585079073111 0.003894262248650193 321
1585079105569 0.004598558880388737 322
1585079137987 0.004823983646929264 323
1585079171383 0.0043418616987764835 324
1585079203724 0.004242210183292627 325
1585079236444 0.004933600313961506 326
1585079269154 0.00550286378711462 327
1585079301731 0.00371302617713809 328
1585079334250 0.0027750700246542692 329
1585079367050 0.0037953867577016354 330
1585079399786 0.0038849457632750273 331
1585079432658 0.004474274814128876 332
1585079465204 0.0038808812387287617 333
1585079497936 0.0042645749635994434 334
1585079530680 0.0032500384841114283 335
1585079563196 0.003208957612514496 336
1585079595451 0.004295053891837597 337
1585079628184 0.004137037787586451 338
1585079660579 0.00410166010260582 339
1585079693033 0.003914231900125742 340
1585079725705 0.003454382997006178 341
1585079758196 0.004266249947249889 342
1585079791002 0.004268757998943329 343
1585079823668 0.0036686528474092484 344
1585079856838 0.0044869305565953255 345
1585079890569 0.0037208828143775463 346
1585079924247 0.004829865880310535 347
1585079957004 0.004096008371561766 348
1585079989580 0.003475627163425088 349
1585080021889 0.003683888353407383 350
1585080054342 0.004663379862904549 351
1585080086833 0.0033576583955436945 352
1585080119252 0.003812954528257251 353
1585080151696 0.003596746828407049 354
1585080184111 0.004997634794563055 355
1585080216564 0.0038701891899108887 356
1585080249438 0.0035946934949606657 357
1585080282357 0.0030730783473700285 358
1585080314764 0.004947062581777573 359
1585080347354 0.003895707428455353 360
1585080380184 0.005252234172075987 361
1585080412837 0.004414076451212168 362
1585080445494 0.0033646700903773308 363
1585080477907 0.004492489155381918 364
1585080510505 0.004095127806067467 365
1585080543054 0.0039269691333174706 366
1585080575803 0.005048258230090141 367
1585080608376 0.0036012998316437006 368
1585080641066 0.004170223139226437 369
1585080674180 0.004468814004212618 370
1585080706856 0.005520768463611603 371
1585080739535 0.004747272934764624 372
1585080772029 0.004773046355694532 373
1585080804655 0.003720926819369197 374
1585080837581 0.003973007667809725 375
1585080870324 0.0039963144809007645 376
1585080903341 0.004117164295166731 377
1585080935939 0.004841126501560211 378
1585080968571 0.003788613947108388 379
1585081000963 0.0038159422110766172 380
1585081033798 0.0029499130323529243 381
1585081066251 0.0046440958976745605 382
1585081099811 0.0039110914804041386 383
1585081132177 0.003444987116381526 384
1585081164797 0.0033865415025502443 385
1585081197547 0.0033622044138610363 386
1585081230118 0.0036851235199719667 387
1585081262546 0.004497106187045574 388
1585081295279 0.0030295117758214474 389
1585081327807 0.004421582445502281 390
1585081360402 0.004598503932356834 391
1585081392931 0.003534608520567417 392
1585081427715 0.003916687332093716 393
1585081460162 0.004481504671275616 394
1585081492774 0.0053502218797802925 395
1585081525139 0.004053444601595402 396
1585081557775 0.0038222125731408596 397
1585081590535 0.003355488646775484 398
1585081623899 0.004682607017457485 399
1585081656757 0.004613577388226986 400
1585081689339 0.004079992417246103 401
1585081721768 0.003976886626332998 402
1585081754120 0.0036163111217319965 403
1585081786436 0.003888420993462205 404
1585081818750 0.0030321520753204823 405
1585081851289 0.004539888817816973 406
1585081883607 0.003980434499680996 407
1585081915800 0.004050586372613907 408
1585081948662 0.0038081929087638855 409
1585081981817 0.0034220886882394552 410
1585082014199 0.004740115255117416 411
1585082046679 0.003880034200847149 412
1585082079398 0.003193869721144438 413
1585082111855 0.003891053143888712 414
1585082144413 0.004870960023254156 415
1585082176723 0.003951398655772209 416
1585082209185 0.003319208277389407 417
1585082241456 0.0035103505942970514 418
1585082273909 0.0038472814485430717 419
1585082306520 0.002972691785544157 420
1585082339234 0.003168644616380334 421
1585082371792 0.0040693157352507114 422
1585082404217 0.004485566634684801 423
1585082436785 0.004120698198676109 424
1585082469358 0.00411654869094491 425
1585082502369 0.003994741942733526 426
1585082535659 0.003790344577282667 427
1585082568097 0.004486790392547846 428
1585082600636 0.004651649389415979 429
1585082634259 0.005016394425183535 430
1585082666529 0.003887733444571495 431
1585082699215 0.0029365967493504286 432
1585082731774 0.0045661721378564835 433
1585082764343 0.003009031992405653 434
1585082796974 0.004649399779736996 435
1585082829533 0.003760512452572584 436
1585082862400 0.003423956921324134 437
1585082894826 0.004556940868496895 438
1585082927643 0.003672222839668393 439
1585082960290 0.0035843956284224987 440
1585082993415 0.003991357982158661 441
1585083025912 0.003727538976818323 442
1585083058436 0.004038321319967508 443
1585083090976 0.003994021099060774 444
1585083124042 0.004490226972848177 445
1585083156622 0.004761531949043274 446
1585083189091 0.0032827965915203094 447
1585083221867 0.004359732381999493 448
1585083254560 0.003988421987742186 449
1585083287099 0.004621721338480711 450
1585083320015 0.004310267977416515 451
1585083352677 0.004970440175384283 452
1585083387298 0.004103567451238632 453
1585083420316 0.005170955788344145 454
1585083452844 0.004982042126357555 455
1585083485332 0.004723933059722185 456
1585083518183 0.00391686987131834 457
1585083550658 0.005078508984297514 458
1585083583019 0.004653260111808777 459
1585083615231 0.007731854449957609 460
1585083647698 0.004196627996861935 461
1585083680401 0.003443409688770771 462
1585083712832 0.0035261742305010557 463
1585083745701 0.0048015909269452095 464
1585083779320 0.0049238307401537895 465
1585083812277 0.0036328285932540894 466
1585083845433 0.004844925832003355 467
1585083878205 0.0036556513514369726 468
1585083911254 0.003522332292050123 469
1585083943606 0.0037861119490116835 470
1585083976238 0.004695362411439419 471
1585084009598 0.004095832817256451 472
1585084042132 0.0036445953883230686 473
1585084074693 0.0039903842844069 474
1585084107269 0.004658551421016455 475
1585084140930 0.003716355189681053 476
1585084173485 0.004812868312001228 477
1585084206061 0.005336924456059933 478
1585084238740 0.003020369214937091 479
1585084271491 0.004022225271910429 480
1585084304038 0.004447176121175289 481
1585084336806 0.0032205868046730757 482
1585084369376 0.003547229105606675 483
1585084402273 0.0041695889085531235 484
1585084434919 0.0042463261634111404 485
1585084467986 0.0038602121639996767 486
1585084500554 0.0031862398609519005 487
1585084533186 0.0028303733561187983 488
1585084566559 0.00372308399528265 489
1585084601504 0.00495065376162529 490
1585084633827 0.0048734950833022594 491
1585084668517 0.004545978270471096 492
1585084701110 0.00417668791487813 493
1585084734177 0.004941201768815517 494
1585084766787 0.0037901937030255795 495
1585084799775 0.004293685778975487 496
1585084832381 0.004242039285600185 497
1585084865260 0.003966883756220341 498
1585084898027 0.00283609121106565 499
1585084930513 0.004499693866819143 500
1585084962848 0.003798152320086956 501
1585084995725 0.004631216637790203 502
1585085028624 0.0039025868754833937 503
1585085060960 0.003882769960910082 504
1585085093729 0.003867468563839793 505
1585085126277 0.0034315381199121475 506
1585085159073 0.0044472673907876015 507
1585085191815 0.004098929464817047 508
1585085224520 0.004239809699356556 509
1585085257053 0.0030360904056578875 510
1585085290037 0.0036229167599231005 511
1585085322719 0.003945028875023127 512
1585085355425 0.004553717561066151 513
1585085387928 0.004239121451973915 514
1585085420522 0.003265493083745241 515
1585085453683 0.0035425543319433928 516
1585085486137 0.004187466576695442 517
1585085518868 0.004324361216276884 518
1585085551357 0.004880334250628948 519
1585085584110 0.003342417534440756 520
1585085616535 0.004213790409266949 521
1585085648866 0.003310131374746561 522
1585085681442 0.003642451949417591 523
1585085714107 0.0033404072746634483 524
1585085746738 0.004176802933216095 525
1585085780084 0.005224751308560371 526
1585085812423 0.004193198401480913 527
1585085845222 0.004849720746278763 528
1585085877814 0.005003715865314007 529
1585085911306 0.004221600014716387 530
1585085943716 0.003943494986742735 531
1585085976004 0.0035231015644967556 532
1585086008670 0.003961729351431131 533
1585086041151 0.0041302102617919445 534
1585086073632 0.0035936578642576933 535
1585086106276 0.003390425117686391 536
1585086138681 0.0057326192036271095 537
1585086171042 0.003695364575833082 538
1585086204738 0.003714475082233548 539
1585086237403 0.004300303757190704 540
1585086270329 0.004202311392873526 541
1585086303067 0.004840994719415903 542
1585086335755 0.004590300377458334 543
1585086368323 0.0035825027152895927 544
1585086400911 0.004152558743953705 545
1585086433533 0.003925865516066551 546
1585086466042 0.0032122244592756033 547
1585086499087 0.0045637208968400955 548
1585086531643 0.003910762723535299 549
1585086564442 0.004073926713317633 550
1585086596838 0.004007438663393259 551
1585086629588 0.0036106903571635485 552
1585086662860 0.003808442736044526 553
1585086695601 0.003646607743576169 554
1585086727937 0.004123605787754059 555
1585086760808 0.003918007016181946 556
1585086793375 0.0034698809031397104 557
1585086826343 0.00337234023027122 558
1585086859118 0.005028901156038046 559
1585086891462 0.004420177079737186 560
1585086924701 0.004261620342731476 561
1585086957496 0.004028421360999346 562
1585086990212 0.0037176136393100023 563
1585087024722 0.004383082035928965 564
1585087057277 0.005636794026941061 565
1585087089966 0.004515719134360552 566
1585087123270 0.007324120961129665 567
1585087155894 0.0038749456871300936 568
1585087188411 0.003975940402597189 569
1585087220926 0.003056231653317809 570
1585087253739 0.0049947574734687805 571
1585087286089 0.004254131577908993 572
1585087318642 0.004038388840854168 573
1585087351420 0.004310610704123974 574
1585087383941 0.003759708721190691 575
1585087417224 0.003696389961987734 576
1585087449868 0.004213269334286451 577
1585087482597 0.004242997616529465 578
1585087515327 0.00376861821860075 579
1585087547958 0.003566386876627803 580
1585087581380 0.0035588147584348917 581
1585087613931 0.0040432452224195 582
1585087646218 0.003928686026483774 583
1585087678812 0.0036450685001909733 584
1585087712083 0.004593699239194393 585
1585087744595 0.004376247525215149 586
1585087777186 0.004489856772124767 587
1585087809929 0.004046381451189518 588
1585087842612 0.004192966502159834 589
1585087875538 0.003731246804818511 590
1585087908583 0.004980255849659443 591
1585087941098 0.004457369446754456 592
1585087973667 0.004167116712778807 593
1585088006362 0.003886497113853693 594
1585088039172 0.003774932585656643 595
1585088071705 0.0036528250202536583 596
1585088104276 0.0038629353512078524 597
1585088136866 0.0038335828576236963 598
1585088169183 0.0032964907586574554 599
1585088201736 0.004133239388465881 600
1585088234363 0.003935706336051226 601
1585088266737 0.0038927989080548286 602
1585088299308 0.0048373546451330185 603
1585088331668 0.003142896108329296 604
1585088364313 0.0037946333177387714 605
1585088397177 0.003913624677807093 606
1585088429991 0.004095648415386677 607
1585088462787 0.003558036172762513 608
1585088495603 0.0034337688703089952 609
1585088528051 0.004487102851271629 610
1585088560438 0.0036782901734113693 611
1585088592936 0.0037265962455421686 612
1585088626214 0.0047655911184847355 613
1585088658455 0.004179820884019136 614
1585088690595 0.005625058431178331 615
1585088722699 0.0049316128715872765 616
1585088755259 0.00395071879029274 617
1585088787485 0.004345748107880354 618
1585088820160 0.004000354092568159 619
1585088852929 0.0043851882219314575 620
1585088885129 0.0040343464352190495 621
1585088916944 0.004918168764561415 622
1585088949220 0.003555480856448412 623
1585088980963 0.004561974201351404 624
1585089013289 0.0038958017248660326 625
1585089045092 0.004143844824284315 626
1585089076883 0.0033863037824630737 627
1585089108987 0.004438335541635752 628
1585089141830 0.00521824462339282 629
1585089173864 0.00345675484277308 630
1585089205954 0.004146234132349491 631
1585089238619 0.0036064335145056248 632
1585089271092 0.004135577939450741 633
1585089303245 0.00420780386775732 634
1585089335095 0.0043960511684417725 635
1585089367464 0.004933841060847044 636
1585089399432 0.004462230484932661 637
1585089431220 0.003940006718039513 638
1585089463168 0.003573611145839095 639
1585089494659 0.003612831700593233 640
1585089526633 0.0038615672383457422 641
1585089558641 0.003683681134134531 642
1585089590671 0.004351119976490736 643
1585089622821 0.0038774493150413036 644
1585089655210 0.004790622275322676 645
1585089687719 0.003662931500002742 646
1585089719493 0.003975512459874153 647
1585089751452 0.004073285032063723 648
1585089783413 0.0044225356541574 649
1585089815543 0.0035721175372600555 650
1585089847667 0.00468339491635561 651
1585089879687 0.004679531790316105 652
1585089911932 0.004753738176077604 653
1585089943698 0.004231266677379608 654
1585089975544 0.003534030169248581 655
1585090007324 0.004615092650055885 656
1585090039163 0.0038490062579512596 657
1585090071263 0.00408306485041976 658
1585090103624 0.0038169417530298233 659
1585090135572 0.004166693892329931 660
1585090167548 0.0037382906302809715 661
1585090199559 0.0037833605892956257 662
1585090231491 0.004517300985753536 663
1585090263861 0.00452848756685853 664
1585090297168 0.004723139572888613 665
1585090329192 0.003934063017368317 666
1585090361163 0.003153556492179632 667
1585090393357 0.0038442027289420366 668
1585090425226 0.004072350449860096 669
1585090457494 0.00370350806042552 670
1585090489655 0.003928367979824543 671
1585090521904 0.0035271265078336 672
1585090553882 0.004473532550036907 673
1585090585838 0.004178956616669893 674
1585090617784 0.004035786725580692 675
1585090649698 0.003791047027334571 676
1585090681816 0.003764088498428464 677
1585090713566 0.00436739344149828 678
1585090745422 0.004043850116431713 679
1585090777151 0.0030533308163285255 680
1585090809501 0.003931813407689333 681
1585090842255 0.003939351998269558 682
1585090874443 0.004752021748572588 683
1585090907012 0.004387162625789642 684
1585090940411 0.0047735730186104774 685
1585090973034 0.003775534685701132 686
1585091006446 0.0046303593553602695 687
1585091039730 0.004219940397888422 688
1585091072809 0.004285005386918783 689
1585091105940 0.004181786440312862 690
1585091139151 0.004560575820505619 691
1585091172424 0.004013021010905504 692
1585091205235 0.004395329859107733 693
1585091238343 0.004051071126013994 694
1585091271309 0.004475648980587721 695
1585091304560 0.0040010628290474415 696
1585091337759 0.004048672504723072 697
1585091370916 0.004324796609580517 698
1585091404242 0.003671305486932397 699
1585091437480 0.004346841014921665 700
