1585068265358 0.03446386754512787 0
1585068297286 0.008651548065245152 1
1585068329406 0.006249952130019665 2
1585068361267 0.010491324588656425 3
1585068393650 0.016841942444443703 4
1585068425549 0.024015722796320915 5
1585068457364 0.023849589750170708 6
1585068489486 0.014409825205802917 7
1585068521183 0.01124334242194891 8
1585068552503 0.004561466630548239 9
1585068584153 0.0033765940461307764 10
1585068615753 0.001988479634746909 11
1585068647244 0.004057682119309902 12
1585068679250 0.007535768207162619 13
1585068711112 0.011294458992779255 14
1585068743547 0.013886358588933945 15
1585068775490 0.015702281147241592 16
1585068807186 0.017148489132523537 17
1585068838648 0.017338179051876068 18
1585068871001 0.01791561022400856 19
1585068903004 0.017161458730697632 20
1585068935004 0.0164959579706192 21
1585068967121 0.015173569321632385 22
1585068999738 0.014214386232197285 23
1585069031625 0.013692478649318218 24
1585069063710 0.012324397452175617 25
1585069095284 0.011998850852251053 26
1585069127387 0.010562960058450699 27
1585069159731 0.010126760229468346 28
1585069191731 0.01028701663017273 29
1585069224400 0.010355530306696892 30
1585069255870 0.0097309285774827 31
1585069288136 0.009502069093286991 32
1585069320041 0.00975753553211689 33
1585069352102 0.009616534225642681 34
1585069383667 0.009658838622272015 35
1585069415750 0.009127981960773468 36
1585069447796 0.009816785342991352 37
1585069479670 0.009845519438385963 38
1585069511235 0.009417292661964893 39
1585069543439 0.0083141615614295 40
1585069575315 0.008901990018785 41
1585069607160 0.008571078069508076 42
1585069639196 0.008453233167529106 43
1585069671366 0.008523521013557911 44
1585069703683 0.007829555310308933 45
1585069735712 0.007900696247816086 46
1585069767813 0.007308150175958872 47
1585069800004 0.007899869233369827 48
1585069832468 0.007622185628861189 49
1585069865254 0.007539820391684771 50
1585069898539 0.008207239210605621 51
1585069940984 0.007092719431966543 52
1585069981890 0.008361543528735638 53
1585070018705 0.007371861021965742 54
1585070051505 0.006836591754108667 55
1585070084073 0.007381410337984562 56
1585070117352 0.007892326451838017 57
1585070150113 0.008011705242097378 58
1585070182592 0.007450766861438751 59
1585070215590 0.008827210403978825 60
1585070248050 0.008445043116807938 61
1585070280402 0.007575049996376038 62
1585070312794 0.007761274930089712 63
1585070346290 0.007889715023338795 64
1585070378734 0.0075646028853952885 65
1585070411401 0.007982242852449417 66
1585070444016 0.007845607586205006 67
1585070477009 0.007679319474846125 68
1585070509579 0.007912625558674335 69
1585070542586 0.0074287899769842625 70
1585070575172 0.008667699061334133 71
1585070607544 0.007097271736711264 72
1585070640305 0.007972095161676407 73
1585070672839 0.008327187970280647 74
1585070716477 0.00806389469653368 75
1585070759034 0.008324104361236095 76
1585070801408 0.008127340115606785 77
1585070847391 0.007494905963540077 78
1585070892066 0.008259453810751438 79
1585070934662 0.008796480484306812 80
1585070967019 0.007954942062497139 81
1585070999408 0.006552089471369982 82
1585071031913 0.008079062215983868 83
1585071064531 0.00833025574684143 84
1585071097416 0.008373863063752651 85
1585071129742 0.008750008419156075 86
1585071161831 0.008107224479317665 87
1585071197867 0.009415444917976856 88
1585071240600 0.008378511294722557 89
1585071282287 0.008740304969251156 90
1585071326365 0.008912664838135242 91
1585071366696 0.00862354040145874 92
1585071404370 0.009013199247419834 93
1585071436518 0.009249366819858551 94
1585071468874 0.009511572308838367 95
1585071501276 0.009512880817055702 96
1585071533555 0.010589735582470894 97
1585071566143 0.008707502856850624 98
1585071598883 0.00901821069419384 99
1585071635045 0.009447273798286915 100
1585071671695 0.009011272341012955 101
1585071717918 0.009942411445081234 102
1585071760108 0.00896716583520174 103
1585071802909 0.009138786233961582 104
1585071847682 0.009121919982135296 105
1585071890790 0.008632550947368145 106
1585071933923 0.007900643162429333 107
1585071976038 0.009456749074161053 108
1585072009052 0.009182502515614033 109
1585072041538 0.008671524934470654 110
1585072074270 0.010272364132106304 111
1585072106671 0.009669620543718338 112
1585072139100 0.00869483221322298 113
1585072171935 0.009984428994357586 114
1585072204321 0.00936280470341444 115
1585072236768 0.009130262769758701 116
1585072270492 0.009076450951397419 117
1585072303043 0.008534502238035202 118
1585072335516 0.008849681355059147 119
1585072368030 0.009478561580181122 120
1585072401507 0.009796869941055775 121
1585072434226 0.008930248208343983 122
1585072466592 0.009527517482638359 123
1585072502803 0.00997387245297432 124
1585072547826 0.008987314067780972 125
1585072590759 0.009749336168169975 126
1585072634101 0.008819395676255226 127
1585072677753 0.008891505189239979 128
1585072722067 0.01001132745295763 129
1585072765524 0.008536683395504951 130
1585072810092 0.008404972031712532 131
1585072843982 0.009663065895438194 132
