1585068276519 0.8315979242324829 0
1585068308371 0.7384100556373596 1
1585068340735 0.6876856088638306 2
1585068372718 0.6595292091369629 3
1585068404971 0.6449902057647705 4
1585068436837 0.6386979222297668 5
1585068468695 0.6186585426330566 6
1585068500663 0.5867530703544617 7
1585068532364 0.5716400146484375 8
1585068563841 0.5527991056442261 9
1585068595140 0.5212072730064392 10
1585068626711 0.5071694254875183 11
1585068658575 0.4858704209327698 12
1585068690389 0.46813687682151794 13
1585068722407 0.4556286334991455 14
1585068754725 0.44511324167251587 15
1585068786618 0.4364745020866394 16
1585068818126 0.4260742962360382 17
1585068850701 0.4143030345439911 18
1585068882228 0.40266454219818115 19
1585068914279 0.3901216685771942 20
1585068946337 0.38329389691352844 21
1585068978455 0.37613701820373535 22
1585069011000 0.3622809648513794 23
1585069042936 0.35825496912002563 24
1585069074949 0.34636080265045166 25
1585069106596 0.34207868576049805 26
1585069138842 0.3364917039871216 27
1585069170852 0.3341163694858551 28
1585069202905 0.3312702476978302 29
1585069235341 0.33230000734329224 30
1585069267189 0.32543471455574036 31
1585069299603 0.322419136762619 32
1585069331422 0.31396612524986267 33
1585069363398 0.3116037845611572 34
1585069395002 0.3143902122974396 35
1585069427065 0.3062341511249542 36
1585069458907 0.3012316823005676 37
1585069490748 0.2965797185897827 38
1585069522700 0.29635852575302124 39
1585069554752 0.2972904443740845 40
1585069586405 0.28984615206718445 41
1585069618464 0.29295340180397034 42
1585069650507 0.29589295387268066 43
1585069682619 0.2842243015766144 44
1585069714977 0.2907405495643616 45
1585069747011 0.2864498794078827 46
1585069779274 0.28650379180908203 47
1585069811431 0.2786381244659424 48
1585069844229 0.2859566807746887 49
1585069876627 0.2864137291908264 50
1585069914116 0.27567651867866516 51
1585069956562 0.2765347957611084 52
1585069997665 0.2795940637588501 53
1585070030184 0.27236616611480713 54
1585070062936 0.2727295756340027 55
1585070095868 0.2738802433013916 56
1585070129215 0.2722265124320984 57
1585070161613 0.2830880582332611 58
1585070194395 0.27282148599624634 59
1585070227093 0.2770999073982239 60
1585070259558 0.27639323472976685 61
1585070291676 0.26996415853500366 62
1585070325064 0.2697509229183197 63
1585070357751 0.26968976855278015 64
1585070390190 0.2614224851131439 65
1585070422855 0.2741415500640869 66
1585070455628 0.2699607312679291 67
1585070488367 0.2633565366268158 68
1585070521614 0.26196977496147156 69
1585070554055 0.26005980372428894 70
1585070586582 0.26204714179039 71
1585070618959 0.26777249574661255 72
1585070651690 0.2627538740634918 73
1585070689545 0.261026531457901 74
1585070730711 0.2542092204093933 75
1585070774298 0.2624385952949524 76
1585070817163 0.2641102075576782 77
1585070863604 0.25316888093948364 78
1585070908008 0.2568763792514801 79
1585070945909 0.25817224383354187 80
1585070978469 0.25863999128341675 81
1585071010772 0.24783703684806824 82
1585071043382 0.25419262051582336 83
1585071076286 0.2614736258983612 84
1585071108775 0.2511257231235504 85
1585071141016 0.24446947872638702 86
1585071173295 0.2477886974811554 87
1585071212685 0.25289344787597656 88
1585071255627 0.24957707524299622 89
1585071298004 0.2463311105966568 90
1585071341856 0.257846862077713 91
1585071382802 0.24826376140117645 92
1585071415757 0.2407931685447693 93
1585071447726 0.2539491653442383 94
1585071480342 0.24300575256347656 95
1585071512599 0.25818097591400146 96
1585071545006 0.24144510924816132 97
1585071577676 0.24357262253761292 98
1585071610475 0.24950367212295532 99
1585071646617 0.2469683587551117 100
1585071688222 0.24085620045661926 101
1585071733046 0.24226462841033936 102
1585071774917 0.25218328833580017 103
1585071819744 0.23993785679340363 104
1585071861726 0.23807242512702942 105
1585071903111 0.23862409591674805 106
1585071949769 0.24075794219970703 107
1585071987499 0.24144247174263 108
1585072020481 0.240770161151886 109
1585072052852 0.2440730482339859 110
1585072085731 0.2384956330060959 111
1585072118079 0.23599646985530853 112
1585072150539 0.24217046797275543 113
1585072183248 0.22972404956817627 114
1585072215815 0.23360536992549896 115
1585072247961 0.22935163974761963 116
1585072282054 0.23480527102947235 117
1585072314492 0.23976851999759674 118
1585072347121 0.22978997230529785 119
1585072379512 0.22967055439949036 120
1585072412852 0.2374643087387085 121
1585072445668 0.23608878254890442 122
1585072478308 0.2298728972673416 123
1585072519324 0.22897374629974365 124
1585072562058 0.2390746921300888 125
1585072605429 0.23006224632263184 126
1585072651347 0.22780682146549225 127
1585072691864 0.23036789894104004 128
1585072736578 0.23094311356544495 129
1585072781578 0.2303704023361206 130
1585072822911 0.22089526057243347 131
1585072855366 0.2300293743610382 132
1585072888161 0.23697704076766968 133
1585072920966 0.2390584647655487 134
1585072953596 0.2309570014476776 135
1585072986227 0.2233644425868988 136
1585073018987 0.22146916389465332 137
1585073051865 0.23716288805007935 138
1585073084369 0.23245830833911896 139
1585073116909 0.22561036050319672 140
1585073149323 0.2412877380847931 141
1585073190907 0.22765564918518066 142
1585073234572 0.22225993871688843 143
1585073274976 0.21923433244228363 144
1585073315669 0.22450050711631775 145
1585073359349 0.22135451436042786 146
1585073403122 0.23191264271736145 147
1585073449487 0.21763017773628235 148
1585073487645 0.21846674382686615 149
1585073519992 0.2223978042602539 150
1585073551533 0.21521195769309998 151
1585073583031 0.21654421091079712 152
1585073614916 0.2216411679983139 153
1585073646743 0.21983951330184937 154
1585073678549 0.22748975455760956 155
1585073710253 0.21904447674751282 156
1585073742302 0.21278077363967896 157
1585073774597 0.21770112216472626 158
1585073806662 0.2130887508392334 159
1585073838763 0.22021961212158203 160
1585073870931 0.22009612619876862 161
1585073903194 0.22461611032485962 162
1585073934747 0.22282089293003082 163
1585073966371 0.21090470254421234 164
1585073999448 0.21492889523506165 165
1585074031257 0.2191285490989685 166
1585074063176 0.2113008350133896 167
1585074095223 0.22188572585582733 168
1585074126842 0.23492074012756348 169
1585074158988 0.21756382286548615 170
1585074190744 0.21853534877300262 171
1585074222571 0.21830695867538452 172
1585074254232 0.23342940211296082 173
1585074286232 0.21535566449165344 174
1585074318122 0.21380628645420074 175
1585074349933 0.21906611323356628 176
1585074381904 0.2202475368976593 177
1585074413786 0.21039608120918274 178
1585074446640 0.20852449536323547 179
1585074478743 0.21438300609588623 180
1585074510677 0.20872583985328674 181
1585074542723 0.20578546822071075 182
1585074574577 0.21748124063014984 183
1585074606625 0.21318359673023224 184
1585074638576 0.21420972049236298 185
1585074670233 0.21387964487075806 186
1585074702370 0.21120785176753998 187
1585074734425 0.20711277425289154 188
1585074766363 0.20797009766101837 189
1585074798711 0.2211752086877823 190
1585074830441 0.21149516105651855 191
1585074862356 0.22539924085140228 192
1585074895065 0.20336265861988068 193
1585074927073 0.211164653301239 194
1585074958992 0.21351388096809387 195
1585074990975 0.20633354783058167 196
1585075023113 0.21481303870677948 197
1585075054935 0.20622073113918304 198
1585075086946 0.20680391788482666 199
1585075118705 0.20447389781475067 200
1585075152208 0.21079455316066742 201
1585075184143 0.21446150541305542 202
1585075216328 0.19688862562179565 203
1585075248366 0.19775383174419403 204
1585075280401 0.19901423156261444 205
1585075312547 0.205966055393219 206
1585075344574 0.20506079494953156 207
1585075377867 0.20779858529567719 208
1585075410149 0.20105165243148804 209
1585075442014 0.21198463439941406 210
1585075473831 0.1946767121553421 211
1585075506054 0.20182305574417114 212
1585075538242 0.21463584899902344 213
1585075570869 0.21001967787742615 214
1585075603766 0.19963602721691132 215
1585075636529 0.20041905343532562 216
1585075669146 0.19847026467323303 217
1585075702141 0.20620402693748474 218
1585075734787 0.1943962126970291 219
1585075767305 0.20203569531440735 220
1585075799820 0.1991022229194641 221
1585075832442 0.20332369208335876 222
1585075865039 0.20810745656490326 223
1585075897608 0.20226582884788513 224
1585075930029 0.20809653401374817 225
1585075962732 0.2023015171289444 226
1585075995663 0.20346477627754211 227
1585076028433 0.20701542496681213 228
1585076061083 0.20321674644947052 229
1585076093531 0.19606275856494904 230
1585076126017 0.19486357271671295 231
1585076158620 0.20136462152004242 232
1585076192231 0.19192220270633698 233
1585076224867 0.1967218518257141 234
1585076257412 0.19559231400489807 235
1585076289965 0.2024567425251007 236
1585076322575 0.1992032527923584 237
1585076355026 0.1933785378932953 238
1585076387619 0.20324349403381348 239
1585076420803 0.1952422708272934 240
1585076453118 0.2064928412437439 241
1585076485934 0.20006388425827026 242
1585076518275 0.19317173957824707 243
1585076551190 0.1891222894191742 244
1585076583646 0.20211726427078247 245
1585076617188 0.19297441840171814 246
1585076649616 0.19439776241779327 247
1585076682455 0.19251102209091187 248
1585076715183 0.19269339740276337 249
1585076747598 0.19341416656970978 250
1585076780399 0.1926833987236023 251
1585076813123 0.19137047231197357 252
1585076846389 0.19599032402038574 253
1585076879238 0.19048981368541718 254
1585076911962 0.18962758779525757 255
1585076944369 0.18626901507377625 256
1585076977113 0.2067132592201233 257
1585077009822 0.19915910065174103 258
1585077042591 0.19718879461288452 259
1585077075313 0.19651839137077332 260
1585077108013 0.19281773269176483 261
1585077140407 0.18920715153217316 262
1585077173121 0.18185336887836456 263
1585077205885 0.19521939754486084 264
1585077238502 0.19101491570472717 265
1585077271443 0.18706576526165009 266
1585077303890 0.1925116926431656 267
1585077336325 0.20066915452480316 268
1585077368896 0.1883043497800827 269
1585077401307 0.19011594355106354 270
1585077433776 0.20546232163906097 271
1585077466147 0.18729573488235474 272
1585077499640 0.1896403282880783 273
1585077531969 0.21231423318386078 274
1585077565125 0.18932688236236572 275
1585077598231 0.19063931703567505 276
1585077630671 0.18985557556152344 277
1585077663278 0.20498691499233246 278
1585077695788 0.18988314270973206 279
1585077728205 0.192521333694458 280
1585077760772 0.18603689968585968 281
1585077793376 0.18846440315246582 282
1585077825936 0.18279150128364563 283
1585077859024 0.18528436124324799 284
1585077891485 0.18452170491218567 285
1585077924221 0.18333446979522705 286
1585077956528 0.19207681715488434 287
1585077989291 0.18189123272895813 288
1585078022898 0.18237465620040894 289
1585078055457 0.1786801964044571 290
1585078088219 0.18841606378555298 291
1585078120914 0.18759873509407043 292
1585078154718 0.18941755592823029 293
1585078187593 0.1893530786037445 294
1585078220202 0.18688413500785828 295
1585078252814 0.17969584465026855 296
1585078285388 0.1869622766971588 297
1585078318090 0.1781826764345169 298
1585078351322 0.18496084213256836 299
1585078384210 0.1948774755001068 300
1585078417493 0.17702187597751617 301
1585078450150 0.17205685377120972 302
1585078483424 0.17907147109508514 303
1585078516196 0.18193064630031586 304
1585078550023 0.18719568848609924 305
1585078582686 0.17870256304740906 306
1585078615115 0.1811368614435196 307
1585078647533 0.17715635895729065 308
1585078680647 0.18375496566295624 309
1585078713473 0.17941196262836456 310
1585078746004 0.17173151671886444 311
1585078778909 0.18886636197566986 312
1585078811347 0.18043820559978485 313
1585078843944 0.17290230095386505 314
1585078877668 0.17767135798931122 315
1585078910130 0.1799044907093048 316
1585078942755 0.17870651185512543 317
1585078975433 0.17854821681976318 318
1585079007969 0.18533729016780853 319
1585079040737 0.18221864104270935 320
1585079073111 0.18314552307128906 321
1585079105569 0.18283694982528687 322
1585079137987 0.17326775193214417 323
1585079171383 0.1829511970281601 324
1585079203724 0.17302319407463074 325
1585079236444 0.1835210621356964 326
1585079269154 0.16972431540489197 327
1585079301731 0.1795220524072647 328
1585079334250 0.19180504977703094 329
1585079367050 0.17979000508785248 330
1585079399786 0.19285768270492554 331
1585079432658 0.17566131055355072 332
1585079465204 0.1729206144809723 333
1585079497936 0.1772918403148651 334
1585079530680 0.17356596887111664 335
1585079563196 0.1721949279308319 336
1585079595451 0.18632987141609192 337
1585079628184 0.17472204566001892 338
1585079660579 0.1710488200187683 339
1585079693033 0.16951079666614532 340
1585079725705 0.17688602209091187 341
1585079758196 0.17497427761554718 342
1585079791002 0.17729005217552185 343
1585079823668 0.17735671997070312 344
1585079856838 0.18272563815116882 345
1585079890569 0.17106042802333832 346
1585079924247 0.18079984188079834 347
1585079957004 0.17508246004581451 348
1585079989580 0.16992270946502686 349
1585080021889 0.1686779409646988 350
1585080054342 0.16431835293769836 351
1585080086833 0.18605032563209534 352
1585080119252 0.18135687708854675 353
1585080151696 0.1780928075313568 354
1585080184111 0.16208311915397644 355
1585080216564 0.17351384460926056 356
1585080249438 0.17063327133655548 357
1585080282357 0.17519879341125488 358
1585080314764 0.16528324782848358 359
1585080347354 0.16829176247119904 360
1585080380184 0.18241149187088013 361
1585080412837 0.16214458644390106 362
1585080445494 0.17846810817718506 363
1585080477907 0.16387715935707092 364
1585080510505 0.16799916326999664 365
1585080543054 0.17096291482448578 366
1585080575803 0.16734984517097473 367
1585080608376 0.17038193345069885 368
1585080641066 0.17065075039863586 369
1585080674180 0.16779612004756927 370
1585080706856 0.15919871628284454 371
1585080739535 0.17193007469177246 372
1585080772029 0.16640877723693848 373
1585080804655 0.16601815819740295 374
1585080837581 0.16492551565170288 375
1585080870324 0.17410047352313995 376
1585080903341 0.16923648118972778 377
1585080935939 0.17621520161628723 378
1585080968571 0.17397570610046387 379
1585081000963 0.1665637344121933 380
1585081033798 0.17921988666057587 381
1585081066251 0.16370373964309692 382
1585081099811 0.163759246468544 383
1585081132177 0.16660092771053314 384
1585081164797 0.1728743463754654 385
1585081197547 0.16788916289806366 386
1585081230118 0.16827526688575745 387
1585081262546 0.16076907515525818 388
1585081295279 0.17405106127262115 389
1585081327807 0.1569642573595047 390
1585081360402 0.1692490130662918 391
1585081392931 0.16938981413841248 392
1585081427715 0.15810509026050568 393
1585081460162 0.1693301796913147 394
1585081492774 0.15888509154319763 395
1585081525139 0.15743404626846313 396
1585081557775 0.16475483775138855 397
1585081590535 0.17452049255371094 398
1585081623899 0.166862353682518 399
1585081656757 0.1715613156557083 400
1585081689339 0.16410039365291595 401
1585081721768 0.16619807481765747 402
1585081754120 0.16726021468639374 403
1585081786436 0.1598295420408249 404
1585081818750 0.16782532632350922 405
1585081851289 0.1609971523284912 406
1585081883607 0.16161957383155823 407
1585081915800 0.18393559753894806 408
1585081948662 0.16495968401432037 409
1585081981817 0.16220583021640778 410
1585082014199 0.16408327221870422 411
1585082046679 0.16682937741279602 412
1585082079398 0.17068886756896973 413
1585082111855 0.1548982560634613 414
1585082144413 0.1713351607322693 415
1585082176723 0.16397182643413544 416
1585082209185 0.16309505701065063 417
1585082241456 0.16798685491085052 418
1585082273909 0.15475621819496155 419
1585082306520 0.17633965611457825 420
1585082339234 0.1697901487350464 421
1585082371792 0.16214673221111298 422
1585082404217 0.15159574151039124 423
1585082436785 0.15808697044849396 424
1585082469358 0.15724341571331024 425
1585082502369 0.15663428604602814 426
1585082535659 0.17415300011634827 427
1585082568097 0.1526785045862198 428
1585082600636 0.16855932772159576 429
1585082634259 0.15687385201454163 430
1585082666529 0.1631019413471222 431
1585082699215 0.1642538458108902 432
1585082731774 0.16755607724189758 433
1585082764343 0.16559001803398132 434
1585082796974 0.1557360589504242 435
1585082829533 0.160867840051651 436
1585082862400 0.16539031267166138 437
1585082894826 0.1543816328048706 438
1585082927643 0.15727566182613373 439
1585082960290 0.1543935090303421 440
1585082993415 0.16350704431533813 441
1585083025912 0.15925320982933044 442
1585083058436 0.16020092368125916 443
1585083090976 0.15800319612026215 444
1585083124042 0.1574559360742569 445
1585083156622 0.167707160115242 446
1585083189091 0.16531644761562347 447
1585083221867 0.15887747704982758 448
1585083254560 0.1621655970811844 449
1585083287099 0.1619635969400406 450
1585083320015 0.15699617564678192 451
1585083352677 0.15561899542808533 452
1585083387298 0.14756710827350616 453
1585083420316 0.16810718178749084 454
1585083452844 0.1482660174369812 455
1585083485332 0.14817941188812256 456
1585083518183 0.15739749372005463 457
1585083550658 0.14690780639648438 458
1585083583019 0.15551531314849854 459
1585083615231 0.1817554533481598 460
1585083647698 0.14680451154708862 461
1585083680401 0.15709295868873596 462
1585083712832 0.1575082540512085 463
1585083745701 0.1431974172592163 464
1585083779320 0.15992939472198486 465
1585083812277 0.16283029317855835 466
1585083845433 0.15066885948181152 467
1585083878205 0.15624789893627167 468
1585083911254 0.15241612493991852 469
1585083943606 0.1580604463815689 470
1585083976238 0.14970111846923828 471
1585084009598 0.1499728560447693 472
1585084042132 0.1536271572113037 473
1585084074693 0.15508759021759033 474
1585084107269 0.14789074659347534 475
1585084140930 0.1514595001935959 476
1585084173485 0.15079371631145477 477
1585084206061 0.15282444655895233 478
1585084238740 0.15206433832645416 479
1585084271491 0.15615621209144592 480
1585084304038 0.1586644947528839 481
1585084336806 0.16843920946121216 482
1585084369376 0.15376058220863342 483
1585084402273 0.151233971118927 484
1585084434919 0.15276896953582764 485
1585084467986 0.15039047598838806 486
1585084500554 0.15817628800868988 487
1585084533186 0.15584635734558105 488
1585084566559 0.15312637388706207 489
1585084601504 0.15603023767471313 490
1585084633827 0.14805831015110016 491
1585084668517 0.1492035984992981 492
1585084701110 0.1493704617023468 493
1585084734177 0.14869531989097595 494
1585084766787 0.1533229500055313 495
1585084799775 0.14826834201812744 496
1585084832381 0.148055300116539 497
1585084865260 0.15291941165924072 498
1585084898027 0.16534045338630676 499
1585084930513 0.1427096426486969 500
1585084962848 0.15711571276187897 501
1585084995725 0.14855578541755676 502
1585085028624 0.15675820410251617 503
1585085060960 0.1485327184200287 504
1585085093729 0.15049032866954803 505
1585085126277 0.1442311406135559 506
1585085159073 0.14690931141376495 507
1585085191815 0.15194958448410034 508
1585085224520 0.14791211485862732 509
1585085257053 0.15045258402824402 510
1585085290037 0.15080046653747559 511
1585085322719 0.15020449459552765 512
1585085355425 0.14462879300117493 513
1585085387928 0.14485080540180206 514
1585085420522 0.15095925331115723 515
1585085453683 0.15023644268512726 516
1585085486137 0.14911317825317383 517
1585085518868 0.14845919609069824 518
1585085551357 0.1438930183649063 519
1585085584110 0.1668458878993988 520
1585085616535 0.14915762841701508 521
1585085648866 0.14974522590637207 522
1585085681442 0.1523253321647644 523
1585085714107 0.1558263897895813 524
1585085746738 0.14657634496688843 525
1585085780084 0.14853817224502563 526
1585085812423 0.14257724583148956 527
1585085845222 0.1466871052980423 528
1585085877814 0.14488613605499268 529
1585085911306 0.1456288844347 530
1585085943716 0.14975151419639587 531
1585085976004 0.1459333598613739 532
1585086008670 0.15087240934371948 533
1585086041151 0.15814583003520966 534
1585086073632 0.14611554145812988 535
1585086106276 0.1480654776096344 536
1585086138681 0.1651085615158081 537
1585086171042 0.1514577716588974 538
1585086204738 0.15288382768630981 539
1585086237403 0.14201295375823975 540
1585086270329 0.14236687123775482 541
1585086303067 0.1406945288181305 542
1585086335755 0.15469355881214142 543
1585086368323 0.15978588163852692 544
1585086400911 0.145051047205925 545
1585086433533 0.14656277000904083 546
1585086466042 0.15579792857170105 547
1585086499087 0.14669258892536163 548
1585086531643 0.15145516395568848 549
1585086564442 0.14534734189510345 550
1585086596838 0.14533813297748566 551
1585086629588 0.13988423347473145 552
1585086662860 0.14977394044399261 553
1585086695601 0.14682084321975708 554
1585086727937 0.14038032293319702 555
1585086760808 0.1413765400648117 556
1585086793375 0.14481785893440247 557
1585086826343 0.1475072056055069 558
1585086859118 0.1385975033044815 559
1585086891462 0.1483565866947174 560
1585086924701 0.1483064740896225 561
1585086957496 0.13958869874477386 562
1585086990212 0.1408044993877411 563
1585087024722 0.14227138459682465 564
1585087057277 0.15227583050727844 565
1585087089966 0.13967403769493103 566
1585087123270 0.15795031189918518 567
1585087155894 0.15066754817962646 568
1585087188411 0.15732544660568237 569
1585087220926 0.14983555674552917 570
1585087253739 0.14357513189315796 571
1585087286089 0.1399703025817871 572
1585087318642 0.1435924619436264 573
1585087351420 0.1350044310092926 574
1585087383941 0.14281399548053741 575
1585087417224 0.1481618583202362 576
1585087449868 0.14071819186210632 577
1585087482597 0.13300885260105133 578
1585087515327 0.14413726329803467 579
1585087547958 0.14539435505867004 580
1585087581380 0.13990060985088348 581
1585087613931 0.14816336333751678 582
1585087646218 0.1439608782529831 583
1585087678812 0.14704790711402893 584
1585087712083 0.13595125079154968 585
1585087744595 0.13842342793941498 586
1585087777186 0.1442994475364685 587
1585087809929 0.1361454725265503 588
1585087842612 0.13948550820350647 589
1585087875538 0.14373627305030823 590
1585087908583 0.1409115046262741 591
1585087941098 0.13914142549037933 592
1585087973667 0.13852982223033905 593
1585088006362 0.1462232619524002 594
1585088039172 0.1371026337146759 595
1585088071705 0.14295855164527893 596
1585088104276 0.14843802154064178 597
1585088136866 0.13647468388080597 598
1585088169183 0.14576873183250427 599
1585088201736 0.1346200704574585 600
1585088234363 0.14427925646305084 601
1585088266737 0.13491494953632355 602
1585088299308 0.13321277499198914 603
1585088331668 0.13907676935195923 604
1585088364313 0.13988524675369263 605
1585088397177 0.13593296706676483 606
1585088429991 0.13509421050548553 607
1585088462787 0.1461036205291748 608
1585088495603 0.14338967204093933 609
1585088528051 0.14091485738754272 610
1585088560438 0.13767825067043304 611
1585088592936 0.13569338619709015 612
1585088626214 0.14714966714382172 613
1585088658455 0.1405349224805832 614
1585088690595 0.12671643495559692 615
1585088722699 0.13595163822174072 616
1585088755259 0.1459086537361145 617
1585088787485 0.1387801468372345 618
1585088820160 0.14305806159973145 619
1585088852929 0.14350469410419464 620
1585088885129 0.13683274388313293 621
1585088916944 0.13537271320819855 622
1585088949220 0.1378687620162964 623
1585088980963 0.13469025492668152 624
1585089013289 0.13406945765018463 625
1585089045092 0.14411641657352448 626
1585089076883 0.15887615084648132 627
1585089108987 0.1518394649028778 628
1585089141830 0.14873149991035461 629
1585089173864 0.13593991100788116 630
1585089205954 0.13740791380405426 631
1585089238619 0.13848181068897247 632
1585089271092 0.13280504941940308 633
1585089303245 0.13441917300224304 634
1585089335095 0.13475117087364197 635
1585089367464 0.13134323060512543 636
1585089399432 0.13752160966396332 637
1585089431220 0.13861937820911407 638
1585089463168 0.14144115149974823 639
1585089494659 0.13825179636478424 640
1585089526633 0.14321987330913544 641
1585089558641 0.14057844877243042 642
1585089590671 0.13198333978652954 643
1585089622821 0.1603044867515564 644
1585089655210 0.1389196217060089 645
1585089687719 0.13524319231510162 646
1585089719493 0.14017519354820251 647
1585089751452 0.13934628665447235 648
1585089783413 0.12599273025989532 649
1585089815543 0.13384407758712769 650
1585089847667 0.13393710553646088 651
1585089879687 0.13019537925720215 652
1585089911932 0.13140825927257538 653
1585089943698 0.13333863019943237 654
1585089975544 0.1387014091014862 655
1585090007324 0.13002437353134155 656
1585090039163 0.13238656520843506 657
1585090071263 0.13172951340675354 658
1585090103624 0.13918769359588623 659
1585090135572 0.14586688578128815 660
1585090167548 0.13558754324913025 661
1585090199559 0.13196337223052979 662
1585090231491 0.1378176510334015 663
1585090263861 0.13866892457008362 664
1585090297168 0.13252314925193787 665
1585090329192 0.1325797289609909 666
1585090361163 0.14374302327632904 667
1585090393357 0.136968195438385 668
1585090425226 0.1300944685935974 669
1585090457494 0.13091564178466797 670
1585090489655 0.13060712814331055 671
1585090521904 0.13699860870838165 672
1585090553882 0.13952328264713287 673
1585090585838 0.13285642862319946 674
1585090617784 0.13701240718364716 675
1585090649698 0.12937675416469574 676
1585090681816 0.13504774868488312 677
1585090713566 0.13005831837654114 678
1585090745422 0.12969434261322021 679
1585090777151 0.14708469808101654 680
1585090809501 0.13952092826366425 681
1585090842255 0.1261395663022995 682
1585090874443 0.12792034447193146 683
1585090907012 0.12520058453083038 684
1585090940411 0.12836124002933502 685
1585090973034 0.13114239275455475 686
1585091006446 0.12650682032108307 687
1585091039730 0.128956139087677 688
1585091072809 0.13171394169330597 689
1585091105940 0.12947295606136322 690
1585091139151 0.14028024673461914 691
1585091172424 0.13176248967647552 692
1585091205235 0.13646583259105682 693
1585091238343 0.12998297810554504 694
1585091271309 0.1330852061510086 695
1585091304560 0.13234268128871918 696
1585091337759 0.1333572119474411 697
1585091370916 0.1257324516773224 698
1585091404242 0.13583984971046448 699
1585091437480 0.12773647904396057 700
