1585068265358 0.8505749702453613 0
1585068297286 0.7582588195800781 1
1585068329406 0.7078867554664612 2
1585068361267 0.6801301836967468 3
1585068393650 0.6754475235939026 4
1585068425549 0.6602656841278076 5
1585068457364 0.6457200646400452 6
1585068489486 0.6216797232627869 7
1585068521183 0.6052224636077881 8
1585068552503 0.5718501210212708 9
1585068584153 0.5562986135482788 10
1585068615753 0.5302959084510803 11
1585068647244 0.5130652189254761 12
1585068679250 0.4972380995750427 13
1585068711112 0.4811260402202606 14
1585068743547 0.47060686349868774 15
1585068775490 0.4617390036582947 16
1585068807186 0.4516615867614746 17
1585068838648 0.44345393776893616 18
1585068871001 0.4297003746032715 19
1585068903004 0.42340755462646484 20
1585068935004 0.4110819399356842 21
1585068967121 0.4052536189556122 22
1585068999738 0.39615628123283386 23
1585069031625 0.38616713881492615 24
1585069063710 0.3826274573802948 25
1585069095284 0.3765341341495514 26
1585069127387 0.3726392984390259 27
1585069159731 0.36751022934913635 28
1585069191731 0.3626644015312195 29
1585069224400 0.35722681879997253 30
1585069255870 0.35529014468193054 31
1585069288136 0.35607919096946716 32
1585069320041 0.3488631844520569 33
1585069352102 0.3443984389305115 34
1585069383667 0.3399258255958557 35
1585069415750 0.3440191149711609 36
1585069447796 0.33535081148147583 37
1585069479670 0.3328835666179657 38
1585069511235 0.3291316628456116 39
1585069543439 0.3309035897254944 40
1585069575315 0.3254822790622711 41
1585069607160 0.32477107644081116 42
1585069639196 0.3222702145576477 43
1585069671366 0.31760355830192566 44
1585069703683 0.32133933901786804 45
1585069735712 0.3170544505119324 46
1585069767813 0.31605497002601624 47
1585069800004 0.30925530195236206 48
1585069832468 0.3081246614456177 49
1585069865254 0.30645397305488586 50
1585069898539 0.30040767788887024 51
1585069940984 0.30614012479782104 52
1585069981890 0.2951847314834595 53
1585070018705 0.3029177486896515 54
1585070051505 0.3034694194793701 55
1585070084073 0.2992987036705017 56
1585070117352 0.293941468000412 57
1585070150113 0.2927929162979126 58
1585070182592 0.29378360509872437 59
1585070215590 0.2868563234806061 60
1585070248050 0.2822595536708832 61
1585070280402 0.2875252664089203 62
1585070312794 0.29562124609947205 63
1585070346290 0.2815944254398346 64
1585070378734 0.28425708413124084 65
1585070411401 0.28466564416885376 66
1585070444016 0.2784658372402191 67
1585070477009 0.2808528244495392 68
1585070509579 0.2777598202228546 69
1585070542586 0.2823368310928345 70
1585070575172 0.27042844891548157 71
1585070607544 0.28149110078811646 72
1585070640305 0.2720779478549957 73
1585070672839 0.27063602209091187 74
1585070716477 0.2702755033969879 75
1585070759034 0.2684788107872009 76
1585070801408 0.26810142397880554 77
1585070847391 0.27362385392189026 78
1585070892066 0.2677869200706482 79
1585070934662 0.2597406506538391 80
1585070967019 0.27076709270477295 81
1585070999408 0.2709738612174988 82
1585071031913 0.28423234820365906 83
1585071064531 0.26347076892852783 84
1585071097416 0.2658040225505829 85
1585071129742 0.25516554713249207 86
1585071161831 0.26112356781959534 87
1585071197867 0.25017181038856506 88
1585071240600 0.2545706629753113 89
1585071282287 0.2538014352321625 90
1585071326365 0.2527257204055786 91
1585071366696 0.25465476512908936 92
1585071404370 0.24941685795783997 93
1585071436518 0.24918760359287262 94
1585071468874 0.24338775873184204 95
1585071501276 0.2446805089712143 96
1585071533555 0.24367009103298187 97
1585071566143 0.25149884819984436 98
1585071598883 0.24802565574645996 99
1585071635045 0.24086067080497742 100
1585071671695 0.24664361774921417 101
1585071717918 0.24178361892700195 102
1585071760108 0.24418476223945618 103
1585071802909 0.24054676294326782 104
1585071847682 0.24862170219421387 105
1585071890790 0.23852045834064484 106
1585071933923 0.2446238249540329 107
1585071976038 0.2385973483324051 108
1585072009052 0.23483724892139435 109
1585072041538 0.2425040453672409 110
1585072074270 0.2301110178232193 111
1585072106671 0.23461733758449554 112
1585072139100 0.24045896530151367 113
1585072171935 0.2285449057817459 114
1585072204321 0.23640860617160797 115
1585072236768 0.23819589614868164 116
1585072270492 0.22959144413471222 117
1585072303043 0.23740972578525543 118
1585072335516 0.2324712872505188 119
1585072368030 0.22637134790420532 120
1585072401507 0.23038265109062195 121
1585072434226 0.23137728869915009 122
1585072466592 0.2302175611257553 123
1585072502803 0.22273631393909454 124
1585072547826 0.23091237246990204 125
1585072590759 0.2210383117198944 126
1585072634101 0.22429104149341583 127
1585072677753 0.2271333485841751 128
1585072722067 0.2204558253288269 129
1585072765524 0.22760698199272156 130
1585072810092 0.22964592278003693 131
1585072843982 0.22148394584655762 132
1585072876656 0.2367103099822998 133
1585072909448 0.22492964565753937 134
1585072941959 0.2184499204158783 135
1585072974761 0.2206566333770752 136
1585073007528 0.22124695777893066 137
1585073040548 0.21824009716510773 138
1585073072900 0.22129853069782257 139
1585073105372 0.21637755632400513 140
1585073137948 0.21301957964897156 141
1585073175912 0.212284117937088 142
1585073219276 0.2190152257680893 143
1585073259073 0.2145608514547348 144
1585073299876 0.21151766180992126 145
1585073343980 0.21245558559894562 146
1585073386649 0.21527501940727234 147
1585073433896 0.21069231629371643 148
1585073476198 0.2289953976869583 149
1585073508557 0.21020740270614624 150
1585073540604 0.2092636078596115 151
1585073571985 0.20633167028427124 152
1585073603580 0.2106695920228958 153
1585073635405 0.20778639614582062 154
1585073667216 0.20640885829925537 155
1585073698941 0.21005983650684357 156
1585073730993 0.20875364542007446 157
1585073763484 0.20196010172367096 158
1585073795323 0.20929235219955444 159
1585073827428 0.19699054956436157 160
1585073859572 0.2017287164926529 161
1585073891773 0.20293259620666504 162
1585073923794 0.20221096277236938 163
1585073955047 0.2078385055065155 164
1585073987967 0.19754424691200256 165
1585074019983 0.2002972960472107 166
1585074051876 0.20354634523391724 167
1585074083925 0.20333199203014374 168
1585074115770 0.1995944380760193 169
1585074147632 0.2021588534116745 170
1585074179684 0.19507744908332825 171
1585074211445 0.1982486993074417 172
1585074243243 0.19568826258182526 173
1585074275021 0.19723089039325714 174
1585074306780 0.1908217966556549 175
1585074338898 0.19329914450645447 176
1585074370793 0.20076365768909454 177
1585074402370 0.20053011178970337 178
1585074434821 0.19910456240177155 179
1585074467333 0.1938459873199463 180
1585074499386 0.19487932324409485 181
1585074531355 0.19283248484134674 182
1585074563332 0.20033322274684906 183
1585074595431 0.19128082692623138 184
1585074627440 0.19949324429035187 185
1585074659086 0.19003894925117493 186
1585074690991 0.1926298886537552 187
1585074723094 0.18937183916568756 188
1585074755278 0.19001446664333344 189
1585074787102 0.19601479172706604 190
1585074819421 0.18954354524612427 191
1585074851339 0.18916144967079163 192
1585074883079 0.19041483104228973 193
1585074915676 0.18697315454483032 194
1585074947660 0.18384778499603271 195
1585074979814 0.1903436928987503 196
1585075011774 0.1925780475139618 197
1585075043812 0.1889774203300476 198
1585075075665 0.1852549910545349 199
1585075107367 0.1896667182445526 200
1585075139575 0.18233618140220642 201
1585075173016 0.19774189591407776 202
1585075205158 0.1840655505657196 203
1585075237005 0.17692036926746368 204
1585075269092 0.18830770254135132 205
1585075301217 0.18123020231723785 206
1585075333229 0.1894051879644394 207
1585075366593 0.1827714890241623 208
1585075398825 0.17968983948230743 209
1585075430585 0.1801651418209076 210
1585075462779 0.18514998257160187 211
1585075494709 0.18116804957389832 212
1585075526846 0.18124014139175415 213
1585075559338 0.18701082468032837 214
1585075592226 0.17958109080791473 215
1585075625079 0.17783395946025848 216
1585075657576 0.18006569147109985 217
1585075690644 0.17964912950992584 218
1585075723267 0.17466095089912415 219
1585075755887 0.18971385061740875 220
1585075788363 0.17799915373325348 221
1585075820867 0.17230422794818878 222
1585075853708 0.18252108991146088 223
1585075886141 0.17467589676380157 224
1585075918652 0.17665648460388184 225
1585075951241 0.17120058834552765 226
1585075984234 0.18067562580108643 227
1585076016948 0.1777447760105133 228
1585076049684 0.1778002232313156 229
1585076082010 0.18607103824615479 230
1585076114544 0.17243045568466187 231
1585076147088 0.18140138685703278 232
1585076179534 0.17981697618961334 233
1585076213250 0.1796576976776123 234
1585076245885 0.17350716888904572 235
1585076278508 0.1773388683795929 236
1585076311027 0.17568126320838928 237
1585076343659 0.17535024881362915 238
1585076376168 0.16767139732837677 239
1585076409367 0.17954306304454803 240
1585076441775 0.16730470955371857 241
1585076474364 0.17104367911815643 242
1585076506864 0.16938291490077972 243
1585076539659 0.17230069637298584 244
1585076572297 0.16900217533111572 245
1585076605753 0.16796191036701202 246
1585076638285 0.16500581800937653 247
1585076670965 0.16222265362739563 248
1585076703662 0.17439720034599304 249
1585076736136 0.1685364842414856 250
1585076768811 0.1665726602077484 251
1585076801599 0.1766587346792221 252
1585076834878 0.1759757250547409 253
1585076867485 0.16851480305194855 254
1585076900338 0.16760174930095673 255
1585076932997 0.1719350963830948 256
1585076965567 0.16231994330883026 257
1585076998443 0.18703889846801758 258
1585077031065 0.16423793137073517 259
1585077063848 0.17234456539154053 260
1585077096515 0.16897642612457275 261
1585077129024 0.17003081738948822 262
1585077161556 0.1648206263780594 263
1585077194237 0.16058418154716492 264
1585077226999 0.16717950999736786 265
1585077259836 0.1631758213043213 266
1585077292536 0.16076527535915375 267
1585077324929 0.16180498898029327 268
1585077357420 0.16837002336978912 269
1585077389945 0.15855738520622253 270
1585077422160 0.1572960764169693 271
1585077454736 0.1731584668159485 272
1585077487952 0.15834075212478638 273
1585077520598 0.15797793865203857 274
1585077553817 0.15957093238830566 275
1585077586508 0.166499063372612 276
1585077619309 0.16340385377407074 277
1585077651816 0.1699664443731308 278
1585077684364 0.1635676473379135 279
1585077716736 0.1593005508184433 280
1585077749256 0.16042597591876984 281
1585077781879 0.16222961246967316 282
1585077814481 0.16500312089920044 283
1585077847318 0.15655359625816345 284
1585077879921 0.16419655084609985 285
1585077912576 0.15925297141075134 286
1585077945267 0.15322355926036835 287
1585077977825 0.17189174890518188 288
1585078011380 0.15833616256713867 289
1585078043937 0.157194122672081 290
1585078076791 0.1699203997850418 291
1585078109363 0.1596759408712387 292
1585078142202 0.15951648354530334 293
1585078176116 0.15600627660751343 294
1585078208688 0.15141265094280243 295
1585078241291 0.16127847135066986 296
1585078273855 0.1509581208229065 297
1585078306594 0.16526545584201813 298
1585078339904 0.16912157833576202 299
1585078372608 0.1490127146244049 300
1585078405288 0.1539185792207718 301
1585078438666 0.1637539267539978 302
1585078471556 0.15874162316322327 303
1585078504711 0.16486625373363495 304
1585078537355 0.14877167344093323 305
1585078571207 0.1529352217912674 306
1585078603642 0.15087701380252838 307
1585078636084 0.15799985826015472 308
1585078669049 0.16150589287281036 309
1585078701695 0.15924249589443207 310
1585078734497 0.1536022424697876 311
1585078767359 0.15550826489925385 312
1585078800010 0.1519441306591034 313
1585078832308 0.1493956297636032 314
1585078865681 0.15062130987644196 315
1585078898627 0.14714114367961884 316
1585078931250 0.14910830557346344 317
1585078964037 0.1598360538482666 318
1585078996504 0.1590002179145813 319
1585079029194 0.14696355164051056 320
1585079061597 0.1502389907836914 321
1585079094036 0.15090839564800262 322
1585079126675 0.15140029788017273 323
1585079158952 0.14686565101146698 324
1585079192416 0.15614080429077148 325
1585079225052 0.14825452864170074 326
1585079257704 0.15662753582000732 327
1585079290311 0.1466904729604721 328
1585079322759 0.15048237144947052 329
1585079355806 0.14411933720111847 330
1585079388249 0.14455671608448029 331
1585079421035 0.15353496372699738 332
1585079453817 0.14652681350708008 333
1585079486483 0.1471365988254547 334
1585079519101 0.14124606549739838 335
1585079551805 0.16589617729187012 336
1585079584254 0.1557377576828003 337
1585079616739 0.16267825663089752 338
1585079649070 0.14946305751800537 339
1585079681632 0.1587696522474289 340
1585079714246 0.1561061143875122 341
1585079746763 0.14689107239246368 342
1585079779413 0.15004542469978333 343
1585079812172 0.15435142815113068 344
1585079844990 0.14456084370613098 345
1585079879157 0.17316266894340515 346
1585079911550 0.14880459010601044 347
1585079945590 0.1460074931383133 348
1585079978197 0.15051503479480743 349
1585080010524 0.14181695878505707 350
1585080043025 0.13894209265708923 351
1585080075400 0.14447106420993805 352
1585080107876 0.14211520552635193 353
1585080140243 0.14397397637367249 354
1585080172736 0.14773699641227722 355
1585080205011 0.15019641816616058 356
1585080237635 0.14223022758960724 357
1585080270844 0.13729113340377808 358
1585080303391 0.14246144890785217 359
1585080335825 0.13546481728553772 360
1585080368426 0.1401997059583664 361
1585080401256 0.13619105517864227 362
1585080433981 0.1383221596479416 363
1585080466540 0.13632138073444366 364
1585080499029 0.14432404935359955 365
1585080531552 0.15121270716190338 366
1585080564276 0.1391938328742981 367
1585080596806 0.13893885910511017 368
1585080629408 0.14494234323501587 369
1585080662945 0.14743399620056152 370
1585080695343 0.13771197199821472 371
1585080728142 0.1569550484418869 372
1585080760632 0.1301736831665039 373
1585080793104 0.14231152832508087 374
1585080825770 0.13651390373706818 375
1585080858571 0.14264559745788574 376
1585080891959 0.14653845131397247 377
1585080924375 0.14141936600208282 378
1585080957026 0.13981400430202484 379
1585080989563 0.14073093235492706 380
1585081022004 0.1409020721912384 381
1585081054844 0.13431522250175476 382
1585081087556 0.13879594206809998 383
1585081120757 0.1312648057937622 384
1585081153351 0.14164073765277863 385
1585081186054 0.1344916969537735 386
1585081218777 0.1344657987356186 387
1585081251288 0.13510315120220184 388
1585081283621 0.134414941072464 389
1585081316395 0.1420532763004303 390
1585081348979 0.1439337581396103 391
1585081381509 0.14276841282844543 392
1585081416366 0.13817307353019714 393
1585081448745 0.13726969063282013 394
1585081481275 0.12979060411453247 395
1585081513795 0.13477285206317902 396
1585081546231 0.13871094584465027 397
1585081578907 0.14677457511425018 398
1585081612059 0.13901086151599884 399
1585081645383 0.13504436612129211 400
1585081677789 0.13976968824863434 401
1585081710421 0.13851912319660187 402
1585081742776 0.13479188084602356 403
1585081774981 0.13094253838062286 404
1585081807364 0.13427306711673737 405
1585081839759 0.13695842027664185 406
1585081872217 0.1437431275844574 407
1585081904472 0.14450959861278534 408
1585081937111 0.1325012892484665 409
1585081970306 0.12761139869689941 410
1585082002796 0.1311270147562027 411
1585082035318 0.12948288023471832 412
1585082067874 0.14189590513706207 413
1585082100364 0.12850485742092133 414
1585082132997 0.13800795376300812 415
1585082165268 0.1375611275434494 416
1585082197767 0.1440790295600891 417
1585082230037 0.1316799521446228 418
1585082262668 0.14556607604026794 419
1585082294805 0.13443484902381897 420
1585082327518 0.12381865084171295 421
1585082360195 0.12971872091293335 422
1585082392754 0.12659287452697754 423
1585082425355 0.13298694789409637 424
1585082458019 0.13688364624977112 425
1585082490762 0.13225801289081573 426
1585082524123 0.1349530816078186 427
1585082556669 0.1351107507944107 428
1585082589225 0.12600912153720856 429
1585082621781 0.12862753868103027 430
1585082655269 0.13171716034412384 431
1585082687805 0.14447222650051117 432
1585082720218 0.12852776050567627 433
1585082752989 0.13327133655548096 434
1585082785439 0.12754260003566742 435
1585082818018 0.12821820378303528 436
1585082850682 0.13018393516540527 437
1585082883589 0.13172248005867004 438
1585082916021 0.12637974321842194 439
1585082948768 0.12703406810760498 440
1585082981518 0.137273371219635 441
1585083014578 0.12876562774181366 442
1585083046986 0.1295863389968872 443
1585083079559 0.13388991355895996 444
1585083112627 0.12577016651630402 445
1585083145192 0.13047659397125244 446
1585083177776 0.13548578321933746 447
1585083210268 0.13735602796077728 448
1585083243095 0.12990011274814606 449
1585083275590 0.14347152411937714 450
1585083308484 0.127071812748909 451
1585083341192 0.12816864252090454 452
1585083373682 0.1276058703660965 453
1585083409038 0.12709710001945496 454
1585083441325 0.12403412908315659 455
1585083473861 0.12651868164539337 456
1585083506575 0.12648116052150726 457
1585083539284 0.12729427218437195 458
1585083571613 0.13745653629302979 459
1585083603921 0.126841738820076 460
1585083636336 0.12330591678619385 461
1585083668844 0.12857688963413239 462
1585083701343 0.12782038748264313 463
1585083734194 0.12696392834186554 464
1585083767918 0.12844084203243256 465
1585083800841 0.1298377811908722 466
1585083834095 0.1236213818192482 467
1585083866801 0.12268298119306564 468
1585083899763 0.14750590920448303 469
1585083932267 0.12638096511363983 470
1585083964788 0.12497396022081375 471
1585083998216 0.1209259033203125 472
1585084030699 0.13415475189685822 473
1585084063212 0.13130760192871094 474
1585084095828 0.13589078187942505 475
1585084129391 0.12201754003763199 476
1585084161975 0.12278250604867935 477
1585084194528 0.1240609660744667 478
1585084227276 0.12794311344623566 479
1585084260006 0.12375239282846451 480
1585084292348 0.12720987200737 481
1585084325105 0.12811210751533508 482
1585084358056 0.14524291455745697 483
1585084390815 0.139372780919075 484
1585084423423 0.13129769265651703 485
1585084456603 0.12408194690942764 486
1585084489100 0.12568123638629913 487
1585084521688 0.11785576492547989 488
1585084554956 0.1219821348786354 489
1585084589844 0.12310559302568436 490
1585084622450 0.12520653009414673 491
1585084656984 0.12319031357765198 492
1585084689688 0.13264155387878418 493
1585084722486 0.11872637271881104 494
1585084755340 0.13502608239650726 495
1585084788040 0.11756850779056549 496
1585084820909 0.11998889595270157 497
1585084853788 0.1194423958659172 498
1585084886373 0.12373188138008118 499
1585084919069 0.12649528682231903 500
1585084951479 0.1164720430970192 501
1585084984226 0.1332206428050995 502
1585085017144 0.12787029147148132 503
1585085049567 0.11796111613512039 504
1585085082050 0.11970969289541245 505
1585085114747 0.12443934381008148 506
1585085147668 0.12235956639051437 507
1585085180288 0.12281950563192368 508
1585085213088 0.12132654339075089 509
1585085245801 0.11931848526000977 510
1585085278617 0.1143789142370224 511
1585085311232 0.12211956083774567 512
1585085344063 0.12672412395477295 513
1585085376499 0.11636397987604141 514
1585085408892 0.13506266474723816 515
1585085441889 0.1239103227853775 516
1585085474678 0.12394098192453384 517
1585085507397 0.11686941236257553 518
1585085540033 0.1179376170039177 519
1585085572621 0.12385744601488113 520
1585085605049 0.11613479256629944 521
1585085637497 0.13828222453594208 522
1585085669969 0.1137937605381012 523
1585085702595 0.11831233650445938 524
1585085735234 0.11850555986166 525
1585085768343 0.11375759541988373 526
1585085800934 0.12027910351753235 527
1585085833740 0.1167951449751854 528
1585085866273 0.11760850995779037 529
1585085899054 0.11463917791843414 530
1585085932326 0.11682698875665665 531
1585085964656 0.12850679457187653 532
1585085997118 0.11481431126594543 533
1585086029739 0.12587983906269073 534
1585086062181 0.11244317144155502 535
1585086094875 0.11047106236219406 536
1585086127262 0.12582463026046753 537
1585086159673 0.11728448420763016 538
1585086193179 0.117385134100914 539
1585086225899 0.1103343591094017 540
1585086258818 0.14037390053272247 541
1585086291649 0.12794864177703857 542
1585086324144 0.1100204735994339 543
1585086356969 0.12439792603254318 544
1585086389505 0.11792560666799545 545
1585086422186 0.11892414093017578 546
1585086454418 0.1097279042005539 547
1585086487483 0.11751525849103928 548
1585086520373 0.12421540170907974 549
1585086552702 0.11410751938819885 550
1585086585393 0.11317455768585205 551
1585086618054 0.11109999567270279 552
1585086651465 0.11482379585504532 553
1585086684134 0.11383099108934402 554
1585086716676 0.12145846337080002 555
1585086749038 0.12123766541481018 556
1585086781972 0.10972081869840622 557
1585086814529 0.11519382894039154 558
1585086847588 0.11610797047615051 559
1585086880038 0.12003624439239502 560
1585086912436 0.11440572887659073 561
1585086946020 0.12177713960409164 562
1585086978737 0.1140829473733902 563
1585087013230 0.11226800084114075 564
1585087045763 0.11099632829427719 565
1585087078495 0.10838949680328369 566
1585087111808 0.11797060072422028 567
1585087144358 0.12450835853815079 568
1585087176931 0.11943504959344864 569
1585087209403 0.11855027824640274 570
1585087242230 0.11413148045539856 571
1585087274733 0.13008254766464233 572
1585087307156 0.1189107894897461 573
1585087339662 0.11671357601881027 574
1585087372560 0.11781937628984451 575
1585087405686 0.10951782763004303 576
1585087438409 0.10718277841806412 577
1585087471182 0.11174868047237396 578
1585087503825 0.11180777102708817 579
1585087536473 0.12389245629310608 580
1585087569100 0.11669519543647766 581
1585087602565 0.11948929727077484 582
1585087634865 0.11780130863189697 583
1585087667452 0.1160457506775856 584
1585087699934 0.11525408178567886 585
1585087733084 0.12978056073188782 586
1585087765669 0.10928966104984283 587
1585087798189 0.11509132385253906 588
1585087831040 0.10881402343511581 589
1585087863859 0.10894328355789185 590
1585087897034 0.10902666300535202 591
1585087929573 0.12208851426839828 592
1585087962259 0.11293981224298477 593
1585087994787 0.11277825385332108 594
1585088027648 0.11725412309169769 595
1585088060267 0.12364096194505692 596
1585088092782 0.1147778332233429 597
1585088125334 0.12320739775896072 598
1585088157751 0.11003416776657104 599
1585088190254 0.11657554656267166 600
1585088222788 0.1125541403889656 601
1585088255398 0.11008019000291824 602
1585088287877 0.12155482918024063 603
1585088320279 0.11951826512813568 604
1585088352813 0.10487683117389679 605
1585088385750 0.1162860170006752 606
1585088418476 0.10960059612989426 607
1585088451454 0.10824846476316452 608
1585088484005 0.11601588875055313 609
1585088516538 0.11297469586133957 610
1585088548959 0.11267981678247452 611
1585088581389 0.10261881351470947 612
1585088614745 0.1105661541223526 613
1585088647372 0.11369401961565018 614
1585088679253 0.11085466295480728 615
1585088711363 0.10990739613771439 616
1585088743719 0.10728364437818527 617
1585088776083 0.10509937256574631 618
1585088807998 0.11543973535299301 619
1585088841617 0.10497495532035828 620
1585088873772 0.10559150576591492 621
1585088905809 0.10708089172840118 622
1585088937856 0.12616313993930817 623
1585088969685 0.10296115279197693 624
1585089001978 0.10505194216966629 625
1585089034072 0.10493075102567673 626
1585089065704 0.10490608960390091 627
1585089097444 0.11269354820251465 628
1585089129619 0.1033455953001976 629
1585089162651 0.11381418257951736 630
1585089194625 0.11023221909999847 631
1585089227219 0.10948838293552399 632
1585089259736 0.11095289140939713 633
1585089291960 0.10524727404117584 634
1585089323683 0.10649740695953369 635
1585089356166 0.12017840892076492 636
1585089388134 0.10636646300554276 637
1585089419893 0.10446584969758987 638
1585089451993 0.10533370822668076 639
1585089483726 0.10425660759210587 640
1585089515459 0.10694131255149841 641
1585089547325 0.1028098538517952 642
1585089579168 0.1033034548163414 643
1585089611369 0.10436315834522247 644
1585089643762 0.10907920449972153 645
1585089676314 0.1142587661743164 646
1585089708532 0.11094960570335388 647
1585089740174 0.09816273301839828 648
1585089772109 0.10506255179643631 649
1585089804205 0.10503765940666199 650
1585089836318 0.1054217591881752 651
1585089868340 0.10406602174043655 652
1585089900609 0.1085096076130867 653
1585089932346 0.10799513012170792 654
1585089964328 0.11134979873895645 655
1585089996245 0.10384105890989304 656
1585090027863 0.10479576885700226 657
1585090059981 0.10366056114435196 658
1585090092313 0.10184705257415771 659
1585090124373 0.11840621381998062 660
1585090156230 0.11166861653327942 661
1585090188275 0.10727515816688538 662
1585090220195 0.11009440571069717 663
1585090252502 0.10731828212738037 664
1585090284660 0.10815655440092087 665
1585090317907 0.11213571578264236 666
1585090349881 0.09884682297706604 667
1585090382022 0.10650069266557693 668
1585090414140 0.11502867192029953 669
1585090446215 0.10312497615814209 670
1585090478214 0.10088981688022614 671
1585090510610 0.10392730683088303 672
1585090542694 0.10084183514118195 673
1585090574505 0.10670576989650726 674
1585090606632 0.10668398439884186 675
1585090638343 0.1030983179807663 676
1585090670435 0.10584226995706558 677
1585090702379 0.10179159790277481 678
1585090734011 0.09822259098291397 679
1585090765947 0.10296061635017395 680
1585090798187 0.11256984621286392 681
1585090830797 0.10844264924526215 682
1585090863150 0.10334532707929611 683
1585090895575 0.1016223132610321 684
1585090928160 0.11345987766981125 685
1585090961706 0.10288835316896439 686
1585090994558 0.11132649332284927 687
1585091028176 0.1034616008400917 688
1585091061093 0.09961429983377457 689
1585091094379 0.10314873605966568 690
1585091127354 0.10174217075109482 691
1585091160795 0.0984455943107605 692
1585091193661 0.10370731353759766 693
1585091226593 0.12062512338161469 694
1585091259616 0.0985843613743782 695
1585091293001 0.1010657325387001 696
1585091326001 0.10178694874048233 697
1585091359155 0.10409720987081528 698
1585091392482 0.10116653144359589 699
1585091425563 0.10244958102703094 700
