1585068265358 0.28348657488822937 0
1585068297286 0.42678162455558777 1
1585068329406 0.6142145395278931 2
1585068361267 0.67954021692276 3
1585068393650 0.676436722278595 4
1585068425549 0.6772413849830627 5
1585068457364 0.677241325378418 6
1585068489486 0.6796551942825317 7
1585068521183 0.676436722278595 8
1585068552503 0.6812644004821777 9
1585068584153 0.6756321787834167 10
1585068615753 0.680766224861145 11
1585068647244 0.6963217854499817 12
1585068679250 0.6991570591926575 13
1585068711112 0.7262069582939148 14
1585068743547 0.7579310536384583 15
1585068775490 0.7760153412818909 16
1585068807186 0.7924520969390869 17
1585068838648 0.7950958013534546 18
1585068871001 0.8160919547080994 19
1585068903004 0.802758514881134 20
1585068935004 0.8111494183540344 21
1585068967121 0.8068199157714844 22
1585068999738 0.8139846920967102 23
1585069031625 0.8286207318305969 24
1585069063710 0.8216474652290344 25
1585069095284 0.8154788613319397 26
1585069127387 0.8119539618492126 27
1585069159731 0.8252873420715332 28
1585069191731 0.8254788517951965 29
1585069224400 0.8243677616119385 30
1585069255870 0.8354789018630981 31
1585069288136 0.8285440802574158 32
1585069320041 0.8259003758430481 33
1585069352102 0.8475095629692078 34
1585069383667 0.8480076789855957 35
1585069415750 0.8368965983390808 36
1585069447796 0.8421455025672913 37
1585069479670 0.8423755168914795 38
1585069511235 0.8568965792655945 39
1585069543439 0.842260479927063 40
1585069575315 0.8531800508499146 41
1585069607160 0.8519539833068848 42
1585069639196 0.8496168255805969 43
1585069671366 0.8630651235580444 44
1585069703683 0.8495402336120605 45
1585069735712 0.8539846539497375 46
1585069767813 0.8460920453071594 47
1585069800004 0.8472030758857727 48
1585069832468 0.8629501461982727 49
1585069865254 0.8613409996032715 50
1585069898539 0.8768965601921082 51
1585069940984 0.8460919857025146 52
1585069981890 0.8699234127998352 53
1585070018705 0.8665899634361267 54
1585070051505 0.8583141565322876 55
1585070084073 0.8652873635292053 56
1585070117352 0.8681992292404175 57
1585070150113 0.8713410496711731 58
1585070182592 0.8777011036872864 59
1585070215590 0.8726437091827393 60
1585070248050 0.8804214596748352 61
1585070280402 0.8737547993659973 62
1585070312794 0.8619540333747864 63
1585070346290 0.8699234127998352 64
1585070378734 0.8802298903465271 65
1585070411401 0.8775861859321594 66
1585070444016 0.8781991600990295 67
1585070477009 0.873869776725769 68
1585070509579 0.8751723766326904 69
1585070542586 0.8794253468513489 70
1585070575172 0.8810345530509949 71
1585070607544 0.8799232840538025 72
1585070640305 0.8891187310218811 73
1585070672839 0.8824520707130432 74
1585070716477 0.8819540143013 75
1585070759034 0.8883141279220581 76
1585070801408 0.8846743702888489 77
1585070847391 0.8878927230834961 78
1585070892066 0.888007640838623 79
1585070934662 0.8970881700515747 80
1585070967019 0.883678138256073 81
1585070999408 0.8802298903465271 82
1585071031913 0.867241382598877 83
1585071064531 0.8980076313018799 84
1585071097416 0.8918390274047852 85
1585071129742 0.889616847038269 86
1585071161831 0.8957854509353638 87
1585071197867 0.9012260437011719 88
1585071240600 0.8980076313018799 89
1585071282287 0.8959770202636719 90
1585071326365 0.9020306468009949 91
1585071366696 0.8988121747970581 92
1585071404370 0.9005363583564758 93
1585071436518 0.90141761302948 94
1585071468874 0.9113409519195557 95
1585071501276 0.9126436710357666 96
1585071533555 0.9164751172065735 97
1585071566143 0.9032566547393799 98
1585071598883 0.9086973667144775 99
1585071635045 0.9109194874763489 100
1585071671695 0.9083908200263977 101
1585071717918 0.9086973667144775 102
1585071760108 0.9121456146240234 103
1585071802909 0.9126436710357666 104
1585071847682 0.9105363488197327 105
1585071890790 0.9134482145309448 106
1585071933923 0.9010344743728638 107
1585071976038 0.9070881009101868 108
1585072009052 0.9126436710357666 109
1585072041538 0.9045593738555908 110
1585072074270 0.9180076718330383 111
1585072106671 0.9135631918907166 112
1585072139100 0.8999233245849609 113
1585072171935 0.9204214215278625 114
1585072204321 0.9142528176307678 115
1585072236768 0.9081991910934448 116
1585072270492 0.9178926944732666 117
1585072303043 0.8965900540351868 118
1585072335516 0.9124520421028137 119
1585072368030 0.9215325117111206 120
1585072401507 0.9195018410682678 121
1585072434226 0.9054788947105408 122
1585072466592 0.9148659110069275 123
1585072502803 0.9185057878494263 124
1585072547826 0.9107279181480408 125
1585072590759 0.9250574111938477 126
1585072634101 0.9223371148109436 127
1585072677753 0.9151724576950073 128
1585072722067 0.9301148653030396 129
1585072765524 0.9153640866279602 130
1585072810092 0.9049807786941528 131
1585072843982 0.9216474890708923 132
