1585068284323 0.03085637465119362 0
1585068316190 0.00690716877579689 1
1585068348434 0.004582756198942661 2
1585068380529 0.007683745585381985 3
1585068412885 0.01303008385002613 4
1585068444564 0.01931742951273918 5
1585068476501 0.01894308440387249 6
1585068508222 0.011511923745274544 7
1585068540026 0.008191276341676712 8
1585068571475 0.0032141604460775852 9
1585068602962 0.003730224911123514 10
1585068634252 0.0031464197672903538 11
1585068666304 0.005860237870365381 12
1585068698140 0.010482033714652061 13
1585068730374 0.014628369361162186 14
1585068762520 0.01766238734126091 15
1585068794486 0.019583478569984436 16
1585068825944 0.021120287477970123 17
1585068858337 0.021927833557128906 18
1585068890021 0.021720457822084427 19
1585068922050 0.021336272358894348 20
1585068954166 0.019999049603939056 21
1585068986763 0.018352825194597244 22
1585069018677 0.01773773692548275 23
1585069050730 0.016921792179346085 24
1585069082577 0.01592426747083664 25
1585069114378 0.014772229827940464 26
1585069146461 0.013616358861327171 27
1585069178642 0.01231473684310913 28
1585069210768 0.011787963099777699 29
1585069243184 0.011579049751162529 30
1585069275014 0.011374300345778465 31
1585069307289 0.010880514979362488 32
1585069339314 0.01130843535065651 33
1585069370999 0.011118250899016857 34
1585069402799 0.010502876713871956 35
1585069434723 0.010427212342619896 36
1585069466670 0.010958806611597538 37
1585069498558 0.010883680544793606 38
1585069530403 0.010672328993678093 39
1585069562407 0.009062716737389565 40
1585069594171 0.009738627821207047 41
1585069626204 0.008781492710113525 42
1585069658207 0.008154909126460552 43
1585069690462 0.008735603652894497 44
1585069722710 0.007851546630263329 45
1585069754850 0.007904980331659317 46
1585069787051 0.0072976769879460335 47
1585069819206 0.008613266982138157 48
1585069852053 0.007233981043100357 49
1585069884592 0.007192008197307587 50
1585069924704 0.007522818632423878 51
1585069965421 0.006860163062810898 52
1585070005503 0.007212668191641569 53
1585070038242 0.0070319026708602905 54
1585070070861 0.006738500669598579 55
1585070103762 0.007099054753780365 56
1585070137135 0.006846476346254349 57
1585070169387 0.0063678729347884655 58
1585070202249 0.006562238559126854 59
1585070234890 0.0073421308770775795 60
1585070267401 0.006455743685364723 61
1585070299623 0.006318976171314716 62
1585070333039 0.006042973138391972 63
1585070365564 0.0069491071626544 64
1585070398172 0.00670802965760231 65
1585070430842 0.006560207810252905 66
1585070463734 0.006156811490654945 67
1585070496328 0.00635990034788847 68
1585070529548 0.006324898451566696 69
1585070561924 0.006473586894571781 70
1585070594486 0.006478393450379372 71
1585070627159 0.005825419910252094 72
1585070659609 0.006572266109287739 73
1585070700343 0.006103686988353729 74
1585070739545 0.006458910182118416 75
1585070783563 0.006261194124817848 76
1585070827855 0.0062595391646027565 77
1585070874447 0.006198311224579811 78
1585070918664 0.006450287066400051 79
1585070953818 0.006403523497283459 80
1585070986279 0.005844092927873135 81
1585071018703 0.005461737047880888 82
1585071051273 0.006265898235142231 83
1585071084198 0.0062993373721838 84
1585071116583 0.0060867611318826675 85
1585071148795 0.007126340176910162 86
1585071181186 0.005838532000780106 87
1585071223852 0.006747465580701828 88
1585071265702 0.006040647625923157 89
1585071308921 0.006133435294032097 90
1585071350583 0.006283503957092762 91
1585071391082 0.006717909127473831 92
1585071423517 0.006935476791113615 93
1585071455542 0.0063477372750639915 94
1585071488294 0.007799386978149414 95
1585071520360 0.006574498489499092 96
1585071552892 0.007761519867926836 97
1585071585582 0.0067101432941854 98
1585071618439 0.006377714686095715 99
1585071655704 0.006417565047740936 100
1585071699899 0.006385106593370438 101
1585071743043 0.006823403295129538 102
1585071785078 0.006714235059916973 103
1585071829506 0.006737206131219864 104
1585071872902 0.006603413261473179 105
1585071915252 0.006336440332233906 106
1585071960387 0.006019127555191517 107
1585071995684 0.006761884316802025 108
1585072028404 0.006207770202308893 109
1585072061110 0.006266826298087835 110
1585072093543 0.007214155979454517 111
1585072126016 0.0069582415744662285 112
1585072158482 0.006471722386777401 113
1585072191248 0.0071724094450473785 114
1585072223744 0.006630094721913338 115
1585072255915 0.00674339197576046 116
1585072289951 0.0066309729591012 117
1585072322282 0.005871191620826721 118
1585072355011 0.00633712625131011 119
1585072387827 0.006611283868551254 120
1585072420767 0.0068609402514994144 121
1585072453492 0.006302970461547375 122
1585072486336 0.006634929217398167 123
1585072530981 0.007136989384889603 124
1585072572292 0.006766913458704948 125
1585072617499 0.006674529984593391 126
1585072660320 0.006225783843547106 127
1585072704128 0.006148067303001881 128
1585072746768 0.007043085061013699 129
1585072793522 0.006320466287434101 130
1585072830801 0.0070472825318574905 131
1585072863254 0.00706894276663661 132
