1585068284323 0.30811119079589844 0
1585068316190 0.4400889277458191 1
1585068348434 0.6125553846359253 2
1585068380529 0.6753479242324829 3
1585068412885 0.67976313829422 4
1585068444564 0.6763565540313721 5
1585068476501 0.67746502161026 6
1585068508222 0.6831059455871582 7
1585068540026 0.6787254810333252 8
1585068571475 0.6789222955703735 9
1585068602962 0.6816486120223999 10
1585068634252 0.6781189441680908 11
1585068666304 0.6922174692153931 12
1585068698140 0.7085525989532471 13
1585068730374 0.7557567358016968 14
1585068762520 0.7917603254318237 15
1585068794486 0.8136444687843323 16
1585068825944 0.8254713416099548 17
1585068858337 0.8358144164085388 18
1585068890021 0.8441662788391113 19
1585068922050 0.8399287462234497 20
1585068954166 0.8405157327651978 21
1585068986763 0.8334925174713135 22
1585069018677 0.8436668515205383 23
1585069050730 0.8493221402168274 24
1585069082577 0.8429816961288452 25
1585069114378 0.8414304256439209 26
1585069146461 0.8395265340805054 27
1585069178642 0.8462639451026917 28
1585069210768 0.8389304876327515 29
1585069243184 0.8445541858673096 30
1585069275014 0.8458762168884277 31
1585069307289 0.8469253182411194 32
1585069339314 0.8501789569854736 33
1585069370999 0.862375020980835 34
1585069402799 0.8526241779327393 35
1585069434723 0.8557478189468384 36
1585069466670 0.8631600141525269 37
1585069498558 0.8622373342514038 38
1585069530403 0.8687312602996826 39
1585069562407 0.8621090054512024 40
1585069594171 0.8656229972839355 41
1585069626204 0.8645972609519958 42
1585069658207 0.8646079897880554 43
1585069690462 0.87181556224823 44
1585069722710 0.8641568422317505 45
1585069754850 0.8660961389541626 46
1585069787051 0.863541305065155 47
1585069819206 0.8674930334091187 48
1585069852053 0.8694703578948975 49
1585069884592 0.8630408048629761 50
1585069924704 0.8769270181655884 51
1585069965421 0.8633998036384583 52
1585070005503 0.8730277419090271 53
1585070038242 0.8741322159767151 54
1585070070861 0.8665273785591125 55
1585070103762 0.8712639808654785 56
1585070137135 0.8775075674057007 57
1585070169387 0.8774157762527466 58
1585070202249 0.8796877861022949 59
1585070234890 0.8787628412246704 60
1585070267401 0.8812602758407593 61
1585070299623 0.8761934041976929 62
1585070333039 0.8709888458251953 63
1585070365564 0.8816362619400024 64
1585070398172 0.8835229277610779 65
1585070430842 0.8804676532745361 66
1585070463734 0.8838282823562622 67
1585070496328 0.8822886347770691 68
1585070529548 0.8828692436218262 69
1585070561924 0.8843706846237183 70
1585070594486 0.8811540603637695 71
1585070627159 0.8858696222305298 72
1585070659609 0.8905380964279175 73
1585070700343 0.8818628191947937 74
1585070739545 0.8880642652511597 75
1585070783563 0.8879895806312561 76
1585070827855 0.8860989809036255 77
1585070874447 0.8910336494445801 78
1585070918664 0.8856076002120972 79
1585070953818 0.8933436274528503 80
1585070986279 0.8890678882598877 81
1585071018703 0.8878271579742432 82
1585071051273 0.8834202289581299 83
1585071084198 0.8884613513946533 84
1585071116583 0.8912025690078735 85
1585071148795 0.891270637512207 86
1585071181186 0.8957464694976807 87
1585071223852 0.8954833149909973 88
1585071265702 0.8919283151626587 89
1585071308921 0.8958422541618347 90
1585071350583 0.8958855867385864 91
1585071391082 0.8996183276176453 92
1585071423517 0.9004803895950317 93
1585071455542 0.8991875648498535 94
1585071488294 0.8999157547950745 95
1585071520360 0.9005671143531799 96
1585071552892 0.9085205793380737 97
1585071585582 0.9018405675888062 98
1585071618439 0.8999854326248169 99
1585071655704 0.9064385890960693 100
1585071699899 0.9019784331321716 101
1585071743043 0.9027566909790039 102
1585071785078 0.902888834476471 103
1585071829506 0.9029256105422974 104
1585071872902 0.9079804420471191 105
1585071915252 0.9088821411132812 106
1585071960387 0.9001752138137817 107
1585071995684 0.908897876739502 108
1585072028404 0.9055671095848083 109
1585072061110 0.9001334309577942 110
1585072093543 0.906303346157074 111
1585072126016 0.9065103530883789 112
1585072158482 0.8992069363594055 113
1585072191248 0.9129229784011841 114
1585072223744 0.9099801778793335 115
1585072255915 0.9061161279678345 116
1585072289951 0.910620927810669 117
1585072322282 0.8978822827339172 118
1585072355011 0.9094924926757812 119
1585072387827 0.9129950404167175 120
1585072420767 0.9120504856109619 121
1585072453492 0.9049681425094604 122
1585072486336 0.9084117412567139 123
1585072530981 0.9138401746749878 124
1585072572292 0.9070384502410889 125
1585072617499 0.9146866798400879 126
1585072660320 0.9164515733718872 127
1585072704128 0.9079399704933167 128
1585072746768 0.914644718170166 129
1585072793522 0.9092857837677002 130
1585072830801 0.9063818454742432 131
1585072863254 0.9118732213973999 132
