1585068284323 0.8410864472389221 0
1585068316190 0.7483344078063965 1
1585068348434 0.6977862119674683 2
1585068380529 0.6698297262191772 3
1585068412885 0.6602188348770142 4
1585068444564 0.6494817733764648 5
1585068476501 0.6321892738342285 6
1585068508222 0.6042163968086243 7
1585068540026 0.5884312391281128 8
1585068571475 0.5623246431350708 9
1585068602962 0.5387529134750366 10
1585068634252 0.5187326669692993 11
1585068666304 0.4994678199291229 12
1585068698140 0.48268747329711914 13
1585068730374 0.46837735176086426 14
1585068762520 0.4578600525856018 15
1585068794486 0.44910675287246704 16
1585068825944 0.4388679265975952 17
1585068858337 0.4288784861564636 18
1585068890021 0.4161824584007263 19
1585068922050 0.4067646265029907 20
1585068954166 0.3971879184246063 21
1585068986763 0.39069533348083496 22
1585069018677 0.3792186379432678 23
1585069050730 0.3722110390663147 24
1585069082577 0.3644941449165344 25
1585069114378 0.3593063950538635 26
1585069146461 0.35456550121307373 27
1585069178642 0.3508132994174957 28
1585069210768 0.34696733951568604 29
1585069243184 0.3447633981704712 30
1585069275014 0.34036242961883545 31
1585069307289 0.3392491638660431 32
1585069339314 0.3314146399497986 33
1585069370999 0.32800111174583435 34
1585069402799 0.32715803384780884 35
1585069434723 0.32512664794921875 36
1585069466670 0.31829124689102173 37
1585069498558 0.3147316575050354 38
1585069530403 0.3127450942993164 39
1585069562407 0.31409701704978943 40
1585069594171 0.3076642155647278 41
1585069626204 0.30886223912239075 42
1585069658207 0.3090815842151642 43
1585069690462 0.30091392993927 44
1585069722710 0.3060399293899536 45
1585069754850 0.30175215005874634 46
1585069787051 0.30127936601638794 47
1585069819206 0.2939467132091522 48
1585069852053 0.2970406711101532 49
1585069884592 0.29643386602401733 50
1585069924704 0.2880420982837677 51
1585069965421 0.2913374602794647 52
1585070005503 0.2873893976211548 53
1585070038242 0.2876419425010681 54
1585070070861 0.2880994975566864 55
1585070103762 0.28658947348594666 56
1585070137135 0.283083975315094 57
1585070169387 0.28794050216674805 58
1585070202249 0.28330254554748535 59
1585070234890 0.28197813034057617 60
1585070267401 0.2793263792991638 61
1585070299623 0.2787446975708008 62
1585070333039 0.2826860845088959 63
1585070365564 0.2756420969963074 64
1585070398172 0.2728397846221924 65
1585070430842 0.27940359711647034 66
1585070463734 0.2742132842540741 67
1585070496328 0.2721046805381775 68
1585070529548 0.2698647975921631 69
1585070561924 0.2711983323097229 70
1585070594486 0.2662377953529358 71
1585070627159 0.2746317982673645 72
1585070659609 0.2674159109592438 73
1585070700343 0.2658312916755676 74
1585070739545 0.2622423768043518 75
1585070783563 0.26545870304107666 76
1585070827855 0.2661058306694031 77
1585070874447 0.26339638233184814 78
1585070918664 0.26233166456222534 79
1585070953818 0.2589564323425293 80
1585070986279 0.26470354199409485 81
1585071018703 0.2594054341316223 82
1585071051273 0.2692124843597412 83
1585071084198 0.2624722123146057 84
1585071116583 0.25846487283706665 85
1585071148795 0.24981752038002014 86
1585071181186 0.25445613265037537 87
1585071223852 0.2515326142311096 88
1585071265702 0.25207388401031494 89
1585071308921 0.25006628036499023 90
1585071350583 0.2552862763404846 91
1585071391082 0.2514592707157135 92
1585071423517 0.24510501325130463 93
1585071455542 0.25156837701797485 94
1585071488294 0.2431967556476593 95
1585071520360 0.2514307498931885 96
1585071552892 0.2425576001405716 97
1585071585582 0.24753573536872864 98
1585071618439 0.24876466393470764 99
1585071655704 0.24391451478004456 100
1585071699899 0.24374991655349731 101
1585071743043 0.24202412366867065 102
1585071785078 0.24818402528762817 103
1585071829506 0.24024230241775513 104
1585071872902 0.24334706366062164 105
1585071915252 0.23857226967811584 106
1585071960387 0.24269089102745056 107
1585071995684 0.24001991748809814 108
1585072028404 0.23780369758605957 109
1585072061110 0.2432885468006134 110
1585072093543 0.2343033254146576 111
1585072126016 0.23530690371990204 112
1585072158482 0.24131470918655396 113
1585072191248 0.2291344702243805 114
1585072223744 0.23500698804855347 115
1585072255915 0.23377376794815063 116
1585072289951 0.23219835758209229 117
1585072322282 0.2385891228914261 118
1585072355011 0.23113062977790833 119
1585072387827 0.22802095115184784 120
1585072420767 0.23392347991466522 121
1585072453492 0.23373302817344666 122
1585072486336 0.23004522919654846 123
1585072530981 0.2258550226688385 124
1585072572292 0.23499353229999542 125
1585072617499 0.22555027902126312 126
1585072660320 0.22604893147945404 127
1585072704128 0.22875061631202698 128
1585072746768 0.22569946944713593 129
1585072793522 0.22898869216442108 130
1585072830801 0.2252705991268158 131
1585072863254 0.2257566601037979 132
1585072896045 0.23684367537498474 133
1585072928757 0.23199406266212463 134
1585072961560 0.22470346093177795 135
1585072994137 0.222010537981987 136
1585073026915 0.221358060836792 137
1585073059805 0.22770148515701294 138
1585073092176 0.22687841951847076 139
1585073124722 0.22099396586418152 140
1585073157806 0.22715365886688232 141
1585073200685 0.21996988356113434 142
1585073244211 0.22063758969306946 143
1585073284374 0.21689759194850922 144
1585073325956 0.2180090844631195 145
1585073369681 0.21690505743026733 146
1585073415617 0.2235938310623169 147
1585073460052 0.2141612470149994 148
1585073495533 0.22373107075691223 149
1585073527827 0.21630260348320007 150
1585073559297 0.21223777532577515 151
1585073590869 0.21143794059753418 152
1585073622735 0.21615538001060486 153
1585073654572 0.2138129472732544 154
1585073686230 0.21694931387901306 155
1585073718090 0.2145521640777588 156
1585073750272 0.2107672095298767 157
1585073782263 0.2098306119441986 158
1585073814464 0.21119055151939392 159
1585073846559 0.2086050808429718 160
1585073878753 0.21091242134571075 161
1585073911032 0.21377435326576233 162
1585073942458 0.2125159204006195 163
1585073974119 0.20937159657478333 164
1585074007188 0.2062365710735321 165
1585074039068 0.2097129225730896 166
1585074070966 0.207423597574234 167
1585074102860 0.21260885894298553 168
1585074134645 0.21725758910179138 169
1585074166707 0.20986133813858032 170
1585074198428 0.20680639147758484 171
1585074230243 0.20827782154083252 172
1585074262062 0.21455883979797363 173
1585074293805 0.2062932848930359 174
1585074325934 0.20231404900550842 175
1585074357808 0.20618262887001038 176
1585074389735 0.21050560474395752 177
1585074421614 0.20546309649944305 178
1585074454489 0.2038145363330841 179
1585074486434 0.20411449670791626 180
1585074518402 0.2018025815486908 181
1585074550553 0.19930897653102875 182
1585074582409 0.20890723168849945 183
1585074614573 0.2022322118282318 184
1585074646149 0.20685148239135742 185
1585074677968 0.2019592970609665 186
1585074710227 0.20191887021064758 187
1585074742157 0.19824230670928955 188
1585074774068 0.1989922821521759 189
1585074806462 0.20859500765800476 190
1585074838280 0.2005193531513214 191
1585074869947 0.20728033781051636 192
1585074902838 0.1968887448310852 193
1585074934788 0.19906890392303467 194
1585074966815 0.1986808329820633 195
1585074998659 0.19833862781524658 196
1585075030846 0.20369553565979004 197
1585075062647 0.19759908318519592 198
1585075094661 0.1960294544696808 199
1585075126480 0.19707030057907104 200
1585075160051 0.19656535983085632 201
1585075191989 0.2061017006635666 202
1585075224008 0.19047708809375763 203
1585075256128 0.18733710050582886 204
1585075288091 0.19366097450256348 205
1585075320523 0.19359812140464783 206
1585075352224 0.19723299145698547 207
1585075385573 0.19528503715991974 208
1585075417909 0.19037073850631714 209
1585075449741 0.19607488811016083 210
1585075481751 0.18991334736347198 211
1585075513849 0.19149555265903473 212
1585075546202 0.1979379951953888 213
1585075578876 0.19851525127887726 214
1585075611763 0.18960855901241302 215
1585075644411 0.18912650644779205 216
1585075677032 0.18926797807216644 217
1585075710039 0.1929265856742859 218
1585075742697 0.18452858924865723 219
1585075775140 0.19587478041648865 220
1585075807699 0.1885506808757782 221
1585075840392 0.18781396746635437 222
1585075872997 0.19531427323818207 223
1585075905573 0.18847087025642395 224
1585075937875 0.192376509308815 225
1585075970911 0.18675105273723602 226
1585076003526 0.19207020103931427 227
1585076036491 0.19238010048866272 228
1585076068936 0.19050848484039307 229
1585076101458 0.1910668909549713 230
1585076133949 0.1836470067501068 231
1585076166382 0.1913830041885376 232
1585076200097 0.18586958944797516 233
1585076232654 0.1881897747516632 234
1585076265331 0.1845497488975525 235
1585076297851 0.1898978054523468 236
1585076330483 0.18744225800037384 237
1585076362965 0.18436439335346222 238
1585076395632 0.18545743823051453 239
1585076428868 0.18739266693592072 240
1585076461263 0.18689876794815063 241
1585076493810 0.18555378913879395 242
1585076526237 0.181277334690094 243
1585076559090 0.18071149289608002 244
1585076591526 0.1855597198009491 245
1585076625129 0.18046817183494568 246
1585076657513 0.1797017902135849 247
1585076690377 0.17736683785915375 248
1585076723105 0.1835452914237976 249
1585076755413 0.1809753179550171 250
1585076788377 0.17962802946567535 251
1585076821071 0.18401460349559784 252
1585076854285 0.18598303198814392 253
1585076887218 0.17950230836868286 254
1585076919779 0.17861467599868774 255
1585076952408 0.1791020631790161 256
1585076985330 0.18451660871505737 257
1585077017584 0.1930989921092987 258
1585077050597 0.18071335554122925 259
1585077083364 0.18443147838115692 260
1585077115882 0.1808970868587494 261
1585077148177 0.1796189844608307 262
1585077181154 0.17333699762821198 263
1585077213823 0.17790178954601288 264
1585077246579 0.17909720540046692 265
1585077279247 0.17512080073356628 266
1585077311824 0.17663848400115967 267
1585077344127 0.18123707175254822 268
1585077376835 0.1783371865749359 269
1585077409125 0.17433667182922363 270
1585077441630 0.18137919902801514 271
1585077474165 0.1802271008491516 272
1585077507441 0.17399054765701294 273
1585077540558 0.18514609336853027 274
1585077573165 0.1744489073753357 275
1585077606075 0.17856919765472412 276
1585077638602 0.17662972211837769 277
1585077671210 0.18747667968273163 278
1585077703598 0.1767253875732422 279
1585077736120 0.17591094970703125 280
1585077768696 0.17323143780231476 281
1585077801280 0.1753470003604889 282
1585077834057 0.17389731109142303 283
1585077866722 0.17091897130012512 284
1585077899396 0.17435912787914276 285
1585077932111 0.1712937206029892 286
1585077964576 0.17265018820762634 287
1585077997433 0.17689149081707 288
1585078030881 0.1703554093837738 289
1585078063601 0.16793715953826904 290
1585078096182 0.1791682243347168 291
1585078128869 0.17363733053207397 292
1585078162671 0.1744670271873474 293
1585078195556 0.17267967760562897 294
1585078228168 0.16914838552474976 295
1585078260744 0.1704871654510498 296
1585078293296 0.16896019876003265 297
1585078326002 0.17172406613826752 298
1585078359159 0.1770412027835846 299
1585078392112 0.17194509506225586 300
1585078425462 0.16547022759914398 301
1585078458200 0.16790539026260376 302
1585078491395 0.1689065396785736 303
1585078524195 0.1733984500169754 304
1585078557936 0.16798368096351624 305
1585078590599 0.16581889986991882 306
1585078623053 0.166006937623024 307
1585078655935 0.1675781011581421 308
1585078688607 0.1726304292678833 309
1585078721337 0.16932722926139832 310
1585078754012 0.16266688704490662 311
1585078786846 0.17218731343746185 312
1585078819171 0.16619116067886353 313
1585078852512 0.16114896535873413 314
1585078885513 0.1641463339328766 315
1585078917998 0.16352280974388123 316
1585078950925 0.16390740871429443 317
1585078983367 0.1691921353340149 318
1585079015908 0.1721687614917755 319
1585079048525 0.16459110379219055 320
1585079080858 0.16669225692749023 321
1585079113486 0.16687268018722534 322
1585079145897 0.16233402490615845 323
1585079179264 0.16490842401981354 324
1585079211687 0.1645819991827011 325
1585079244520 0.16588780283927917 326
1585079277090 0.16317592561244965 327
1585079309666 0.1631062626838684 328
1585079342172 0.17114371061325073 329
1585079374993 0.16195467114448547 330
1585079407808 0.16870719194412231 331
1585079440643 0.16459813714027405 332
1585079473213 0.15972371399402618 333
1585079505941 0.1622142195701599 334
1585079538678 0.1574060171842575 335
1585079571123 0.169045552611351 336
1585079603458 0.1710338145494461 337
1585079636074 0.16870015859603882 338
1585079668517 0.16025593876838684 339
1585079700956 0.1641402244567871 340
1585079733582 0.16649606823921204 341
1585079765916 0.16093267500400543 342
1585079798947 0.1636677384376526 343
1585079831595 0.1658540666103363 344
1585079864874 0.1636432409286499 345
1585079898376 0.17211154103279114 346
1585079932217 0.16480222344398499 347
1585079964926 0.1605449765920639 348
1585079997549 0.16021886467933655 349
1585080029731 0.15524744987487793 350
1585080062223 0.1516302227973938 351
1585080094748 0.1652607023715973 352
1585080127065 0.16173604130744934 353
1585080159576 0.16103339195251465 354
1585080191918 0.15491005778312683 355
1585080224473 0.16185513138771057 356
1585080257348 0.15643174946308136 357
1585080290327 0.15624496340751648 358
1585080322757 0.15387234091758728 359
1585080355261 0.15187829732894897 360
1585080388179 0.16130560636520386 361
1585080420880 0.14916782081127167 362
1585080453394 0.15839514136314392 363
1585080485840 0.1500992774963379 364
1585080518371 0.1561616063117981 365
1585080551027 0.16108781099319458 366
1585080583628 0.1532718390226364 367
1585080616311 0.1546604037284851 368
1585080649002 0.15779654681682587 369
1585080682147 0.157615065574646 370
1585080714795 0.14845535159111023 371
1585080747401 0.16444256901741028 372
1585080779956 0.1482912302017212 373
1585080812606 0.1541648507118225 374
1585080845432 0.15071970224380493 375
1585080878210 0.15837302803993225 376
1585080911206 0.15788745880126953 377
1585080943854 0.15881729125976562 378
1585080976453 0.15689486265182495 379
1585081008911 0.15364733338356018 380
1585081041627 0.16006097197532654 381
1585081074096 0.14900948107242584 382
1585081107650 0.1512776017189026 383
1585081140155 0.14893287420272827 384
1585081172819 0.157257542014122 385
1585081205587 0.15119042992591858 386
1585081238192 0.15137052536010742 387
1585081270504 0.14793610572814941 388
1585081303221 0.15423300862312317 389
1585081335815 0.1495087742805481 390
1585081368354 0.15659138560295105 391
1585081400852 0.15607911348342896 392
1585081435580 0.148139089345932 393
1585081468019 0.15329992771148682 394
1585081500715 0.14433784782886505 395
1585081533139 0.14610344171524048 396
1585081565682 0.1517328917980194 397
1585081598593 0.16064754128456116 398
1585081632143 0.15293660759925842 399
1585081664648 0.1533028483390808 400
1585081697209 0.15193504095077515 401
1585081729689 0.15235859155654907 402
1585081761999 0.15102604031562805 403
1585081794225 0.14538604021072388 404
1585081826620 0.1510491967201233 405
1585081859131 0.14897778630256653 406
1585081891479 0.1526813507080078 407
1585081923684 0.1642225980758667 408
1585081956667 0.14873048663139343 409
1585081989678 0.144908607006073 410
1585082022132 0.14760515093803406 411
1585082054824 0.14815613627433777 412
1585082087351 0.1562923789024353 413
1585082119844 0.14170154929161072 414
1585082152097 0.1546715497970581 415
1585082184683 0.15076647698879242 416
1585082216912 0.15358704328536987 417
1585082249380 0.14983341097831726 418
1585082281625 0.15016114711761475 419
1585082314343 0.1553872525691986 420
1585082347116 0.14680439233779907 421
1585082379595 0.14593273401260376 422
1585082412085 0.1390943080186844 423
1585082444902 0.14553695917129517 424
1585082477133 0.14706352353096008 425
1585082510380 0.14444614946842194 426
1585082543509 0.15455304086208344 427
1585082576067 0.14389462769031525 428
1585082608627 0.14728422462940216 429
1585082642109 0.14275069534778595 430
1585082674509 0.1474095582962036 431
1585082707168 0.15436303615570068 432
1585082739835 0.14804191887378693 433
1585082772378 0.14943067729473114 434
1585082804829 0.1416393220424652 435
1585082837479 0.14454302191734314 436
1585082870365 0.14778712391853333 437
1585082902794 0.14305205643177032 438
1585082935622 0.14182770252227783 439
1585082968042 0.14071378111839294 440
1585083001291 0.15039020776748657 441
1585083033874 0.14400941133499146 442
1585083066262 0.14489363133907318 443
1585083098944 0.14594656229019165 444
1585083131978 0.14161305129528046 445
1585083164637 0.14909186959266663 446
1585083197006 0.15040111541748047 447
1585083229809 0.14811675250530243 448
1585083262462 0.14603285491466522 449
1585083295115 0.15271756052970886 450
1585083328016 0.14203399419784546 451
1585083360517 0.14189381897449493 452
1585083395473 0.13758648931980133 453
1585083428169 0.1476021409034729 454
1585083460669 0.1361500769853592 455
1585083493293 0.13734903931617737 456
1585083526146 0.14193932712078094 457
1585083558565 0.13710103929042816 458
1585083590894 0.14648592472076416 459
1585083623167 0.1542986035346985 460
1585083655711 0.13505521416664124 461
1585083688210 0.14283493161201477 462
1585083720815 0.14266431331634521 463
1585083753450 0.13508066534996033 464
1585083787368 0.1441851258277893 465
1585083820063 0.14633403718471527 466
1585083853377 0.13714511692523956 467
1585083886096 0.13946543633937836 468
1585083919222 0.14996102452278137 469
1585083951554 0.14222070574760437 470
1585083984258 0.13733753561973572 471
1585084017535 0.1354493796825409 472
1585084050096 0.14389094710350037 473
1585084082758 0.14319759607315063 474
1585084115169 0.1418907642364502 475
1585084148866 0.13673852384090424 476
1585084181395 0.13678811490535736 477
1585084213955 0.13844271004199982 478
1585084246671 0.1400037258863449 479
1585084279338 0.13995429873466492 480
1585084311856 0.14293718338012695 481
1585084344673 0.14827565848827362 482
1585084377292 0.1495017409324646 483
1585084410156 0.1453033685684204 484
1585084442810 0.14203333854675293 485
1585084475920 0.13723620772361755 486
1585084508355 0.1419287621974945 487
1585084541494 0.13685105741024017 488
1585084574428 0.13755425810813904 489
1585084609330 0.13956791162490845 490
1585084641745 0.13663241267204285 491
1585084676460 0.13619695603847504 492
1585084709288 0.1410060077905655 493
1585084742024 0.1337108463048935 494
1585084774867 0.1441745162010193 495
1585084807740 0.13291841745376587 496
1585084840450 0.13402210175991058 497
1585084873286 0.13618090748786926 498
1585084905843 0.14453616738319397 499
1585084938490 0.13460245728492737 500
1585084970904 0.13679388165473938 501
1585085003868 0.14088821411132812 502
1585085036493 0.14231425523757935 503
1585085068861 0.13324691355228424 504
1585085101640 0.13510000705718994 505
1585085134204 0.1343352496623993 506
1585085166885 0.13463443517684937 507
1585085199923 0.1373845487833023 508
1585085232412 0.1346193253993988 509
1585085264971 0.1348855346441269 510
1585085298107 0.1325896978378296 511
1585085330670 0.13616202771663666 512
1585085363299 0.13567645847797394 513
1585085395786 0.13060739636421204 514
1585085428594 0.1430109590291977 515
1585085461486 0.13707338273525238 516
1585085494085 0.13652707636356354 517
1585085526881 0.13266430795192719 518
1585085559538 0.1309153139591217 519
1585085592033 0.14535166323184967 520
1585085624324 0.13264620304107666 521
1585085656974 0.14401373267173767 522
1585085689345 0.1330595463514328 523
1585085722074 0.13706935942173004 524
1585085754678 0.13254095613956451 525
1585085787927 0.13114789128303528 526
1585085820676 0.13142818212509155 527
1585085853145 0.13174112141132355 528
1585085885687 0.13124732673168182 529
1585085919145 0.13013403117656708 530
1585085951671 0.13328924775123596 531
1585085983991 0.1372200846672058 532
1585086016627 0.13284336030483246 533
1585086048984 0.1420128345489502 534
1585086081526 0.12927936017513275 535
1585086114045 0.12926827371120453 536
1585086146631 0.14546659588813782 537
1585086179104 0.13437113165855408 538
1585086212648 0.1351344883441925 539
1585086245347 0.12617366015911102 540
1585086278168 0.14137038588523865 541
1585086310962 0.13432158529758453 542
1585086343724 0.13235701620578766 543
1585086376324 0.14209190011024475 544
1585086408852 0.13148832321166992 545
1585086441285 0.1327434480190277 546
1585086474021 0.13276290893554688 547
1585086507155 0.13210391998291016 548
1585086539526 0.1378352791070938 549
1585086572275 0.12972742319107056 550
1585086604748 0.12925633788108826 551
1585086637570 0.12549211084842682 552
1585086671006 0.13229887187480927 553
1585086703574 0.13032591342926025 554
1585086736020 0.13091939687728882 555
1585086768696 0.13130709528923035 556
1585086801351 0.12726934254169464 557
1585086834394 0.13135051727294922 558
1585086867036 0.1273527443408966 559
1585086899281 0.1341964155435562 560
1585086932594 0.1313561052083969 561
1585086965449 0.13068291544914246 562
1585086998151 0.12744373083114624 563
1585087032539 0.1272696852684021 564
1585087065211 0.13163608312606812 565
1585087098159 0.12403176724910736 566
1585087131198 0.13796046376228333 567
1585087163766 0.13758794963359833 568
1585087196199 0.1383802443742752 569
1585087228865 0.13419291377067566 570
1585087261650 0.12885330617427826 571
1585087293884 0.13502642512321472 572
1585087326569 0.13125163316726685 573
1585087359350 0.12585900723934174 574
1585087392316 0.13031668961048126 575
1585087425101 0.12883985042572021 576
1585087458003 0.12395048141479492 577
1585087490609 0.12237876653671265 578
1585087523313 0.12797251343727112 579
1585087555825 0.13464340567588806 580
1585087589453 0.12829789519309998 581
1585087621671 0.1338263303041458 582
1585087654236 0.13088110089302063 583
1585087686642 0.13154682517051697 584
1585087719932 0.12560266256332397 585
1585087752492 0.1341019868850708 586
1585087784973 0.12679454684257507 587
1585087817707 0.12561839818954468 588
1585087850548 0.12414976954460144 589
1585087883517 0.12633977830410004 590
1585087916392 0.12496908009052277 591
1585087949048 0.1306149661540985 592
1585087981699 0.1257348209619522 593
1585088014457 0.12950076162815094 594
1585088047094 0.1271783709526062 595
1585088079508 0.13329975306987762 596
1585088112130 0.13160791993141174 597
1585088144746 0.12984104454517365 598
1585088177118 0.12790144979953766 599
1585088209671 0.12559780478477478 600
1585088242243 0.12841670215129852 601
1585088274513 0.1224975734949112 602
1585088307188 0.12738379836082458 603
1585088339624 0.12929752469062805 604
1585088372243 0.12238103896379471 605
1585088405013 0.12610949575901031 606
1585088438120 0.1223473995923996 607
1585088470695 0.12717604637145996 608
1585088503584 0.12970277667045593 609
1585088535896 0.12694478034973145 610
1585088568251 0.12517903745174408 611
1585088600805 0.11915609985589981 612
1585088634124 0.12885791063308716 613
1585088666275 0.12711447477340698 614
1585088698405 0.1187855452299118 615
1585088730411 0.12292951345443726 616
1585088763083 0.12659615278244019 617
1585088795045 0.1219397634267807 618
1585088828128 0.12924890220165253 619
1585088860762 0.12423982471227646 620
1585088892838 0.12121212482452393 621
1585088924645 0.12122680246829987 622
1585088956910 0.13201594352722168 623
1585088989000 0.11882570385932922 624
1585089020989 0.11956070363521576 625
1585089052924 0.1245235800743103 626
1585089084690 0.13189111649990082 627
1585089116663 0.13226650655269623 628
1585089149670 0.1260385513305664 629
1585089181544 0.12487705051898956 630
1585089213881 0.12382006645202637 631
1585089246412 0.12398509681224823 632
1585089279053 0.1218789666891098 633
1585089310952 0.11983322352170944 634
1585089342927 0.12062428891658783 635
1585089375156 0.12576082348823547 636
1585089407140 0.12194404006004333 637
1585089439009 0.12154261767864227 638
1585089471027 0.1233874261379242 639
1585089502489 0.12125420570373535 640
1585089534445 0.12508058547973633 641
1585089566455 0.12169414758682251 642
1585089598505 0.11764340102672577 643
1585089630502 0.13233381509780884 644
1585089663026 0.12399941682815552 645
1585089695574 0.12475097924470901 646
1585089727207 0.1255623996257782 647
1585089759126 0.11875450611114502 648
1585089791230 0.11552764475345612 649
1585089823378 0.11944086849689484 650
1585089855369 0.11967943608760834 651
1585089887472 0.11713069677352905 652
1585089919652 0.11995893716812134 653
1585089951370 0.12066687643527985 654
1585089983274 0.12502560019493103 655
1585090015133 0.11693271994590759 656
1585090046999 0.11859116703271866 657
1585090079110 0.11769503355026245 658
1585090111433 0.12051737308502197 659
1585090143250 0.13213655352592468 660
1585090175375 0.12362807989120483 661
1585090207387 0.11961926519870758 662
1585090239239 0.12395602464675903 663
1585090271660 0.122993603348732 664
1585090304945 0.12033985555171967 665
1585090336984 0.12235772609710693 666
1585090369068 0.12129492312669754 667
1585090401166 0.12173444032669067 668
1585090433048 0.12256157398223877 669
1585090465305 0.11702030897140503 670
1585090497498 0.11574847251176834 671
1585090529731 0.12046295404434204 672
1585090561509 0.12018255889415741 673
1585090593657 0.11978109925985336 674
1585090625377 0.1218481957912445 675
1585090657489 0.11623753607273102 676
1585090689517 0.12044501304626465 677
1585090721405 0.11592495441436768 678
1585090753153 0.1139584630727768 679
1585090785015 0.12502264976501465 680
1585090817445 0.12604539096355438 681
1585090850202 0.11729110777378082 682
1585090882344 0.11563283205032349 683
1585090915033 0.11341144889593124 684
1585090948315 0.12091055512428284 685
1585090981124 0.11701537668704987 686
1585091014562 0.11891666054725647 687
1585091047758 0.11620886623859406 688
1585091081000 0.11566412448883057 689
1585091113906 0.11631084978580475 690
1585091147172 0.12101121246814728 691
1585091180362 0.11510404199361801 692
1585091213208 0.12008657306432724 693
1585091246273 0.12530404329299927 694
1585091279598 0.1158347874879837 695
1585091312574 0.11670421063899994 696
1585091345809 0.11757208406925201 697
1585091379083 0.11491483449935913 698
1585091412259 0.11850319057703018 699
1585091445594 0.11509303003549576 700
