1585173461831 0.027248883619904518 0
1585173493582 0.005162789952009916 1
1585173525536 0.0029155605006963015 2
1585173557544 0.004876166582107544 3
1585173589487 0.009218226186931133 4
1585173621436 0.014619134366512299 5
1585173653446 0.014036579057574272 6
1585173685514 0.00861402228474617 7
1585173717432 0.005139211192727089 8
1585173749099 0.0018668542616069317 9
1585173780684 0.004083855543285608 10
1585173812982 0.004304359667003155 11
1585173845008 0.00766279362142086 12
1585173877080 0.013428299687802792 13
1585173909046 0.01796228066086769 14
1585173940780 0.021438414230942726 15
1585173972709 0.02346467599272728 16
1585174004086 0.02509208768606186 17
1585174036382 0.026517488062381744 18
1585174068449 0.025525305420160294 19
1585174100331 0.025511084124445915 20
