1585173450653 0.28348657488822937 0
1585173482414 0.42678162455558777 1
1585173514337 0.6142145395278931 2
1585173546440 0.67954021692276 3
1585173578214 0.676436722278595 4
1585173610104 0.6772413849830627 5
1585173642136 0.677241325378418 6
1585173674252 0.6796551942825317 7
1585173705993 0.676436722278595 8
1585173738086 0.6812644004821777 9
1585173769654 0.6756321787834167 10
1585173801394 0.680766224861145 11
1585173833690 0.6963217854499817 12
1585173865790 0.6991570591926575 13
1585173897779 0.7262069582939148 14
1585173929560 0.7579310536384583 15
1585173961485 0.7760153412818909 16
1585173993128 0.7924520969390869 17
1585174025248 0.7950958013534546 18
1585174057208 0.8160919547080994 19
1585174089104 0.802758514881134 20
