1585173461831 0.3327358365058899 0
1585173493582 0.4533962607383728 1
1585173525536 0.6108961701393127 2
1585173557544 0.6711556911468506 3
1585173589487 0.683089554309845 4
1585173621436 0.6754716634750366 5
1585173653446 0.677688717842102 6
1585173685514 0.6865566372871399 7
1585173717432 0.6810141801834106 8
1585173749099 0.6765801906585693 9
1585173780684 0.6876651048660278 10
1585173812982 0.6754717230796814 11
1585173845008 0.6881131529808044 12
1585173877080 0.7179480791091919 13
1585173909046 0.7853065729141235 14
1585173940780 0.8255895972251892 15
1585173972709 0.8512735962867737 16
1585174004086 0.8584905862808228 17
1585174036382 0.876533031463623 18
1585174068449 0.8722405433654785 19
1585174100331 0.8770990371704102 20
