1585173450653 0.03446386754512787 0
1585173482414 0.008651548065245152 1
1585173514337 0.006249952130019665 2
1585173546440 0.010491324588656425 3
1585173578214 0.016841942444443703 4
1585173610104 0.024015722796320915 5
1585173642136 0.023849589750170708 6
1585173674252 0.014409825205802917 7
1585173705993 0.01124334242194891 8
1585173738086 0.004561466630548239 9
1585173769654 0.0033765940461307764 10
1585173801394 0.001988479634746909 11
1585173833690 0.004057682119309902 12
1585173865790 0.007535768207162619 13
1585173897779 0.011294458992779255 14
1585173929560 0.013886358588933945 15
1585173961485 0.015702281147241592 16
1585173993128 0.017148489132523537 17
1585174025248 0.017338179051876068 18
1585174057208 0.01791561022400856 19
1585174089104 0.017161458730697632 20
