1585173450653 0.8505749702453613 0
1585173482414 0.7582588195800781 1
1585173514337 0.7078867554664612 2
1585173546440 0.6801301836967468 3
1585173578214 0.6754475235939026 4
1585173610104 0.6602656841278076 5
1585173642136 0.6457200646400452 6
1585173674252 0.6216797232627869 7
1585173705993 0.6052224636077881 8
1585173738086 0.5718501210212708 9
1585173769654 0.5562986135482788 10
1585173801394 0.5302959084510803 11
1585173833690 0.5130652189254761 12
1585173865790 0.4972380995750427 13
1585173897779 0.4811260402202606 14
1585173929560 0.47060686349868774 15
1585173961485 0.4617390036582947 16
1585173993128 0.4516615867614746 17
1585174025248 0.44345393776893616 18
1585174057208 0.4297003746032715 19
1585174089104 0.42340755462646484 20
