1585173461831 0.8315979242324829 0
1585173493582 0.7384100556373596 1
1585173525536 0.6876856088638306 2
1585173557544 0.6595292091369629 3
1585173589487 0.6449902057647705 4
1585173621436 0.6386979222297668 5
1585173653446 0.6186585426330566 6
1585173685514 0.5867530703544617 7
1585173717432 0.5716400146484375 8
1585173749099 0.5527991056442261 9
1585173780684 0.5212072730064392 10
1585173812982 0.5071694254875183 11
1585173845008 0.4858704209327698 12
1585173877080 0.46813687682151794 13
1585173909046 0.4556286334991455 14
1585173940780 0.44511324167251587 15
1585173972709 0.4364745020866394 16
1585174004086 0.4260742962360382 17
1585174036382 0.4143030345439911 18
1585174068449 0.40266454219818115 19
1585174100331 0.3901216685771942 20
