1585173469619 0.8410864472389221 0
1585173501502 0.7483344078063965 1
1585173533367 0.6977862119674683 2
1585173565062 0.6698297262191772 3
1585173597312 0.6602188348770142 4
1585173629181 0.6494817733764648 5
1585173661281 0.6321892738342285 6
1585173693349 0.6042163968086243 7
1585173725120 0.5884312391281128 8
1585173756880 0.5623246431350708 9
1585173788424 0.5387529134750366 10
1585173820753 0.5187326669692993 11
1585173852825 0.4994678199291229 12
1585173884772 0.48268747329711914 13
1585173916712 0.46837735176086426 14
1585173948588 0.4578600525856018 15
1585173980403 0.44910675287246704 16
1585174011926 0.4388679265975952 17
1585174044210 0.4288784861564636 18
1585174076146 0.4161824584007263 19
1585174108021 0.4067646265029907 20
