1585173469619 0.30811119079589844 0
1585173501502 0.4400889277458191 1
1585173533367 0.6125553846359253 2
1585173565062 0.6753479242324829 3
1585173597312 0.67976313829422 4
1585173629181 0.6763565540313721 5
1585173661281 0.67746502161026 6
1585173693349 0.6831059455871582 7
1585173725120 0.6787254810333252 8
1585173756880 0.6789222955703735 9
1585173788424 0.6816486120223999 10
1585173820753 0.6781189441680908 11
1585173852825 0.6922174692153931 12
1585173884772 0.7085525989532471 13
1585173916712 0.7557567358016968 14
1585173948588 0.7917603254318237 15
1585173980403 0.8136444687843323 16
1585174011926 0.8254713416099548 17
1585174044210 0.8358144164085388 18
1585174076146 0.8441662788391113 19
1585174108021 0.8399287462234497 20
