1585173469619 0.03085637465119362 0
1585173501502 0.00690716877579689 1
1585173533367 0.004582756198942661 2
1585173565062 0.007683745585381985 3
1585173597312 0.01303008385002613 4
1585173629181 0.01931742951273918 5
1585173661281 0.01894308440387249 6
1585173693349 0.011511923745274544 7
1585173725120 0.008191276341676712 8
1585173756880 0.0032141604460775852 9
1585173788424 0.003730224911123514 10
1585173820753 0.0031464197672903538 11
1585173852825 0.005860237870365381 12
1585173884772 0.010482033714652061 13
1585173916712 0.014628369361162186 14
1585173948588 0.01766238734126091 15
1585173980403 0.019583478569984436 16
1585174011926 0.021120287477970123 17
1585174044210 0.021927833557128906 18
1585174076146 0.021720457822084427 19
1585174108021 0.021336272358894348 20
