1585174347422 0.8315979242324829 0
1585174379249 0.7384100556373596 1
1585174411412 0.6876856088638306 2
1585174443285 0.6595292091369629 3
1585174475320 0.6449902057647705 4
1585174507180 0.6386979222297668 5
1585174538950 0.6186585426330566 6
1585174570839 0.5867530703544617 7
1585174603115 0.5716400146484375 8
1585174634921 0.5527991056442261 9
1585174666958 0.5212072730064392 10
1585174698702 0.5071694254875183 11
1585174730199 0.4858704209327698 12
1585174762298 0.46813687682151794 13
1585174794569 0.4556286334991455 14
