1585174336243 0.8505749702453613 0
1585174368100 0.7582588195800781 1
1585174400098 0.7078867554664612 2
1585174432186 0.6801301836967468 3
1585174464188 0.6754475235939026 4
1585174496147 0.6602656841278076 5
1585174527738 0.6457200646400452 6
1585174559634 0.6216797232627869 7
1585174591752 0.6052224636077881 8
1585174623707 0.5718501210212708 9
1585174655687 0.5562986135482788 10
1585174687850 0.5302959084510803 11
1585174719299 0.5130652189254761 12
1585174750980 0.4972380995750427 13
1585174783264 0.4811260402202606 14
