1585174336243 0.03446386754512787 0
1585174368100 0.008651548065245152 1
1585174400098 0.006249952130019665 2
1585174432186 0.010491324588656425 3
1585174464188 0.016841942444443703 4
1585174496147 0.024015722796320915 5
1585174527738 0.023849589750170708 6
1585174559634 0.014409825205802917 7
1585174591752 0.01124334242194891 8
1585174623707 0.004561466630548239 9
1585174655687 0.0033765940461307764 10
1585174687850 0.001988479634746909 11
1585174719299 0.004057682119309902 12
1585174750980 0.007535768207162619 13
1585174783264 0.011294458992779255 14
