1585174347422 0.3327358365058899 0
1585174379249 0.4533962607383728 1
1585174411412 0.6108961701393127 2
1585174443285 0.6711556911468506 3
1585174475320 0.683089554309845 4
1585174507180 0.6754716634750366 5
1585174538950 0.677688717842102 6
1585174570839 0.6865566372871399 7
1585174603115 0.6810141801834106 8
1585174634921 0.6765801906585693 9
1585174666958 0.6876651048660278 10
1585174698702 0.6754717230796814 11
1585174730199 0.6881131529808044 12
1585174762298 0.7179480791091919 13
1585174794569 0.7853065729141235 14
