1585174336243 0.28348657488822937 0
1585174368100 0.42678162455558777 1
1585174400098 0.6142145395278931 2
1585174432186 0.67954021692276 3
1585174464188 0.676436722278595 4
1585174496147 0.6772413849830627 5
1585174527738 0.677241325378418 6
1585174559634 0.6796551942825317 7
1585174591752 0.676436722278595 8
1585174623707 0.6812644004821777 9
1585174655687 0.6756321787834167 10
1585174687850 0.680766224861145 11
1585174719299 0.6963217854499817 12
1585174750980 0.6991570591926575 13
1585174783264 0.7262069582939148 14
