1585174347422 0.027248883619904518 0
1585174379249 0.005162789952009916 1
1585174411412 0.0029155605006963015 2
1585174443285 0.004876166582107544 3
1585174475320 0.009218226186931133 4
1585174507180 0.014619134366512299 5
1585174538950 0.014036579057574272 6
1585174570839 0.00861402228474617 7
1585174603115 0.005139211192727089 8
1585174634921 0.0018668542616069317 9
1585174666958 0.004083855543285608 10
1585174698702 0.004304359667003155 11
1585174730199 0.00766279362142086 12
1585174762298 0.013428299687802792 13
1585174794569 0.01796228066086769 14
