1585174355205 0.03085637465119362 0
1585174386939 0.00690716877579689 1
1585174419256 0.004582756198942661 2
1585174451183 0.007683745585381985 3
1585174483152 0.01303008385002613 4
1585174514962 0.01931742951273918 5
1585174546659 0.01894308440387249 6
1585174578691 0.011511923745274544 7
1585174610930 0.008191276341676712 8
1585174642729 0.0032141604460775852 9
1585174674705 0.003730224911123514 10
1585174706310 0.0031464197672903538 11
1585174738021 0.005860237870365381 12
1585174770211 0.010482033714652061 13
