1585003514987 0.8505749702453613 0
1585003547193 0.7585116624832153 1
1585003579377 0.7089470028877258 2
1585003612050 0.6807082295417786 3
1585003644706 0.674106240272522 4
1585003677113 0.6565452218055725 5
1585003709638 0.6397882103919983 6
1585003742186 0.6151897311210632 7
1585003774802 0.5986522436141968 8
1585003807490 0.5684323906898499 9
1585003840206 0.5553660988807678 10
1585003872791 0.5339029431343079 11
1585003905091 0.5198601484298706 12
1585003937592 0.506274938583374 13
1585003970218 0.49064505100250244 14
1585004003207 0.47962135076522827 15
1585004035662 0.46864187717437744 16
1585004068251 0.4581456780433655 17
1585004100896 0.4508223533630371 18
1585004133783 0.43744340538978577 19
1585004166441 0.43292465806007385 20
1585004199365 0.42328906059265137 21
1585004232133 0.4203903079032898 22
1585004264694 0.41304123401641846 23
1585004297351 0.40301600098609924 24
1585004330193 0.4023699164390564 25
1585004362690 0.395912766456604 26
1585004395077 0.39316362142562866 27
1585004427584 0.38746052980422974 28
1585004460073 0.38242197036743164 29
1585004492813 0.3762267827987671 30
1585004525240 0.37420931458473206 31
1585004557856 0.37446290254592896 32
1585004590343 0.36484843492507935 33
1585004622916 0.3601154088973999 34
1585004655673 0.35502317547798157 35
1585004688080 0.35827669501304626 36
1585004720824 0.3489896357059479 37
1585004753824 0.3458871841430664 38
1585004786204 0.3422679007053375 39
1585004818654 0.34353354573249817 40
1585004851134 0.3384924829006195 41
1585004883967 0.33826199173927307 42
1585004916719 0.3365025222301483 43
1585004949301 0.3327013850212097 44
1585004982851 0.33698350191116333 45
1585005015500 0.3337990343570709 46
1585005048059 0.3336719572544098 47
1585005080524 0.3282320201396942 48
1585005112875 0.3282967209815979 49
1585005145587 0.32719510793685913 50
1585005178067 0.322846919298172 51
1585005210683 0.32886409759521484 52
1585005242984 0.31862619519233704 53
1585005276566 0.32820025086402893 54
1585005309113 0.328861802816391 55
1585005342032 0.3262898027896881 56
1585005374777 0.32286325097084045 57
1585005407416 0.32276391983032227 58
1585005440051 0.3239573836326599 59
1585005472543 0.3195103704929352 60
1585005505229 0.31560298800468445 61
1585005537778 0.32233327627182007 62
1585005570416 0.33004269003868103 63
1585005602849 0.3188244700431824 64
1585005635561 0.3229001760482788 65
1585005668714 0.3240031898021698 66
1585005701473 0.3190961480140686 67
1585005734018 0.32252010703086853 68
1585005766586 0.3217707872390747 69
1585005798956 0.32773557305336 70
1585005831710 0.3169604539871216 71
1585005864412 0.3272629678249359 72
1585005897018 0.3215470314025879 73
1585005929509 0.32025983929634094 74
1585005962022 0.3225844204425812 75
1585005994376 0.32305142283439636 76
1585006026803 0.3240356743335724 77
1585006059343 0.3284774422645569 78
1585006091822 0.32439377903938293 79
1585006124197 0.3175644874572754 80
1585006156560 0.3283231556415558 81
1585006189075 0.3318101167678833 82
1585006221433 0.3429422676563263 83
1585006253780 0.3286356031894684 84
1585006286048 0.3328600823879242 85
1585006318564 0.32424500584602356 86
1585006351218 0.3320585787296295 87
1585006383780 0.3234739303588867 88
1585006416375 0.33025631308555603 89
1585006448987 0.33085694909095764 90
1585006482032 0.3319951295852661 91
1585006514951 0.33532729744911194 92
1585006547459 0.33581823110580444 93
1585006579895 0.3372862935066223 94
1585006612254 0.3336593210697174 95
1585006644634 0.3397219181060791 96
1585006677125 0.3378945291042328 97
1585006709798 0.347038596868515 98
1585006742268 0.3457029163837433 99
