1585003526093 0.8315979242324829 0
1585003558380 0.7384952306747437 1
1585003590755 0.6887212991714478 2
1585003623573 0.6601724624633789 3
1585003655895 0.6443091034889221 4
1585003688578 0.6354579925537109 5
1585003721083 0.6134381890296936 6
1585003753774 0.5819135904312134 7
1585003786287 0.5667967796325684 8
1585003819219 0.5498716831207275 9
1585003851598 0.5233531594276428 10
1585003884104 0.5119046568870544 11
1585003916539 0.49418047070503235 12
1585003949141 0.47899940609931946 13
1585003982000 0.4668614864349365 14
1585004014646 0.4554387629032135 15
1585004047110 0.44550999999046326 16
1585004079718 0.4336460530757904 17
1585004112391 0.420783668756485 18
1585004145261 0.413210391998291 19
1585004178136 0.4005080461502075 20
1585004211045 0.39590972661972046 21
1585004243566 0.3935951292514801 22
1585004276134 0.37979426980018616 23
1585004308790 0.3792198598384857 24
1585004341633 0.36621057987213135 25
1585004374191 0.36276310682296753 26
1585004406541 0.3579680919647217 27
1585004438962 0.35575973987579346 28
1585004471534 0.35071003437042236 29
1585004504035 0.35204508900642395 30
1585004536666 0.34353333711624146 31
1585004569178 0.3406102657318115 32
1585004601902 0.329974889755249 33
1585004634428 0.3273528814315796 34
1585004667015 0.32781079411506653 35
1585004699432 0.31928494572639465 36
1585004732339 0.31437569856643677 37
1585004765274 0.30876684188842773 38
1585004797523 0.3079606592655182 39
1585004830052 0.3086010217666626 40
1585004862573 0.3013606667518616 41
1585004895457 0.30382153391838074 42
1585004928194 0.30694568157196045 43
1585004960759 0.2958061099052429 44
1585004994373 0.30290985107421875 45
1585005027090 0.2990056276321411 46
1585005059517 0.298921138048172 47
1585005091794 0.2922511100769043 48
1585005124350 0.29816460609436035 49
1585005157180 0.29972341656684875 50
1585005189563 0.2902974486351013 51
1585005222036 0.29176685214042664 52
1585005254512 0.29540249705314636 53
1585005288031 0.2876715064048767 54
1585005320566 0.2892846465110779 55
1585005353675 0.29070261120796204 56
1585005386256 0.2900576889514923 57
1585005418866 0.30050188302993774 58
1585005451514 0.2917672395706177 59
1585005484138 0.29655471444129944 60
1585005516719 0.29626211524009705 61
1585005549292 0.2912825345993042 62
1585005581876 0.2920547127723694 63
1585005614314 0.2923927903175354 64
1585005647210 0.2851906418800354 65
1585005680219 0.29671183228492737 66
1585005712869 0.2939966917037964 67
1585005745477 0.2882210612297058 68
1585005777937 0.2876574695110321 69
1585005810420 0.28651151061058044 70
1585005843237 0.29032039642333984 71
1585005875929 0.294268935918808 72
1585005908439 0.2904723286628723 73
1585005940942 0.2901802361011505 74
1585005973456 0.28409165143966675 75
1585006005626 0.29189035296440125 76
1585006038420 0.2938573360443115 77
1585006070862 0.28608137369155884 78
1585006103153 0.28982990980148315 79
1585006135466 0.2907831072807312 80
1585006168017 0.2927698791027069 81
1585006200468 0.2813044488430023 82
1585006232837 0.29118478298187256 83
1585006265018 0.29670384526252747 84
1585006297493 0.289301335811615 85
1585006330044 0.28540146350860596 86
1585006362652 0.28836002945899963 87
1585006395170 0.2934744954109192 88
1585006427752 0.2933012843132019 89
1585006460423 0.29256099462509155 90
1585006493890 0.30148428678512573 91
1585006526404 0.2964361608028412 92
1585006558925 0.28889936208724976 93
1585006591147 0.30260294675827026 94
1585006623717 0.2995959222316742 95
1585006656080 0.30903175473213196 96
1585006688920 0.2967115342617035 97
1585006721153 0.29941657185554504 98
1585006753770 0.3134559988975525 99
