1585003514987 0.03446386754512787 0
1585003547193 0.00872707087546587 1
1585003579377 0.006109172012656927 2
1585003612050 0.009392562322318554 3
1585003644706 0.013821033760905266 4
1585003677113 0.018103163689374924 5
1585003709638 0.015930524095892906 6
1585003742186 0.007306827697902918 7
1585003774802 0.004953581374138594 8
1585003807490 0.0018094953848049045 9
1585003840206 0.0023316810838878155 10
1585003872791 0.003064873395487666 11
1585003905091 0.0052277385257184505 12
1585003937592 0.007812274154275656 13
1585003970218 0.010297452099621296 14
1585004003207 0.011695245280861855 15
1585004035662 0.012949653901159763 16
1585004068251 0.013875805772840977 17
1585004100896 0.013529224321246147 18
1585004133783 0.013809174299240112 19
1585004166441 0.013000774197280407 20
1585004199365 0.011601967737078667 21
1585004232133 0.010426986031234264 22
1585004264694 0.009490149095654488 23
1585004297351 0.009379999712109566 24
1585004330193 0.008078070357441902 25
1585004362690 0.008551022969186306 26
1585004395077 0.007102102041244507 27
1585004427584 0.0069264802150428295 28
1585004460073 0.007523783482611179 29
1585004492813 0.008011101745069027 30
1585004525240 0.0073691862635314465 31
1585004557856 0.007983947172760963 32
1585004590343 0.008677252568304539 33
1585004622916 0.00844729132950306 34
1585004655673 0.008928847499191761 35
1585004688080 0.009093505330383778 36
1585004720824 0.009765650145709515 37
1585004753824 0.009889734908938408 38
1585004786204 0.009583169594407082 39
1585004818654 0.008667975664138794 40
1585004851134 0.009189775213599205 41
1585004883967 0.008702637627720833 42
1585004916719 0.008603938855230808 43
1585004949301 0.008582323789596558 44
1585004982851 0.007966314442455769 45
1585005015500 0.007798092905431986 46
1585005048059 0.0072425371035933495 47
1585005080524 0.007676017936319113 48
1585005112875 0.0071437060832977295 49
1585005145587 0.007049958687275648 50
1585005178067 0.007384170312434435 51
1585005210683 0.006522893439978361 52
1585005242984 0.007664990145713091 53
1585005276566 0.006644456181675196 54
1585005309113 0.006039055529981852 55
1585005342032 0.006278397981077433 56
1585005374777 0.006491159554570913 57
1585005407416 0.006596342660486698 58
1585005440051 0.00612609414383769 59
1585005472543 0.007352479733526707 60
1585005505229 0.006816984154284 61
1585005537778 0.005743712652474642 62
1585005570416 0.006036160979419947 63
1585005602849 0.005718572530895472 64
1585005635561 0.005247112829238176 65
1585005668714 0.005672710482031107 66
1585005701473 0.005602798890322447 67
1585005734018 0.005131627898663282 68
1585005766586 0.005272107198834419 69
1585005798956 0.004881287459284067 70
1585005831710 0.005487456917762756 71
1585005864412 0.00428183376789093 72
1585005897018 0.004659845493733883 73
1585005929509 0.0050461930222809315 74
1585005962022 0.00429032975807786 75
1585005994376 0.0047397431917488575 76
1585006026803 0.0043496862053871155 77
1585006059343 0.004102928563952446 78
1585006091822 0.003995997831225395 79
1585006124197 0.004591920413076878 80
1585006156560 0.0043931263498961926 81
1585006189075 0.00275709037669003 82
1585006221433 0.00321509363129735 83
1585006253780 0.0033067085314542055 84
1585006286048 0.003538360120728612 85
1585006318564 0.0032544201239943504 86
1585006351218 0.0030637262389063835 87
1585006383780 0.003937708679586649 88
1585006416375 0.002367566106840968 89
1585006448987 0.002706361236050725 90
1585006482032 0.0031794693786650896 91
1585006514951 0.0037030838429927826 92
1585006547459 0.001961694797500968 93
1585006579895 0.0020192109514027834 94
1585006612254 0.0027844528667628765 95
1585006644634 0.001342853531241417 96
1585006677125 0.002977972151711583 97
1585006709798 0.0022810203954577446 98
1585006742268 0.0024441529531031847 99
