1585003526093 0.027248883619904518 0
1585003558380 0.0051950919441878796 1
1585003590755 0.002842918736860156 2
1585003623573 0.004186602775007486 3
1585003655895 0.007154326420277357 4
1585003688578 0.010270440019667149 5
1585003721083 0.00832584872841835 6
1585003753774 0.004029661882668734 7
1585003786287 0.0019249331671744585 8
1585003819219 0.0009818400721997023 9
1585003851598 0.004953898023813963 10
1585003884104 0.006399425212293863 11
1585003916539 0.009429310448467731 12
1585003949141 0.013539775274693966 13
1585003982000 0.01641278900206089 14
1585004014646 0.018537767231464386 15
1585004047110 0.019847970455884933 16
1585004079718 0.021075788885354996 17
1585004112391 0.022096728906035423 18
1585004145261 0.02001669816672802 19
1585004178136 0.01991729810833931 20
1585004211045 0.018058273941278458 21
1585004243566 0.01585688441991806 22
1585004276134 0.01554941013455391 23
1585004308790 0.014172178693115711 24
1585004341633 0.014581115916371346 25
1585004374191 0.012750016525387764 26
1585004406541 0.012444324791431427 27
1585004438962 0.010970319621264935 28
1585004471534 0.01060222927480936 29
1585004504035 0.010518212802708149 30
1585004536666 0.011320722289383411 31
1585004569178 0.010868648067116737 32
1585004601902 0.01207573153078556 33
1585004634428 0.012297844514250755 34
1585004667015 0.012236286886036396 35
1585004699432 0.0124254385009408 36
1585004732339 0.012696555815637112 37
1585004765274 0.01317288912832737 38
1585004797523 0.013088072650134563 39
1585004830052 0.011270119808614254 40
1585004862573 0.01214594952762127 41
1585004895457 0.010532118380069733 42
1585004928194 0.00949103944003582 43
1585004960759 0.010726859793066978 44
1585004994373 0.009481221437454224 45
1585005027090 0.009627729654312134 46
1585005059517 0.009028274565935135 47
1585005091794 0.011074362322688103 48
1585005124350 0.008783292956650257 49
1585005157180 0.008498083800077438 50
1585005189563 0.00859789177775383 51
1585005222036 0.008314622566103935 52
1585005254512 0.0075955516658723354 53
1585005288031 0.00847971998155117 54
1585005320566 0.008211152628064156 55
1585005353675 0.008432078175246716 56
1585005386256 0.007196631748229265 57
1585005418866 0.006027912255376577 58
1585005451514 0.007035930175334215 59
1585005484138 0.00677774241194129 60
1585005516719 0.005562779493629932 61
1585005549292 0.00608523003757 62
1585005581876 0.0054652635008096695 63
1585005614314 0.007042244542390108 64
1585005647210 0.006812566891312599 65
1585005680219 0.006245918571949005 66
1585005712869 0.005453352816402912 67
1585005745477 0.006116264965385199 68
1585005777937 0.005827402696013451 69
1585005810420 0.006616824306547642 70
1585005843237 0.004935906734317541 71
1585005875929 0.005422158166766167 72
1585005908439 0.005970222409814596 73
1585005940942 0.004428028594702482 74
1585005973456 0.005648629739880562 75
1585006005626 0.004637398757040501 76
1585006038420 0.004411256406456232 77
1585006070862 0.005325863137841225 78
1585006103153 0.004926060326397419 79
1585006135466 0.004298156592994928 80
1585006168017 0.003724323585629463 81
1585006200468 0.0054867141880095005 82
1585006232837 0.004189713858067989 83
1585006265018 0.003919367212802172 84
1585006297493 0.004088596906512976 85
1585006330044 0.0057814172469079494 86
1585006362652 0.003441285341978073 87
1585006395170 0.0041510420851409435 88
1585006427752 0.003076310269534588 89
1585006460423 0.002579417312517762 90
1585006493890 0.0032097334042191505 91
1585006526404 0.0036820932291448116 92
1585006558925 0.004144889302551746 93
1585006591147 0.003294328460469842 94
1585006623717 0.004243143834173679 95
1585006656080 0.0028102202340960503 96
1585006688920 0.003932669758796692 97
1585006721153 0.003530009649693966 98
1585006753770 0.004007322713732719 99
