1585003526093 0.3327358365058899 0
1585003558380 0.45575475692749023 1
1585003590755 0.6072877049446106 2
1585003623573 0.6711556911468506 3
1585003655895 0.683089554309845 4
1585003688578 0.6742216944694519 5
1585003721083 0.677688717842102 6
1585003753774 0.6865566372871399 7
1585003786287 0.6810141801834106 8
1585003819219 0.6765801906585693 9
1585003851598 0.6876651048660278 10
1585003884104 0.6767216920852661 11
1585003916539 0.6981132626533508 12
1585003949141 0.7204481363296509 13
1585003982000 0.7607311010360718 14
1585004014646 0.7886556386947632 15
1585004047110 0.7928065657615662 16
1585004079718 0.8247405290603638 17
1585004112391 0.8241744637489319 18
1585004145261 0.8312735557556152 19
1585004178136 0.8280660510063171 20
1585004211045 0.8144810795783997 21
1585004243566 0.8050471544265747 22
1585004276134 0.8336321115493774 23
1585004308790 0.8021225929260254 24
1585004341633 0.8205659985542297 25
1585004374191 0.8126650452613831 26
1585004406541 0.8237736225128174 27
1585004438962 0.8175235986709595 28
1585004471534 0.832382082939148 29
1585004504035 0.8229480385780334 30
1585004536666 0.8364151120185852 31
1585004569178 0.8515565395355225 32
1585004601902 0.8695990443229675 33
1585004634428 0.8673820495605469 34
1585004667015 0.8484905958175659 35
1585004699432 0.8633490800857544 36
1585004732339 0.8694576025009155 37
1585004765274 0.8794574737548828 38
1585004797523 0.8683490753173828 39
1585004830052 0.8794574737548828 40
1585004862573 0.8768159747123718 41
1585004895457 0.8722405433654785 42
1585004928194 0.8698821067810059 43
1585004960759 0.8805660009384155 44
1585004994373 0.8775235414505005 45
1585005027090 0.8757075071334839 46
1585005059517 0.8809905648231506 47
1585005091794 0.8815329074859619 48
1585005124350 0.8794575929641724 49
1585005157180 0.870707631111145 50
1585005189563 0.874457597732544 51
1585005222036 0.8769575357437134 52
1585005254512 0.8748820424079895 53
1585005288031 0.8754244446754456 54
1585005320566 0.8744574785232544 55
1585005353675 0.875990629196167 56
1585005386256 0.8770990967750549 57
1585005418866 0.8857074975967407 58
1585005451514 0.869316041469574 59
1585005484138 0.8786320686340332 60
1585005516719 0.8725235462188721 61
1585005549292 0.865165114402771 62
1585005581876 0.8725236058235168 63
1585005614314 0.8786320686340332 64
1585005647210 0.8780660033226013 65
1585005680219 0.8757075071334839 66
1585005712869 0.8782075643539429 67
1585005745477 0.8757076263427734 68
1585005777937 0.8830659985542297 69
1585005810420 0.8830659985542297 70
1585005843237 0.8703065514564514 71
1585005875929 0.8772405982017517 72
1585005908439 0.8833490610122681 73
1585005940942 0.8725236058235168 74
1585005973456 0.882924497127533 75
1585006005626 0.8739150762557983 76
1585006038420 0.8751651048660278 77
1585006070862 0.8818159699440002 78
1585006103153 0.8695990443229675 79
1585006135466 0.8770990967750549 80
1585006168017 0.8772406578063965 81
1585006200468 0.8816745281219482 82
1585006232837 0.8784905672073364 83
1585006265018 0.8689150810241699 84
1585006297493 0.8783490657806396 85
1585006330044 0.8794575929641724 86
1585006362652 0.8807075023651123 87
1585006395170 0.8784905672073364 88
1585006427752 0.8773820996284485 89
1585006460423 0.8834905624389648 90
1585006493890 0.8747406005859375 91
1585006526404 0.8772405982017517 92
1585006558925 0.8791744709014893 93
1585006591147 0.8808490633964539 94
1585006623717 0.8739151358604431 95
1585006656080 0.8723820447921753 96
1585006688920 0.8794575929641724 97
1585006721153 0.8805660009384155 98
1585006753770 0.8680896162986755 99
