1585003514987 0.28348657488822937 0
1585003547193 0.42678162455558777 1
1585003579377 0.6097701191902161 2
1585003612050 0.6762068867683411 3
1585003644706 0.676436722278595 4
1585003677113 0.6772413849830627 5
1585003709638 0.677241325378418 6
1585003742186 0.6796551942825317 7
1585003774802 0.676436722278595 8
1585003807490 0.6812644004821777 9
1585003840206 0.6756321787834167 10
1585003872791 0.6852107644081116 11
1585003905091 0.700766384601593 12
1585003937592 0.6980459690093994 13
1585003970218 0.7150958180427551 14
1585004003207 0.7324903607368469 15
1585004035662 0.7373180389404297 16
1585004068251 0.7441762089729309 17
1585004100896 0.7490421533584595 18
1585004133783 0.7568965554237366 19
1585004166441 0.7641761898994446 20
1585004199365 0.7600383758544922 21
1585004232133 0.7397701740264893 22
1585004264694 0.7590421438217163 23
1585004297351 0.7633715867996216 24
1585004330193 0.7601532340049744 25
1585004362690 0.7651723623275757 26
1585004395077 0.7642912268638611 27
1585004427584 0.7654022574424744 28
1585004460073 0.7844827771186829 29
1585004492813 0.8032566905021667 30
1585004525240 0.8059003949165344 31
1585004557856 0.7986589670181274 32
1585004590343 0.8205364346504211 33
1585004622916 0.8203448057174683 34
1585004655673 0.8346743583679199 35
1585004688080 0.8294252753257751 36
1585004720824 0.8286206722259521 37
1585004753824 0.8384292125701904 38
1585004786204 0.837011456489563 39
1585004818654 0.8311493992805481 40
1585004851134 0.8385440111160278 41
1585004883967 0.8463984727859497 42
1585004916719 0.8394253253936768 43
1585004949301 0.8503448963165283 44
1585004982851 0.8376244902610779 45
1585005015500 0.8365134000778198 46
1585005048059 0.8383141756057739 47
1585005080524 0.8463984727859497 48
1585005112875 0.8391187787055969 49
1585005145587 0.8405364155769348 50
1585005178067 0.8594253659248352 51
1585005210683 0.8372030258178711 52
1585005242984 0.8610345125198364 53
1585005276566 0.8477011919021606 54
1585005309113 0.8413410186767578 55
1585005342032 0.8500382900238037 56
1585005374777 0.8513410687446594 57
1585005407416 0.8524520993232727 58
1585005440051 0.8580076694488525 59
1585005472543 0.8554789423942566 60
1585005505229 0.8596168756484985 61
1585005537778 0.8462835550308228 62
1585005570416 0.8513409495353699 63
1585005602849 0.8477010726928711 64
1585005635561 0.8427585959434509 65
1585005668714 0.8496168255805969 66
1585005701473 0.8510344624519348 67
1585005734018 0.8594253659248352 68
1585005766586 0.8440612554550171 69
1585005798956 0.8328736424446106 70
1585005831710 0.8499233722686768 71
1585005864412 0.8360918760299683 72
1585005897018 0.8568965196609497 73
1585005929509 0.8527586460113525 74
1585005962022 0.8467049598693848 75
1585005994376 0.8519540429115295 76
1585006026803 0.8446743488311768 77
1585006059343 0.837701141834259 78
1585006091822 0.8422605395317078 79
1585006124197 0.8529502749443054 80
1585006156560 0.8350958228111267 81
1585006189075 0.8327586650848389 82
1585006221433 0.815632164478302 83
1585006253780 0.8350957632064819 84
1585006286048 0.8306514024734497 85
1585006318564 0.8499233722686768 86
1585006351218 0.8362069129943848 87
1585006383780 0.8418391346931458 88
1585006416375 0.8405364155769348 89
1585006448987 0.8322604894638062 90
1585006482032 0.8360919952392578 91
1585006514951 0.8319540023803711 92
1585006547459 0.8322605490684509 93
1585006579895 0.8286207318305969 94
1585006612254 0.83003830909729 95
1585006644634 0.8244827389717102 96
1585006677125 0.82478928565979 97
1585006709798 0.8200382590293884 98
1585006742268 0.8327586054801941 99
