1585003534076 0.8410864472389221 0
1585003566325 0.7485034465789795 1
1585003598739 0.6988341808319092 2
1585003631498 0.6704403162002563 3
1585003663894 0.6592077016830444 4
1585003696498 0.6460015773773193 5
1585003729018 0.626613199710846 6
1585003761660 0.5985516309738159 7
1585003794244 0.5827245116233826 8
1585003827181 0.5591520071029663 9
1585003859594 0.5393596291542053 10
1585003891899 0.5229038000106812 11
1585003924504 0.5070202946662903 12
1585003956963 0.49263715744018555 13
1585003989857 0.4787532687187195 14
1585004022367 0.4675300717353821 15
1585004054956 0.45707595348358154 16
1585004087721 0.44589585065841675 17
1585004120472 0.43580299615859985 18
1585004153256 0.4253268837928772 19
1585004186229 0.4167163372039795 20
1585004218940 0.4095993936061859 21
1585004251501 0.40699273347854614 22
1585004284094 0.3964177370071411 23
1585004316842 0.3911179304122925 24
1585004349486 0.38429024815559387 25
1585004381963 0.37933793663978577 26
1585004414402 0.37556585669517517 27
1585004446921 0.3716101348400116 28
1585004479636 0.366566002368927 29
1585004511956 0.3641359210014343 30
1585004544493 0.35887134075164795 31
1585004577050 0.35753658413887024 32
1585004609749 0.3474116623401642 33
1585004642450 0.34373414516448975 34
1585004674979 0.34141698479652405 35
1585004707533 0.33878082036972046 36
1585004740269 0.3316826820373535 37
1585004773072 0.32732701301574707 38
1585004805470 0.32511427998542786 39
1585004837967 0.3260672688484192 40
1585004870664 0.31992655992507935 41
1585004903520 0.3210417628288269 42
1585004936094 0.3217241168022156 43
1585004968715 0.3142537474632263 44
1585005002297 0.31994667649269104 45
1585005034939 0.3164023160934448 46
1585005067346 0.3162965476512909 47
1585005099675 0.31024158000946045 48
1585005132373 0.3132306635379791 49
1585005165090 0.31345927715301514 50
1585005197497 0.30657219886779785 51
1585005229918 0.31031548976898193 52
1585005263381 0.3070143461227417 53
1585005296003 0.307935893535614 54
1585005328556 0.30907320976257324 55
1585005361582 0.3084962069988251 56
1585005394089 0.3064604699611664 57
1585005426855 0.31163290143013 58
1585005459487 0.3078623116016388 59
1585005492149 0.3080325424671173 60
1585005524685 0.30593255162239075 61
1585005557232 0.30680790543556213 62
1585005589818 0.311048686504364 63
1585005622234 0.3056086301803589 64
1585005655113 0.3040454089641571 65
1585005688172 0.3103575110435486 66
1585005720842 0.3065464198589325 67
1585005753409 0.305370569229126 68
1585005785827 0.3047141432762146 69
1585005818356 0.3071235418319702 70
1585005851163 0.3036404252052307 71
1585005883862 0.31076595187187195 72
1585005916332 0.3060096800327301 73
1585005948859 0.3052200376987457 74
1585005981361 0.30333805084228516 75
1585006013626 0.3074708878993988 76
1585006046313 0.30894649028778076 77
1585006078699 0.30727940797805786 78
1585006111085 0.30711185932159424 79
1585006143395 0.3041737973690033 80
1585006175959 0.31054651737213135 81
1585006208277 0.306557297706604 82
1585006240726 0.31706351041793823 83
1585006272949 0.3126697242259979 84
1585006305332 0.3110806941986084 85
1585006337982 0.30482321977615356 86
1585006370578 0.3102093040943146 87
1585006403124 0.30847421288490295 88
1585006435684 0.3117787837982178 89
1585006468528 0.3117089867591858 90
1585006501765 0.3167397081851959 91
1585006534319 0.31588172912597656 92
1585006566806 0.3123587965965271 93
1585006599084 0.3199446201324463 94
1585006631595 0.3166276216506958 95
1585006664067 0.32437682151794434 96
1585006696746 0.31730303168296814 97
1585006729238 0.32322758436203003 98
1585006761642 0.3295794725418091 99
