1585003534076 0.03085637465119362 0
1585003566325 0.006961081176996231 1
1585003598739 0.00447604525834322 2
1585003631498 0.006789582781493664 3
1585003663894 0.010487680323421955 4
1585003696498 0.014186801388859749 5
1585003729018 0.012128186412155628 6
1585003761660 0.005668244790285826 7
1585003794244 0.003439257387071848 8
1585003827181 0.0013956676702946424 9
1585003859594 0.003642789553850889 10
1585003891899 0.004732149187475443 11
1585003924504 0.007328524254262447 12
1585003956963 0.010676024481654167 13
1585003989857 0.01335512101650238 14
1585004022367 0.01511650625616312 15
1585004054956 0.01639881171286106 16
1585004087721 0.0174757968634367 17
1585004120472 0.017812976613640785 18
1585004153256 0.01691293716430664 19
1585004186229 0.016459036618471146 20
1585004218940 0.014830120839178562 21
1585004251501 0.01314193569123745 22
1585004284094 0.012519779615104198 23
1585004316842 0.011776089668273926 24
1585004349486 0.011329593136906624 25
1585004381963 0.010650519281625748 26
1585004414402 0.009773213416337967 27
1585004446921 0.008948399685323238 28
1585004479636 0.00906300637871027 29
1585004511956 0.009264657273888588 30
1585004544493 0.009344954043626785 31
1585004577050 0.00942629761993885 32
1585004609749 0.010376492515206337 33
1585004642450 0.010372567921876907 34
1585004674979 0.010582567192614079 35
1585004707533 0.010759471915662289 36
1585004740269 0.011231102980673313 37
1585004773072 0.011531312018632889 38
1585004805470 0.011335620656609535 39
1585004837967 0.009969048202037811 40
1585004870664 0.010667862370610237 41
1585004903520 0.009617378003895283 42
1585004936094 0.009047489613294601 43
1585004968715 0.009654591791331768 44
1585005002297 0.008723767474293709 45
1585005034939 0.008712911047041416 46
1585005067346 0.00813540630042553 47
1585005099675 0.009375190362334251 48
1585005132373 0.007963499054312706 49
1585005165090 0.007774021476507187 50
1585005197497 0.007991030812263489 51
1585005229918 0.007418758235871792 52
1585005263381 0.007630270905792713 53
1585005296003 0.007562087848782539 54
1585005328556 0.00712510384619236 55
1585005361582 0.007355238310992718 56
1585005394089 0.006843895651400089 57
1585005426855 0.006312127225100994 58
1585005459487 0.006581012159585953 59
1585005492149 0.007065110839903355 60
1585005524685 0.006189881823956966 61
1585005557232 0.005914471112191677 62
1585005589818 0.005750712007284164 63
1585005622234 0.00638040853664279 64
1585005655113 0.006029839627444744 65
1585005688172 0.005959314294159412 66
1585005720842 0.005528075620532036 67
1585005753409 0.0056239464320242405 68
1585005785827 0.005549754947423935 69
1585005818356 0.005749056115746498 70
1585005851163 0.005211682058870792 71
1585005883862 0.004851995967328548 72
1585005916332 0.005315033718943596 73
1585005948859 0.004737110808491707 74
1585005981361 0.004969479516148567 75
1585006013626 0.004688571207225323 76
1585006046313 0.00438047107309103 77
1585006078699 0.004714395850896835 78
1585006111085 0.004461029078811407 79
1585006143395 0.004445038735866547 80
1585006175959 0.0040587252005934715 81
1585006208277 0.004121902398765087 82
1585006240726 0.0037024037446826696 83
1585006272949 0.0036130379885435104 84
1585006305332 0.0038134786300361156 85
1585006337982 0.004517918452620506 86
1585006370578 0.0032525057904422283 87
1585006403124 0.004044375382363796 88
1585006435684 0.0027219383046031 89
1585006468528 0.0026428892742842436 90
1585006501765 0.0031946012750267982 91
1585006534319 0.003692588536068797 92
1585006566806 0.003053292166441679 93
1585006599084 0.0026567697059363127 94
1585006631595 0.003513798350468278 95
1585006664067 0.0020765368826687336 96
1585006696746 0.0034553208388388157 97
1585006729238 0.0029055150225758553 98
1585006761642 0.0032257377170026302 99
