1585003534076 0.30811119079589844 0
1585003566325 0.4412682056427002 1
1585003598739 0.6085289120674133 2
1585003631498 0.6736812591552734 3
1585003663894 0.67976313829422 4
1585003696498 0.6757315397262573 5
1585003729018 0.67746502161026 6
1585003761660 0.6831059455871582 7
1585003794244 0.6787254810333252 8
1585003827181 0.6789222955703735 9
1585003859594 0.6816486120223999 10
1585003891899 0.6809662580490112 11
1585003924504 0.6994398236274719 12
1585003956963 0.7092470526695251 13
1585003989857 0.7379134893417358 14
1585004022367 0.7605730295181274 15
1585004054956 0.7650623321533203 16
1585004087721 0.7844583988189697 17
1585004120472 0.7866083383560181 18
1585004153256 0.7940850257873535 19
1585004186229 0.7961211204528809 20
1585004218940 0.7872596979141235 21
1585004251501 0.772408664226532 22
1585004284094 0.7963371276855469 23
1585004316842 0.7827470898628235 24
1585004349486 0.790359616279602 25
1585004381963 0.7889187335968018 26
1585004414402 0.7940324544906616 27
1585004446921 0.7914628982543945 28
1585004479636 0.8084324598312378 29
1585004511956 0.8131023645401001 30
1585004544493 0.8211577534675598 31
1585004577050 0.825107753276825 32
1585004609749 0.8450677394866943 33
1585004642450 0.8438634276390076 34
1585004674979 0.8415824770927429 35
1585004707533 0.8463871479034424 36
1585004740269 0.8490391373634338 37
1585004773072 0.8589433431625366 38
1585004805470 0.8526802659034729 39
1585004837967 0.8553034067153931 40
1585004870664 0.8576799631118774 41
1585004903520 0.8593195080757141 42
1585004936094 0.8546537160873413 43
1585004968715 0.8654554486274719 44
1585005002297 0.8575739860534668 45
1585005034939 0.8561104536056519 46
1585005067346 0.8596524000167847 47
1585005099675 0.8639656901359558 48
1585005132373 0.859288215637207 49
1585005165090 0.8556220531463623 50
1585005197497 0.8669414520263672 51
1585005229918 0.8570802807807922 52
1585005263381 0.8679583072662354 53
1585005296003 0.8615628480911255 54
1585005328556 0.8578992486000061 55
1585005361582 0.8630144596099854 56
1585005394089 0.8642200827598572 57
1585005426855 0.8690798282623291 58
1585005459487 0.8636618852615356 59
1585005492149 0.8670555353164673 60
1585005524685 0.8660702109336853 61
1585005557232 0.8557243347167969 62
1585005589818 0.8619322776794434 63
1585005622234 0.8631665706634521 64
1585005655113 0.8604122996330261 65
1585005688172 0.8626621961593628 66
1585005720842 0.8646210432052612 67
1585005753409 0.8675664663314819 68
1585005785827 0.8635636568069458 69
1585005818356 0.8579698204994202 70
1585005851163 0.8601149320602417 71
1585005883862 0.8566662073135376 72
1585005916332 0.8701227903366089 73
1585005948859 0.8626410961151123 74
1585005981361 0.8648147583007812 75
1585006013626 0.8629345893859863 76
1585006046313 0.8599197268486023 77
1585006078699 0.8597585558891296 78
1585006111085 0.8559297919273376 79
1585006143395 0.8650246858596802 80
1585006175959 0.856168270111084 81
1585006208277 0.8572165966033936 82
1585006240726 0.8470613956451416 83
1585006272949 0.8520054221153259 84
1585006305332 0.8545002341270447 85
1585006337982 0.8646904826164246 86
1585006370578 0.8584572076797485 87
1585006403124 0.8601648807525635 88
1585006435684 0.8589592576026917 89
1585006468528 0.8578755259513855 90
1585006501765 0.8554162979125977 91
1585006534319 0.8545973300933838 92
1585006566806 0.8557175397872925 93
1585006599084 0.8547348976135254 94
1585006631595 0.851976752281189 95
1585006664067 0.8484324216842651 96
1585006696746 0.8521234393119812 97
1585006729238 0.8503021001815796 98
1585006761642 0.8504241108894348 99
