1585024433314 0.027248883619904518 0
1585024466429 0.0051950919441878796 1
1585024499683 0.002842918736860156 2
1585024532700 0.004186602775007486 3
1585024565959 0.007154326420277357 4
1585024599258 0.010270440019667149 5
1585024632789 0.00832584872841835 6
1585024666196 0.004029661882668734 7
1585024699302 0.0019249331671744585 8
1585024733213 0.0009818400721997023 9
1585024767133 0.004953898023813963 10
1585024800563 0.006399425212293863 11
1585024833840 0.009429310448467731 12
1585024867256 0.013539775274693966 13
1585024900644 0.01641278900206089 14
1585024934401 0.018537767231464386 15
1585024967679 0.019847970455884933 16
1585025000843 0.021075788885354996 17
1585025034747 0.022096728906035423 18
1585025067818 0.02001669816672802 19
1585025100968 0.01991729810833931 20
1585025134151 0.018058273941278458 21
1585025167218 0.01585688441991806 22
1585025200436 0.01554941013455391 23
1585025233801 0.014172178693115711 24
1585025267324 0.014581115916371346 25
1585025300572 0.012750016525387764 26
1585025334132 0.012444324791431427 27
1585025367247 0.010970319621264935 28
1585025401068 0.01060222927480936 29
1585025434472 0.010518212802708149 30
1585025467433 0.011320722289383411 31
1585025500853 0.010868648067116737 32
1585025533969 0.01207573153078556 33
1585025567376 0.012297844514250755 34
1585025600452 0.012236286886036396 35
1585025632868 0.0124254385009408 36
1585025665250 0.012696555815637112 37
1585025697770 0.01317288912832737 38
1585025729994 0.013088072650134563 39
1585025762336 0.011270119808614254 40
1585025794694 0.012119604274630547 41
1585025827275 0.010454549454152584 42
1585025859689 0.009341796860098839 43
1585025892365 0.010480038821697235 44
1585025924984 0.009135446511209011 45
1585025957313 0.00914155226200819 46
1585025989860 0.008418925106525421 47
1585026023230 0.010323945432901382 48
1585026055890 0.0078074028715491295 49
1585026088322 0.00757088465616107 50
1585026121460 0.007628224790096283 51
1585026153737 0.0071929628029465675 52
1585026185509 0.006396711803972721 53
1585026217075 0.007039188873022795 54
1585026249659 0.006761023309081793 55
1585026282076 0.006798975635319948 56
1585026313770 0.005687374155968428 57
1585026345478 0.004689912311732769 58
1585026377194 0.005509603768587112 59
1585026408975 0.005491021554917097 60
1585026441411 0.004176899325102568 61
1585026473388 0.004808308091014624 62
1585026505616 0.0041350107640028 63
1585026537531 0.0056777638383209705 64
1585026570186 0.005489458329975605 65
1585026602325 0.004810560029000044 66
1585026634591 0.0040435451082885265 67
1585026666379 0.0046602762304246426 68
1585026698392 0.004222570918500423 69
1585026730508 0.00500116404145956 70
1585026762664 0.0035348422825336456 71
1585026794605 0.003996832761913538 72
1585026826399 0.004627229645848274 73
1585026858146 0.003164001740515232 74
1585026890011 0.004120768513530493 75
1585026922160 0.0034500001929700375 76
1585026954427 0.0036305910907685757 77
1585026986668 0.004115355666726828 78
1585027018396 0.0038795117288827896 79
1585027050410 0.0032623205333948135 80
1585027082576 0.002892890013754368 81
1585027115128 0.003530407091602683 82
1585027147124 0.003585426602512598 83
1585027178653 0.0033755337353795767 84
1585027210878 0.003006315091624856 85
1585027242531 0.004625733941793442 86
1585027274401 0.0027033553924411535 87
1585027306644 0.003178482875227928 88
1585027338772 0.0026589371263980865 89
1585027370786 0.002355937846004963 90
1585027403106 0.0027783976402133703 91
1585027435083 0.0036936933174729347 92
1585027467143 0.0037995981983840466 93
1585027499058 0.0027219923213124275 94
1585027531042 0.00498835789039731 95
1585027563220 0.0028666136786341667 96
1585027595466 0.0037938659079372883 97
1585027627660 0.0035902708768844604 98
1585027659533 0.0027923337183892727 99
1585027691357 0.00235512456856668 100
1585027723604 0.0025383473839610815 101
1585027755428 0.0025579757057130337 102
1585027787709 0.0038700776640325785 103
1585027820159 0.003055823966860771 104
1585027851891 0.002941062208265066 105
1585027883536 0.0030384904239326715 106
1585027915255 0.003194240853190422 107
1585027947231 0.0028643424157053232 108
1585027979247 0.0021082067396491766 109
1585028011377 0.002881391439586878 110
1585028043751 0.0027969733346253633 111
1585028075325 0.002768242731690407 112
1585028107575 0.002812915248796344 113
1585028139649 0.0028904546052217484 114
1585028171625 0.0027729806024581194 115
1585028203600 0.002909349277615547 116
1585028235860 0.002964387647807598 117
1585028267972 0.0016413163393735886 118
1585028299935 0.002047391375526786 119
1585028331717 0.001987599302083254 120
1585028364138 0.002821346279233694 121
1585028396563 0.002811099635437131 122
1585028428471 0.001736840233206749 123
1585028460594 0.002544041723012924 124
1585028493166 0.0032007237896323204 125
1585028525470 0.00180042942520231 126
1585028557400 0.0017883040709421039 127
1585028589784 0.0019483044743537903 128
1585028621310 0.0031516035087406635 129
1585028653530 0.0021789674647152424 130
1585028685463 0.0037106620147824287 131
1585028717546 0.0023757058661431074 132
1585028749884 0.0035590205807238817 133
1585028781918 0.003008310217410326 134
1585028813961 0.0038837247993797064 135
1585028845918 0.005134162493050098 136
1585028878247 0.0016118193743750453 137
1585028910177 0.005573118105530739 138
1585028942923 0.0011986629106104374 139
1585028975161 0.0012189080007374287 140
1585029007183 0.0017528365133330226 141
1585029039467 0.0019693716894835234 142
1585029071280 0.0045970166102051735 143
1585029103265 0.0024240470957010984 144
1585029135239 0.0013786066556349397 145
1585029167002 0.0003719041123986244 146
1585029199058 0.004726777318865061 147
1585029231176 0.0023396452888846397 148
1585029263532 0.00097262067720294 149
1585029295819 0.0008398597710765898 150
1585029328363 0.003712116740643978 151
1585029360413 0.0020075892098248005 152
1585029392287 0.0014471744652837515 153
1585029424252 0.0022650612518191338 154
1585029456435 0.004433565307408571 155
1585029488636 0.002116718329489231 156
1585029520741 0.0015914812684059143 157
1585029552397 0.0018439152045175433 158
1585029584842 0.0038426860701292753 159
1585029616705 0.0015525984345003963 160
1585029648855 0.0018588623497635126 161
1585029680632 0.0012864986201748252 162
1585029712419 0.0032876180484890938 163
1585029744558 0.0020885509438812733 164
1585029776542 0.0019246131414547563 165
1585029808594 0.0015300988452509046 166
1585029840900 0.0024724332615733147 167
1585029872948 0.003275121795013547 168
1585029904884 0.006482883356511593 169
1585029937004 0.0017209586221724749 170
1585029969193 0.0011390149593353271 171
1585030001351 0.005301632918417454 172
1585030033307 0.002082918072119355 173
1585030064723 0.0031802873127162457 174
1585030096854 0.0010972906602546573 175
1585030128920 0.0028539656195789576 176
1585030161054 0.0015476695261895657 177
1585030194237 0.0017785669770091772 178
1585030226011 0.0034441258758306503 179
1585030257649 0.0030284509994089603 180
1585030289678 0.0013404496712610126 181
1585030321482 0.0024538240395486355 182
1585030353571 0.0015305762644857168 183
1585030385707 0.0003386570606380701 184
1585030417639 0.001831085653975606 185
1585030450028 0.0022985022515058517 186
1585030482085 0.001691899262368679 187
1585030514406 0.0014296788722276688 188
1585030546321 0.005104047246277332 189
1585030578252 0.0024751857854425907 190
1585030610196 0.0020128171890974045 191
1585030641912 0.005158865358680487 192
1585030673960 0.0012783677084371448 193
1585030706372 0.0010129790753126144 194
1585030738301 0.001983799273148179 195
1585030769960 0.0039562201127409935 196
1585030801908 0.0007891181739978492 197
1585030834207 0.0027795813512057066 198
1585030866481 0.0019523658556863666 199
1585030898086 0.0019436725415289402 200
1585030931063 0.002362338360399008 201
1585030963395 0.004055078141391277 202
1585030995563 0.0008981824503280222 203
1585031027977 0.0013927845284342766 204
1585031060268 0.0014465062413364649 205
1585031092506 0.0034150751307606697 206
1585031124955 0.0037398412823677063 207
1585031157072 0.004303706809878349 208
1585031189143 0.000741092546377331 209
1585031221147 0.002745192963629961 210
1585031253414 0.0016277676913887262 211
1585031285836 0.004901339765638113 212
1585031317745 0.007910319603979588 213
1585031349720 0.0021821826230734587 214
1585031381809 0.0014612474478781223 215
1585031413835 0.0025610027369111776 216
1585031445487 0.0009975818684324622 217
1585031477267 0.0025876155123114586 218
1585031508907 0.002105012536048889 219
1585031541278 0.003931248560547829 220
1585031573213 0.0009547201334498823 221
1585031605147 0.001552811125293374 222
1585031637459 0.0029195668175816536 223
1585031669749 0.002367484150454402 224
1585031701533 0.0033468124456703663 225
1585031733672 0.0017363697988912463 226
1585031765743 0.004020047839730978 227
1585031797545 0.0013108858838677406 228
1585031829411 0.001848733052611351 229
1585031861632 0.0009203370427712798 230
1585031893838 0.0007525691762566566 231
1585031927032 0.003332530613988638 232
1585031958947 0.003361573675647378 233
1585031991602 0.0016502876533195376 234
1585032023703 0.000840664142742753 235
1585032056412 0.0033762843813747168 236
1585032088441 0.00261775404214859 237
1585032120450 0.0009157785680145025 238
1585032152390 0.007974502630531788 239
1585032185277 0.0007887065294198692 240
1585032217348 0.002061853650957346 241
1585032249748 0.003593127941712737 242
1585032281826 0.002181773539632559 243
1585032313871 0.0008979588747024536 244
1585032345788 0.0034428739454597235 245
1585032377402 0.0015990103129297495 246
1585032409877 0.0011643398320302367 247
1585032442213 0.0010337068233639002 248
1585032474203 0.0010505161480978131 249
1585032506137 0.0018677671905606985 250
1585032537756 0.0027213855646550655 251
1585032569724 0.0004634941869881004 252
1585032601395 0.0034912514965981245 253
1585032633434 0.001073292689397931 254
1585032665392 0.0006846862379461527 255
1585032697390 0.0009819342521950603 256
1585032729168 0.002507586497813463 257
1585032760772 0.0035554436035454273 258
1585032792812 0.0023477256763726473 259
1585032824939 0.0016581740928813815 260
1585032857375 0.0025074221193790436 261
1585032890111 0.0005538028199225664 262
1585032921934 0.001989471260458231 263
1585032954136 0.0018747388385236263 264
1585032986642 0.0004828917153645307 265
1585033018787 0.0011255302233621478 266
1585033051550 0.0016490889247506857 267
1585033083563 0.004963759332895279 268
1585033115826 0.002137437229976058 269
1585033147965 0.0007175097707659006 270
1585033179532 0.006081750150769949 271
1585033211601 0.0012345243012532592 272
1585033243497 0.0034961141645908356 273
1585033275834 0.006010260432958603 274
1585033307723 0.0019188437145203352 275
1585033339626 0.0032504727132618427 276
1585033371352 0.0018324337434023619 277
1585033403325 0.0024747562129050493 278
1585033435413 0.002119989600032568 279
1585033467623 0.003392457263544202 280
1585033500341 0.0008287011878564954 281
1585033532305 0.002035360550507903 282
1585033564721 0.0017303361091762781 283
1585033596782 0.0027515566907823086 284
1585033629075 0.0024161890614777803 285
1585033661965 0.0011911173351109028 286
1585033693826 0.002367735141888261 287
1585033725734 0.002298380248248577 288
1585033758056 0.001810446148738265 289
1585033790269 0.0017326109809800982 290
1585033822949 0.002528794575482607 291
1585033854738 0.0017185062170028687 292
1585033886493 0.005028390325605869 293
1585033918307 0.0034816006664186716 294
1585033950079 0.0013767933705821633 295
1585033981842 0.001652020844630897 296
1585034013764 0.0007518556667491794 297
1585034045414 0.002684087958186865 298
1585034077018 0.00349592138081789 299
1585034108959 0.0019130446016788483 300
1585034141121 0.0011553959921002388 301
1585034173089 0.0009875200921669602 302
1585034205811 0.002044015098363161 303
1585034237878 0.0016486940439790487 304
1585034269731 0.001508814748376608 305
1585034301893 0.0022673977073282003 306
1585034334064 0.0014236331917345524 307
1585034366167 0.002422681078314781 308
1585034398296 0.0025063473731279373 309
1585034430460 0.0009770977776497602 310
1585034462489 0.0013559935614466667 311
1585034494426 0.001975086284801364 312
1585034526478 0.0037045665085315704 313
1585034558527 0.0031446260400116444 314
1585034591035 0.00384335033595562 315
1585034623220 0.0005250634858384728 316
1585034655405 0.0023306841030716896 317
1585034687563 0.0010851651895791292 318
1585034720290 0.004058648366481066 319
1585034752289 0.0031371875666081905 320
1585034784427 0.0025492035783827305 321
1585034816636 0.0034570121206343174 322
1585034848885 0.0019771128427237272 323
1585034881035 0.0028989403508603573 324
1585034912865 0.0012220062781125307 325
1585034944525 0.005639778915792704 326
1585034976270 0.0035454428289085627 327
1585035008225 0.0010344216134399176 328
1585035040666 0.00341904372908175 329
1585035072282 0.0031428842339664698 330
1585035104170 0.004922421649098396 331
1585035136412 0.002686590189114213 332
1585035168539 0.0010931584984064102 333
1585035200774 0.0026969127357006073 334
1585035232859 0.0009734544437378645 335
1585035264745 0.0006429660134017467 336
1585035296854 0.0009502907050773501 337
1585035329017 0.003129091579467058 338
1585035360965 0.001114433165639639 339
1585035393101 0.0014915334759280086 340
1585035424999 0.00423942506313324 341
1585035456974 0.0012049046345055103 342
1585035489115 0.001529178349301219 343
1585035521458 0.0016163615509867668 344
1585035553197 0.004299442749470472 345
1585035585099 0.0014334816951304674 346
1585035616919 0.003607705235481262 347
1585035649837 0.0015926603227853775 348
1585035682158 0.00041561530088074505 349
1585035714188 0.001222560298629105 350
1585035746069 0.0027673328295350075 351
1585035778522 0.0013287481851875782 352
1585035810786 0.002447614911943674 353
1585035843239 0.0027248032856732607 354
1585035875623 0.002254704013466835 355
1585035907741 0.0014303933130577207 356
1585035939961 0.0021295901387929916 357
1585035971883 0.002468554303050041 358
1585036003950 0.0011533767683431506 359
1585036036211 0.003188168164342642 360
1585036068354 0.005817027762532234 361
1585036100461 0.0012654471211135387 362
1585036132523 0.0009071954991668463 363
1585036164511 0.0024939076974987984 364
1585036196617 0.0013009665999561548 365
1585036229326 0.0018744394183158875 366
1585036261525 0.0029709688387811184 367
1585036294133 0.0031986888498067856 368
1585036326351 0.0009845845634117723 369
1585036358483 0.002074819291010499 370
1585036391033 0.0035322755575180054 371
1585036423228 0.0011945096775889397 372
1585036455462 0.002685029525309801 373
1585036487369 0.0012370890472084284 374
1585036519267 0.0014056318905204535 375
1585036551405 0.002437255345284939 376
1585036583267 0.0006529440288431942 377
1585036615249 0.0027289120480418205 378
1585036647552 0.0020064059644937515 379
1585036680332 0.0017671337118372321 380
1585036712197 0.0012205525999888778 381
1585036744751 0.002700753277167678 382
1585036777174 0.0019693763460963964 383
1585036809576 0.0012864961754530668 384
1585036841845 0.00211792322807014 385
1585036874004 0.0015917029231786728 386
1585036906497 0.0026985560543835163 387
1585036938537 0.001801665872335434 388
1585036970211 0.0015349679160863161 389
1585037002355 0.0009172072750516236 390
1585037034396 0.003245942760258913 391
1585037066144 0.0017416299087926745 392
1585037099460 0.0010220363037660718 393
1585037131410 0.0035110837779939175 394
1585037163579 0.0029900125227868557 395
1585037195705 0.0009147572563961148 396
1585037228128 0.0021297489292919636 397
1585037260165 0.002468721941113472 398
1585037292127 0.0005767504335381091 399
1585037324929 0.003245611907914281 400
1585037357265 0.0010235337540507317 401
1585037389576 0.002467277692630887 402
1585037421923 0.002174811204895377 403
1585037454187 0.0007821093895472586 404
1585037486462 0.0027840780094265938 405
1585037518557 0.0012769332388415933 406
1585037550734 0.0011655626585707068 407
1585037582697 0.004863298498094082 408
1585037614962 0.0028898934833705425 409
1585037647119 0.0012397915124893188 410
1585037679801 0.0022371464874595404 411
1585037711780 0.002199075184762478 412
1585037743664 0.0008426286512985826 413
1585037775780 0.001501388382166624 414
1585037808005 0.004923003725707531 415
1585037839982 0.0010411508847028017 416
1585037872296 0.0005722380592487752 417
1585037904942 0.0010928529081866145 418
1585037937320 0.0011533627985045314 419
1585037969421 0.0035499471705406904 420
1585038002271 0.003001047531142831 421
1585038033832 0.0012735964264720678 422
1585038066362 0.0025335289537906647 423
1585038098474 0.000772929226513952 424
1585038130728 0.0023167701438069344 425
1585038162771 0.0006740400567650795 426
1585038194723 0.002721630036830902 427
1585038227551 0.0014481476973742247 428
1585038259763 0.0040573845617473125 429
1585038291813 0.0008771963184699416 430
1585038323878 0.002438332885503769 431
1585038356010 0.0004949303111061454 432
1585038388335 0.0028945908416062593 433
1585038420445 0.0019040307961404324 434
1585038452463 0.002391394693404436 435
1585038484560 0.001316273701377213 436
1585038516599 0.003061769064515829 437
1585038548482 0.0019865790382027626 438
1585038580336 0.0028260524850338697 439
1585038613039 0.0017855219775810838 440
1585038644746 0.0028499052859842777 441
1585038676830 0.001171848620288074 442
1585038708467 0.000988083891570568 443
1585038740780 0.0034669432789087296 444
1585038772925 0.0020437424536794424 445
1585038804496 0.002896443707868457 446
1585038836337 0.000999678042717278 447
1585038868614 0.0011730958940461278 448
1585038900800 0.002317566890269518 449
1585038933067 0.0035261730663478374 450
1585038965003 0.0019834067206829786 451
1585038996989 0.0015898991841822863 452
1585039028963 0.0014801147626712918 453
1585039060837 0.005387348588556051 454
1585039092797 0.0017994986847043037 455
1585039124967 0.003369789570569992 456
1585039157133 0.0013927570544183254 457
1585039189046 0.0021097518038004637 458
1585039221435 0.0017683696933090687 459
1585039253014 0.0061380453407764435 460
1585039284733 0.0011505987495183945 461
1585039317143 0.0030739945359528065 462
1585039349167 0.0005815352196805179 463
1585039381436 0.0016954431775957346 464
1585039413407 0.0016806283965706825 465
1585039445659 0.0024113734252750874 466
1585039478112 0.0008701120386831462 467
1585039510294 0.0020258487202227116 468
1585039542318 0.002543076639994979 469
1585039574349 0.0027727673295885324 470
1585039606357 0.002209234982728958 471
1585039638348 0.0015928625361993909 472
1585039670329 0.001443630550056696 473
1585039702472 0.0015571343246847391 474
1585039734520 0.0019602652173489332 475
1585039767187 0.0010995258344337344 476
1585039799167 0.0025031836703419685 477
1585039832283 0.0036643892526626587 478
1585039864531 0.001220974139869213 479
1585039896601 0.002090325579047203 480
1585039929584 0.003046720288693905 481
1585039962176 0.0034827145282179117 482
1585039994387 0.0017666744533926249 483
1585040026533 0.004838079679757357 484
1585040058540 0.0018581203185021877 485
1585040090447 0.0009247892303392291 486
1585040122746 0.003008174244314432 487
1585040154665 0.001267864485271275 488
1585040187098 0.002354387426748872 489
1585040219036 0.003074973588809371 490
1585040251045 0.0034683761186897755 491
1585040283152 0.002867488656193018 492
1585040315316 0.0030216106679290533 493
1585040347332 0.002587820403277874 494
1585040379437 0.0027655817102640867 495
1585040411188 0.0014002235839143395 496
1585040443061 0.0005662072799168527 497
1585040475005 0.0014668653020635247 498
1585040507439 0.0014121885178610682 499
1585040539343 0.0022217559162527323 500
