1585024433314 0.8315979242324829 0
1585024466429 0.7384952306747437 1
1585024499683 0.6887212991714478 2
1585024532700 0.6601724624633789 3
1585024565959 0.6443091034889221 4
1585024599258 0.6354579925537109 5
1585024632789 0.6134381890296936 6
1585024666196 0.5819135904312134 7
1585024699302 0.5667967796325684 8
1585024733213 0.5498716831207275 9
1585024767133 0.5233531594276428 10
1585024800563 0.5119046568870544 11
1585024833840 0.49418047070503235 12
1585024867256 0.47899940609931946 13
1585024900644 0.4668614864349365 14
1585024934401 0.4554387629032135 15
1585024967679 0.44550999999046326 16
1585025000843 0.4336460530757904 17
1585025034747 0.420783668756485 18
1585025067818 0.413210391998291 19
1585025100968 0.4005080461502075 20
1585025134151 0.39590972661972046 21
1585025167218 0.3935951292514801 22
1585025200436 0.37979426980018616 23
1585025233801 0.3792198598384857 24
1585025267324 0.36621057987213135 25
1585025300572 0.36276310682296753 26
1585025334132 0.3579680919647217 27
1585025367247 0.35575973987579346 28
1585025401068 0.35071003437042236 29
1585025434472 0.35204508900642395 30
1585025467433 0.34353333711624146 31
1585025500853 0.3406102657318115 32
1585025533969 0.329974889755249 33
1585025567376 0.3273528814315796 34
1585025600452 0.32781079411506653 35
1585025632868 0.31928494572639465 36
1585025665250 0.31437569856643677 37
1585025697770 0.30876684188842773 38
1585025729994 0.3079606592655182 39
1585025762336 0.3086010217666626 40
1585025794694 0.3012065291404724 41
1585025827275 0.3033885955810547 42
1585025859689 0.30612748861312866 43
1585025892365 0.2944880723953247 44
1585025924984 0.3010622262954712 45
1585025957313 0.29649993777275085 46
1585025989860 0.29608261585235596 47
1585026023230 0.2884049415588379 48
1585026055890 0.29460376501083374 49
1585026088322 0.29515740275382996 50
1585026121460 0.2844507396221161 51
1585026153737 0.285213828086853 52
1585026185509 0.28821131587028503 53
1585026217075 0.2807638943195343 54
1585026249659 0.2815890610218048 55
1585026282076 0.28228136897087097 56
1585026313770 0.2811647057533264 57
1585026345478 0.2920890152454376 58
1585026377194 0.28152763843536377 59
1585026408975 0.28560975193977356 60
1585026441411 0.284707635641098 61
1585026473388 0.2782575488090515 62
1585026505616 0.2781071960926056 63
1585026537531 0.2781123220920563 64
1585026570186 0.26969337463378906 65
1585026602325 0.28211748600006104 66
1585026634591 0.2782977819442749 67
1585026666379 0.27124473452568054 68
1585026698392 0.2700831890106201 69
1585026730508 0.26813992857933044 70
1585026762664 0.2707304358482361 71
1585026794605 0.2755138874053955 72
1585026826399 0.2706524431705475 73
1585026858146 0.2693147361278534 74
1585026890011 0.26219019293785095 75
1585026922160 0.2702485918998718 76
1585026954427 0.27196580171585083 77
1585026986668 0.26148122549057007 78
1585027018396 0.2652462422847748 79
1585027050410 0.2662478983402252 80
1585027082576 0.2670361399650574 81
1585027115128 0.25549501180648804 82
1585027147124 0.26290363073349 83
1585027178653 0.26983410120010376 84
1585027210878 0.2593892812728882 85
1585027242531 0.2528786361217499 86
1585027274401 0.2558911144733429 87
1585027306644 0.2611534297466278 88
1585027338772 0.2582448124885559 89
1585027370786 0.2550891935825348 90
1585027403106 0.2666276693344116 91
1585027435083 0.25699347257614136 92
1585027467143 0.2492138147354126 93
1585027499058 0.2629488706588745 94
1585027531042 0.25236403942108154 95
1585027563220 0.2669258713722229 96
1585027595466 0.24981696903705597 97
1585027627660 0.25198081135749817 98
1585027659533 0.25866058468818665 99
1585027691357 0.25576022267341614 100
1585027723604 0.24952781200408936 101
1585027755428 0.2512054145336151 102
1585027787709 0.2616586685180664 103
1585027820159 0.24845081567764282 104
1585027851891 0.24697141349315643 105
1585027883536 0.2482840120792389 106
1585027915255 0.25097623467445374 107
1585027947231 0.2514917254447937 108
1585027979247 0.2512159049510956 109
1585028011377 0.25469687581062317 110
1585028043751 0.2500305771827698 111
1585028075325 0.24783548712730408 112
1585028107575 0.25419020652770996 113
1585028139649 0.24181808531284332 114
1585028171625 0.2465198040008545 115
1585028203600 0.24255219101905823 116
1585028235860 0.2485523223876953 117
1585028267972 0.2533584535121918 118
1585028299935 0.24490870535373688 119
1585028331717 0.24517616629600525 120
1585028364138 0.25276076793670654 121
1585028396563 0.25398170948028564 122
1585028428471 0.2476193904876709 123
1585028460594 0.24695181846618652 124
1585028493166 0.2579159736633301 125
1585028525470 0.25020989775657654 126
1585028557400 0.24839559197425842 127
1585028589784 0.25253549218177795 128
1585028621310 0.2525274455547333 129
1585028653530 0.25385358929634094 130
1585028685463 0.24621622264385223 131
1585028717546 0.257123738527298 132
1585028749884 0.2647247314453125 133
1585028781918 0.26947760581970215 134
1585028813961 0.2593241333961487 135
1585028845918 0.2565133571624756 136
1585028878247 0.2552959620952606 137
1585028910177 0.27050361037254333 138
1585028942923 0.2658674418926239 139
1585028975161 0.26399534940719604 140
1585029007183 0.2757683992385864 141
1585029039467 0.26414984464645386 142
1585029071280 0.26021885871887207 143
1585029103265 0.2606615424156189 144
1585029135239 0.2648438513278961 145
1585029167002 0.2667253613471985 146
1585029199058 0.2720780670642853 147
1585029231176 0.2615603804588318 148
1585029263532 0.2637596130371094 149
1585029295819 0.270030677318573 150
1585029328363 0.2610556483268738 151
1585029360413 0.26412254571914673 152
1585029392287 0.26801812648773193 153
1585029424252 0.26609745621681213 154
1585029456435 0.27296149730682373 155
1585029488636 0.269889235496521 156
1585029520741 0.26154375076293945 157
1585029552397 0.2663212716579437 158
1585029584842 0.2621519863605499 159
1585029616705 0.2701494097709656 160
1585029648855 0.2674826383590698 161
1585029680632 0.27382442355155945 162
1585029712419 0.272871732711792 163
1585029744558 0.2563024163246155 164
1585029776542 0.263955295085907 165
1585029808594 0.27084147930145264 166
1585029840900 0.2608800232410431 167
1585029872948 0.2765907943248749 168
1585029904884 0.28312087059020996 169
1585029937004 0.2682061195373535 170
1585029969193 0.2690396010875702 171
1585030001351 0.27432388067245483 172
1585030033307 0.27758997678756714 173
1585030064723 0.2710505425930023 174
1585030096854 0.265230268239975 175
1585030128920 0.26766571402549744 176
1585030161054 0.26789090037345886 177
1585030194237 0.2601645588874817 178
1585030226011 0.2584657669067383 179
1585030257649 0.26536107063293457 180
1585030289678 0.2598060965538025 181
1585030321482 0.25804126262664795 182
1585030353571 0.2669379413127899 183
1585030385707 0.26577985286712646 184
1585030417639 0.26841169595718384 185
1585030450028 0.26632991433143616 186
1585030482085 0.26283547282218933 187
1585030514406 0.2642989158630371 188
1585030546321 0.25970953702926636 189
1585030578252 0.27578213810920715 190
1585030610196 0.26507824659347534 191
1585030641912 0.27547356486320496 192
1585030673960 0.2604045867919922 193
1585030706372 0.26527780294418335 194
1585030738301 0.27066630125045776 195
1585030769960 0.2629084587097168 196
1585030801908 0.27203425765037537 197
1585030834207 0.26354384422302246 198
1585030866481 0.26377978920936584 199
1585030898086 0.26204967498779297 200
1585030931063 0.26987648010253906 201
1585030963395 0.2680341899394989 202
1585030995563 0.2575680911540985 203
1585031027977 0.2577940821647644 204
1585031060268 0.2575080990791321 205
1585031092506 0.26577070355415344 206
1585031124955 0.26376670598983765 207
1585031157072 0.26321250200271606 208
1585031189143 0.2626141607761383 209
1585031221147 0.26849985122680664 210
1585031253414 0.25603118538856506 211
1585031285836 0.2630554735660553 212
1585031317745 0.28209352493286133 213
1585031349720 0.2708703875541687 214
1585031381809 0.25794893503189087 215
1585031413835 0.2662584185600281 216
1585031445487 0.2621634304523468 217
1585031477267 0.26855725049972534 218
1585031508907 0.2569069564342499 219
1585031541278 0.2621400058269501 220
1585031573213 0.26373350620269775 221
1585031605147 0.2657035291194916 222
1585031637459 0.2732720971107483 223
1585031669749 0.2663404941558838 224
1585031701533 0.2676023840904236 225
1585031733672 0.2672547399997711 226
1585031765743 0.2652062773704529 227
1585031797545 0.2701238989830017 228
1585031829411 0.27069091796875 229
1585031861632 0.2585829198360443 230
1585031893838 0.26063868403434753 231
1585031927032 0.26611512899398804 232
1585031958947 0.25716859102249146 233
1585031991602 0.26126593351364136 234
1585032023703 0.26110178232192993 235
1585032056412 0.27400994300842285 236
1585032088441 0.2614248991012573 237
1585032120450 0.26104676723480225 238
1585032152390 0.2715931832790375 239
1585032185277 0.26345521211624146 240
1585032217348 0.2690216302871704 241
1585032249748 0.260849267244339 242
1585032281826 0.2622738778591156 243
1585032313871 0.25659358501434326 244
1585032345788 0.2741337716579437 245
1585032377402 0.26331424713134766 246
1585032409877 0.2631690502166748 247
1585032442213 0.2635138928890228 248
1585032474203 0.26325303316116333 249
1585032506137 0.2633776366710663 250
1585032537756 0.26391589641571045 251
1585032569724 0.26250624656677246 252
1585032601395 0.26540642976760864 253
1585032633434 0.26103705167770386 254
1585032665392 0.25866180658340454 255
1585032697390 0.2592509984970093 256
1585032729168 0.2718600630760193 257
1585032760772 0.2679040729999542 258
1585032792812 0.26917222142219543 259
1585032824939 0.267906129360199 260
1585032857375 0.2682928442955017 261
1585032890111 0.26338163018226624 262
1585032921934 0.25230684876441956 263
1585032954136 0.26957938075065613 264
1585032986642 0.2608875632286072 265
1585033018787 0.25968971848487854 266
1585033051550 0.261925607919693 267
1585033083563 0.2788048982620239 268
1585033115826 0.26062896847724915 269
1585033147965 0.26188528537750244 270
1585033179532 0.2808181047439575 271
1585033211601 0.2610962986946106 272
1585033243497 0.26371845602989197 273
1585033275834 0.2808215916156769 274
1585033307723 0.2649964690208435 275
1585033339626 0.26822590827941895 276
1585033371352 0.2651060223579407 277
1585033403325 0.27440357208251953 278
1585033435413 0.2621538043022156 279
1585033467623 0.26646170020103455 280
1585033500341 0.2638223171234131 281
1585033532305 0.2685709595680237 282
1585033564721 0.25984084606170654 283
1585033596782 0.2574518024921417 284
1585033629075 0.258196085691452 285
1585033661965 0.259351909160614 286
1585033693826 0.26213300228118896 287
1585033725734 0.2606986463069916 288
1585033758056 0.2583005130290985 289
1585033790269 0.25384265184402466 290
1585033822949 0.2603718340396881 291
1585033854738 0.26273223757743835 292
1585033886493 0.26780974864959717 293
1585033918307 0.2718691825866699 294
1585033950079 0.2651088535785675 295
1585033981842 0.26063576340675354 296
1585034013764 0.2624417245388031 297
1585034045414 0.25853613018989563 298
1585034077018 0.27103984355926514 299
1585034108959 0.27391061186790466 300
1585034141121 0.2567066252231598 301
1585034173089 0.25829464197158813 302
1585034205811 0.258419007062912 303
1585034237878 0.2630012631416321 304
1585034269731 0.26096048951148987 305
1585034301893 0.2587365508079529 306
1585034334064 0.2659691572189331 307
1585034366167 0.26218825578689575 308
1585034398296 0.26052001118659973 309
1585034430460 0.2648474872112274 310
1585034462489 0.25393640995025635 311
1585034494426 0.266784131526947 312
1585034526478 0.2678215801715851 313
1585034558527 0.255590558052063 314
1585034591035 0.25498417019844055 315
1585034623220 0.2595343589782715 316
1585034655405 0.26277339458465576 317
1585034687563 0.2627253830432892 318
1585034720290 0.2664795517921448 319
1585034752289 0.26583170890808105 320
1585034784427 0.2653179168701172 321
1585034816636 0.2628449499607086 322
1585034848885 0.25441083312034607 323
1585034881035 0.26470068097114563 324
1585034912865 0.26119211316108704 325
1585034944525 0.26269176602363586 326
1585034976270 0.2504897713661194 327
1585035008225 0.26427215337753296 328
1585035040666 0.2664586305618286 329
1585035072282 0.26867997646331787 330
1585035104170 0.2662392258644104 331
1585035136412 0.26380932331085205 332
1585035168539 0.25771674513816833 333
1585035200774 0.2617606818675995 334
1585035232859 0.25747406482696533 335
1585035264745 0.2612713575363159 336
1585035296854 0.26638367772102356 337
1585035329017 0.2668382227420807 338
1585035360965 0.25833913683891296 339
1585035393101 0.2553591728210449 340
1585035424999 0.25735899806022644 341
1585035456974 0.25944703817367554 342
1585035489115 0.2593640089035034 343
1585035521458 0.26063209772109985 344
1585035553197 0.2716636061668396 345
1585035585099 0.2585795223712921 346
1585035616919 0.26194870471954346 347
1585035649837 0.2596590220928192 348
1585035682158 0.25910961627960205 349
1585035714188 0.25858381390571594 350
1585035746069 0.2507292628288269 351
1585035778522 0.2674037218093872 352
1585035810786 0.2672593891620636 353
1585035843239 0.26399362087249756 354
1585035875623 0.2533557713031769 355
1585035907741 0.26444366574287415 356
1585035939961 0.25740793347358704 357
1585035971883 0.26829275488853455 358
1585036003950 0.2565106153488159 359
1585036036211 0.26596564054489136 360
1585036068354 0.2745444178581238 361
1585036100461 0.25513386726379395 362
1585036132523 0.266679048538208 363
1585036164511 0.25458213686943054 364
1585036196617 0.26240065693855286 365
1585036229326 0.2640531063079834 366
1585036261525 0.2558307945728302 367
1585036294133 0.2700924277305603 368
1585036326351 0.2650412619113922 369
1585036358483 0.25832369923591614 370
1585036391033 0.2475055605173111 371
1585036423228 0.2634010910987854 372
1585036455462 0.25799646973609924 373
1585036487369 0.2566470801830292 374
1585036519267 0.25853511691093445 375
1585036551405 0.26824408769607544 376
1585036583267 0.25851649045944214 377
1585036615249 0.2691081762313843 378
1585036647552 0.26012495160102844 379
1585036680332 0.2591095566749573 380
1585036712197 0.26563015580177307 381
1585036744751 0.25356653332710266 382
1585036777174 0.25739994645118713 383
1585036809576 0.25738441944122314 384
1585036841845 0.26182207465171814 385
1585036874004 0.2606804370880127 386
1585036906497 0.26291343569755554 387
1585036938537 0.25917887687683105 388
1585036970211 0.2632655203342438 389
1585037002355 0.2570817470550537 390
1585037034396 0.26429349184036255 391
1585037066144 0.26154619455337524 392
1585037099460 0.25640079379081726 393
1585037131410 0.2668725848197937 394
1585037163579 0.2556498348712921 395
1585037195705 0.2543407082557678 396
1585037228128 0.26302140951156616 397
1585037260165 0.2669224441051483 398
1585037292127 0.26259130239486694 399
1585037324929 0.2680748701095581 400
1585037357265 0.2582191824913025 401
1585037389576 0.2597801089286804 402
1585037421923 0.26237934827804565 403
1585037454187 0.25851377844810486 404
1585037486462 0.269517183303833 405
1585037518557 0.2594521939754486 406
1585037550734 0.25855374336242676 407
1585037582697 0.27041059732437134 408
1585037614962 0.2632676959037781 409
1585037647119 0.25595545768737793 410
1585037679801 0.25564858317375183 411
1585037711780 0.26013636589050293 412
1585037743664 0.2647150456905365 413
1585037775780 0.2534337341785431 414
1585037808005 0.26609957218170166 415
1585037839982 0.2622556686401367 416
1585037872296 0.26247766613960266 417
1585037904942 0.2618117928504944 418
1585037937320 0.25265568494796753 419
1585037969421 0.2668110430240631 420
1585038002271 0.2618246376514435 421
1585038033832 0.2576037645339966 422
1585038066362 0.24968713521957397 423
1585038098474 0.25922802090644836 424
1585038130728 0.25438588857650757 425
1585038162771 0.25488999485969543 426
1585038194723 0.2686830163002014 427
1585038227551 0.2526188790798187 428
1585038259763 0.26546382904052734 429
1585038291813 0.25780588388442993 430
1585038323878 0.2612130343914032 431
1585038356010 0.2631067931652069 432
1585038388335 0.2596571445465088 433
1585038420445 0.2615763247013092 434
1585038452463 0.25588923692703247 435
1585038484560 0.2597527503967285 436
1585038516599 0.25909796357154846 437
1585038548482 0.2575758099555969 438
1585038580336 0.26319420337677 439
1585038613039 0.25896069407463074 440
1585038644746 0.2599795162677765 441
1585038676830 0.26166802644729614 442
1585038708467 0.2635312080383301 443
1585038740780 0.2570042312145233 444
1585038772925 0.25907886028289795 445
1585038804496 0.26773807406425476 446
1585038836337 0.266408234834671 447
1585038868614 0.26082947850227356 448
1585038900800 0.2662009298801422 449
1585038933067 0.2653217315673828 450
1585038965003 0.26706060767173767 451
1585038996989 0.259441077709198 452
1585039028963 0.2532295882701874 453
1585039060837 0.2676127254962921 454
1585039092797 0.25275886058807373 455
1585039124967 0.2514578104019165 456
1585039157133 0.2557329833507538 457
1585039189046 0.2507564425468445 458
1585039221435 0.2619689404964447 459
1585039253014 0.2755894064903259 460
1585039284733 0.2505790591239929 461
1585039317143 0.25978145003318787 462
1585039349167 0.2575433552265167 463
1585039381436 0.24440762400627136 464
1585039413407 0.2594164311885834 465
1585039445659 0.2663731575012207 466
1585039478112 0.26131486892700195 467
1585039510294 0.2553475499153137 468
1585039542318 0.2552037835121155 469
1585039574349 0.25813931226730347 470
1585039606357 0.2564070224761963 471
1585039638348 0.25157541036605835 472
1585039670329 0.25633925199508667 473
1585039702472 0.25565850734710693 474
1585039734520 0.251274049282074 475
1585039767187 0.253830224275589 476
1585039799167 0.25868314504623413 477
1585039832283 0.26034724712371826 478
1585039864531 0.25333330035209656 479
1585039896601 0.26307234168052673 480
1585039929584 0.2613678276538849 481
1585039962176 0.26437628269195557 482
1585039994387 0.256680428981781 483
1585040026533 0.24811816215515137 484
1585040058540 0.256384938955307 485
1585040090447 0.2538527846336365 486
1585040122746 0.25980037450790405 487
1585040154665 0.2535448670387268 488
1585040187098 0.2562083303928375 489
1585040219036 0.25672611594200134 490
1585040251045 0.2531992495059967 491
1585040283152 0.2545827031135559 492
1585040315316 0.24748054146766663 493
1585040347332 0.25389203429222107 494
1585040379437 0.26113560795783997 495
1585040411188 0.25032562017440796 496
1585040443061 0.2526927888393402 497
1585040475005 0.25517144799232483 498
1585040507439 0.2632558345794678 499
1585040539343 0.2424011528491974 500
