1585024421720 0.8505749702453613 0
1585024454906 0.7585116624832153 1
1585024487817 0.7089470028877258 2
1585024521109 0.6807082295417786 3
1585024554132 0.674106240272522 4
1585024587349 0.6565452218055725 5
1585024621005 0.6397882103919983 6
1585024654449 0.6151897311210632 7
1585024687754 0.5986522436141968 8
1585024721588 0.5684323906898499 9
1585024755123 0.5553660988807678 10
1585024788858 0.5339029431343079 11
1585024822213 0.5198601484298706 12
1585024855565 0.506274938583374 13
1585024888634 0.49064505100250244 14
1585024922666 0.47962135076522827 15
1585024956058 0.46864187717437744 16
1585024989036 0.4581456780433655 17
1585025023163 0.4508223533630371 18
1585025056219 0.43744340538978577 19
1585025089248 0.43292465806007385 20
1585025122631 0.42328906059265137 21
1585025155622 0.4203903079032898 22
1585025188672 0.41304123401641846 23
1585025222083 0.40301600098609924 24
1585025255622 0.4023699164390564 25
1585025288795 0.395912766456604 26
1585025322289 0.39316362142562866 27
1585025355699 0.38746052980422974 28
1585025389128 0.38242197036743164 29
1585025422700 0.3762267827987671 30
1585025455874 0.37420931458473206 31
1585025489134 0.37446290254592896 32
1585025522372 0.36484843492507935 33
1585025555364 0.3601154088973999 34
1585025588901 0.35502317547798157 35
1585025621532 0.35827669501304626 36
1585025653894 0.3489896357059479 37
1585025686301 0.3458871841430664 38
1585025718615 0.3422679007053375 39
1585025750852 0.34353354573249817 40
1585025783425 0.3382980525493622 41
1585025815792 0.3376993238925934 42
1585025848044 0.33540070056915283 43
1585025880884 0.3308297395706177 44
1585025913463 0.3343588411808014 45
1585025945822 0.33038637042045593 46
1585025978465 0.3291611671447754 47
1585026011767 0.3226153552532196 48
1585026044316 0.32156455516815186 49
1585026076894 0.3195078670978546 50
1585026109455 0.31381145119667053 51
1585026142633 0.3191184103488922 52
1585026174204 0.3081303536891937 53
1585026205999 0.3160495162010193 54
1585026238119 0.3167838454246521 55
1585026270733 0.3127155303955078 56
1585026302593 0.30751457810401917 57
1585026334135 0.30614227056503296 58
1585026365838 0.3068097233772278 59
1585026397656 0.3005777597427368 60
1585026430013 0.29562801122665405 61
1585026462180 0.30122101306915283 62
1585026494223 0.30908674001693726 63
1585026526388 0.2952113747596741 64
1585026558828 0.29817306995391846 65
1585026590964 0.29869046807289124 66
1585026623138 0.2924498915672302 67
1585026655041 0.29492369294166565 68
1585026687062 0.292421817779541 69
1585026719160 0.2972448766231537 70
1585026751313 0.2850879728794098 71
1585026783331 0.2958301305770874 72
1585026815172 0.28702569007873535 73
1585026846970 0.2851393222808838 74
1585026878831 0.28526487946510315 75
1585026910922 0.283735454082489 76
1585026943027 0.28335607051849365 77
1585026975382 0.28834620118141174 78
1585027007269 0.2822336256504059 79
1585027039239 0.2740473449230194 80
1585027071220 0.2852817177772522 81
1585027103449 0.2858244478702545 82
1585027135970 0.29982271790504456 83
1585027167672 0.2788596451282501 84
1585027199602 0.281220018863678 85
1585027231491 0.27034834027290344 86
1585027263060 0.2763844132423401 87
1585027295235 0.26524409651756287 88
1585027327440 0.26969268918037415 89
1585027359478 0.2690460681915283 90
1585027391818 0.268048495054245 91
1585027423644 0.27022531628608704 92
1585027455797 0.265137642621994 93
1585027487858 0.26501789689064026 94
1585027519898 0.25868913531303406 95
1585027551871 0.26041385531425476 96
1585027584161 0.2588098347187042 97
1585027616339 0.2667805254459381 98
1585027648195 0.2633778750896454 99
1585027680170 0.2558611035346985 100
1585027712236 0.26184144616127014 101
1585027744105 0.2576517164707184 102
1585027776324 0.2601231634616852 103
1585027808615 0.25672343373298645 104
1585027840809 0.2645540237426758 105
1585027872631 0.25545480847358704 106
1585027904249 0.2617114186286926 107
1585027936097 0.2565380036830902 108
1585027968150 0.25347423553466797 109
1585028000214 0.26115909218788147 110
1585028032301 0.24978436529636383 111
1585028064233 0.2549549639225006 112
1585028096190 0.260939359664917 113
1585028128289 0.25081536173820496 114
1585028160304 0.25907623767852783 115
1585028192368 0.26149463653564453 116
1585028224634 0.2537378668785095 117
1585028256799 0.2628549039363861 118
1585028288864 0.25839897990226746 119
1585028320685 0.2531002461910248 120
1585028352984 0.2573933005332947 121
1585028384927 0.2600443363189697 122
1585028417175 0.2591799795627594 123
1585028449261 0.2531212270259857 124
1585028481758 0.2637653946876526 125
1585028514003 0.25485414266586304 126
1585028546064 0.2613056004047394 127
1585028578441 0.26388922333717346 128
1585028609956 0.25846144556999207 129
1585028642345 0.267311155796051 130
1585028674125 0.26782289147377014 131
1585028706173 0.2661060392856598 132
1585028738591 0.27889248728752136 133
1585028770569 0.27285337448120117 134
1585028802625 0.268348753452301 135
1585028834765 0.27112722396850586 136
1585028866824 0.2776951491832733 137
1585028898961 0.26952892541885376 138
1585028931616 0.278216689825058 139
1585028963666 0.27487054467201233 140
1585028995840 0.27568957209587097 141
1585029028232 0.27586033940315247 142
1585029060335 0.2789880633354187 143
1585029091923 0.2832968533039093 144
1585029123972 0.2807265818119049 145
1585029155749 0.2778981626033783 146
1585029187710 0.28320255875587463 147
1585029219866 0.2810567617416382 148
1585029252184 0.2945578098297119 149
1585029284497 0.2866882383823395 150
1585029316899 0.28526851534843445 151
1585029349013 0.28343644738197327 152
1585029381014 0.28780704736709595 153
1585029413120 0.2861499786376953 154
1585029445337 0.2833903431892395 155
1585029477227 0.2865819036960602 156
1585029509389 0.28913170099258423 157
1585029541168 0.2854090929031372 158
1585029573085 0.2865378260612488 159
1585029605332 0.2771831750869751 160
1585029637394 0.28696897625923157 161
1585029669268 0.2862946093082428 162
1585029701310 0.2855234742164612 163
1585029733110 0.28821223974227905 164
1585029765355 0.2794986069202423 165
1585029797212 0.2807721495628357 166
1585029829588 0.2882976531982422 167
1585029861696 0.28884342312812805 168
1585029893545 0.2797452509403229 169
1585029925578 0.2827843129634857 170
1585029957808 0.28084081411361694 171
1585029990058 0.2822134792804718 172
1585030022096 0.27692896127700806 173
1585030053809 0.2799777686595917 174
1585030085513 0.27258145809173584 175
1585030117552 0.2794357240200043 176
1585030149689 0.2861993610858917 177
1585030182904 0.2860221862792969 178
1585030214704 0.2776041626930237 179
1585030246617 0.2816231846809387 180
1585030278739 0.27903297543525696 181
1585030310512 0.2790418565273285 182
1585030342338 0.2850835621356964 183
1585030374347 0.2795935571193695 184
1585030406329 0.28743094205856323 185
1585030438678 0.28187018632888794 186
1585030470830 0.2793457508087158 187
1585030503267 0.27874869108200073 188
1585030535102 0.2826918661594391 189
1585030567088 0.28581899404525757 190
1585030599034 0.279750794172287 191
1585030630850 0.2855009138584137 192
1585030662483 0.2812868654727936 193
1585030695020 0.2788819372653961 194
1585030727189 0.2775948643684387 195
1585030758812 0.2850892245769501 196
1585030790729 0.28714847564697266 197
1585030823022 0.27980631589889526 198
1585030855140 0.2764851152896881 199
1585030887113 0.2891159653663635 200
1585030919798 0.27833372354507446 201
1585030951966 0.28665339946746826 202
1585030984226 0.2839181125164032 203
1585031016544 0.2745152711868286 204
1585031049117 0.2847585678100586 205
1585031081150 0.2820866107940674 206
1585031113696 0.2868505120277405 207
1585031145705 0.285430371761322 208
1585031177804 0.2831231355667114 209
1585031209801 0.2822551131248474 210
1585031242035 0.2820073962211609 211
1585031274464 0.28021129965782166 212
1585031306591 0.2820655405521393 213
1585031338384 0.28725379705429077 214
1585031370476 0.27989956736564636 215
1585031402679 0.28222721815109253 216
1585031434380 0.2819032371044159 217
1585031466149 0.28221118450164795 218
1585031497887 0.2794516384601593 219
1585031529905 0.2921904921531677 220
1585031561959 0.28496232628822327 221
1585031593772 0.27386462688446045 222
1585031625942 0.28407829999923706 223
1585031658386 0.28204208612442017 224
1585031690425 0.28345024585723877 225
1585031722356 0.28192415833473206 226
1585031754586 0.29252904653549194 227
1585031786497 0.28334471583366394 228
1585031818254 0.2832074761390686 229
1585031850148 0.29386404156684875 230
1585031882467 0.28219178318977356 231
1585031915694 0.28780874609947205 232
1585031947780 0.2875351011753082 233
1585031980288 0.28735923767089844 234
1585032012392 0.28210127353668213 235
1585032044940 0.28267210721969604 236
1585032077245 0.28568488359451294 237
1585032109097 0.28655901551246643 238
1585032141046 0.2809511721134186 239
1585032173118 0.287623792886734 240
1585032205964 0.27985912561416626 241
1585032238388 0.28062722086906433 242
1585032270478 0.2822285294532776 243
1585032302529 0.2822439670562744 244
1585032334455 0.28297677636146545 245
1585032365931 0.283582866191864 246
1585032398529 0.2799583673477173 247
1585032430744 0.27469533681869507 248
1585032462853 0.28850385546684265 249
1585032494953 0.28596818447113037 250
1585032526560 0.28306323289871216 251
1585032558542 0.29346567392349243 252
1585032590263 0.28943440318107605 253
1585032622076 0.28824886679649353 254
1585032654052 0.28524142503738403 255
1585032686032 0.2896122336387634 256
1585032718069 0.27847832441329956 257
1585032749776 0.29828301072120667 258
1585032781354 0.28489527106285095 259
1585032813620 0.28845229744911194 260
1585032845979 0.2884778678417206 261
1585032878910 0.28889861702919006 262
1585032910810 0.27985748648643494 263
1585032942788 0.28000983595848083 264
1585032974820 0.28776973485946655 265
1585033007502 0.28110334277153015 266
1585033040206 0.2787218987941742 267
1585033072235 0.27971628308296204 268
1585033104386 0.2881040573120117 269
1585033136540 0.2850192189216614 270
1585033168582 0.28273576498031616 271
1585033200272 0.29953113198280334 272
1585033232144 0.2846238315105438 273
1585033264383 0.2863137722015381 274
1585033296384 0.2809348404407501 275
1585033328339 0.28903812170028687 276
1585033360322 0.28707727789878845 277
1585033391977 0.29276055097579956 278
1585033424011 0.2921636998653412 279
1585033456297 0.2849062979221344 280
1585033489304 0.29029029607772827 281
1585033520951 0.2861846387386322 282
1585033553088 0.2913806438446045 283
1585033585625 0.2829611003398895 284
1585033617593 0.28833693265914917 285
1585033650612 0.2832314074039459 286
1585033682462 0.2823983132839203 287
1585033714741 0.29348936676979065 288
1585033746520 0.2836051285266876 289
1585033778936 0.28204992413520813 290
1585033811589 0.28893643617630005 291
1585033843553 0.28602540493011475 292
1585033875285 0.28297027945518494 293
1585033906956 0.28473982214927673 294
1585033938745 0.2803690433502197 295
1585033970535 0.2856346368789673 296
1585034002439 0.28196585178375244 297
1585034034105 0.2898380160331726 298
1585034065772 0.2951418459415436 299
1585034097828 0.28188276290893555 300
1585034129799 0.2850552499294281 301
1585034161742 0.29187414050102234 302
1585034194460 0.28958824276924133 303
1585034226618 0.2921806573867798 304
1585034258463 0.2812935411930084 305
1585034290542 0.28567996621131897 306
1585034322706 0.27950039505958557 307
1585034354849 0.2875311076641083 308
1585034387003 0.28909432888031006 309
1585034419037 0.29233208298683167 310
1585034451204 0.2840666174888611 311
1585034483318 0.2839960753917694 312
1585034515290 0.28328144550323486 313
1585034547236 0.28311145305633545 314
1585034579419 0.2811156213283539 315
1585034612064 0.28434064984321594 316
1585034643985 0.28576788306236267 317
1585034676344 0.294695645570755 318
1585034708647 0.29053160548210144 319
1585034741066 0.2828480303287506 320
1585034773260 0.28380337357521057 321
1585034805294 0.2849304676055908 322
1585034837543 0.2863505482673645 323
1585034869664 0.28462231159210205 324
1585034901625 0.2890329360961914 325
1585034933493 0.285826176404953 326
1585034965208 0.290343314409256 327
1585034997128 0.2824609577655792 328
1585035029465 0.28506821393966675 329
1585035061202 0.28178757429122925 330
1585035092816 0.28153419494628906 331
1585035125211 0.2875558137893677 332
1585035157247 0.2788574993610382 333
1585035189315 0.2877388596534729 334
1585035221442 0.2818242311477661 335
1585035253571 0.29875776171684265 336
1585035285558 0.28545084595680237 337
1585035317676 0.29766491055488586 338
1585035349612 0.2859092652797699 339
1585035381803 0.29235827922821045 340
1585035413639 0.2905426323413849 341
1585035445604 0.28529295325279236 342
1585035477819 0.28709566593170166 343
1585035510240 0.2880482077598572 344
1585035542041 0.2830447256565094 345
1585035574001 0.29461297392845154 346
1585035605788 0.28406885266304016 347
1585035638483 0.28480687737464905 348
1585035670756 0.28442397713661194 349
1585035702897 0.27775201201438904 350
1585035734743 0.27964699268341064 351
1585035767275 0.28425589203834534 352
1585035799462 0.28185930848121643 353
1585035831925 0.28490665555000305 354
1585035864045 0.2866341173648834 355
1585035896564 0.29148969054222107 356
1585035928552 0.28556692600250244 357
1585035960733 0.2893209755420685 358
1585035992691 0.2886494994163513 359
1585036024813 0.2829517424106598 360
1585036056986 0.28648433089256287 361
1585036089103 0.28533345460891724 362
1585036121141 0.29095038771629333 363
1585036153166 0.284275084733963 364
1585036185167 0.29573768377304077 365
1585036217991 0.29640862345695496 366
1585036250152 0.2905547618865967 367
1585036282657 0.2857491374015808 368
1585036314987 0.29129257798194885 369
1585036347165 0.2922113835811615 370
1585036379669 0.28081247210502625 371
1585036412038 0.29608044028282166 372
1585036444319 0.2766123414039612 373
1585036476273 0.28919586539268494 374
1585036507944 0.28712454438209534 375
1585036540084 0.2893647849559784 376
1585036572208 0.29050806164741516 377
1585036604104 0.28781381249427795 378
1585036636010 0.2855972349643707 379
1585036669172 0.2869679927825928 380
1585036700975 0.2884952127933502 381
1585036733399 0.2833315432071686 382
1585036765807 0.2860940992832184 383
1585036798177 0.27886858582496643 384
1585036830195 0.2893734872341156 385
1585036862672 0.2842922806739807 386
1585036895217 0.2886178195476532 387
1585036927209 0.2858176529407501 388
1585036959010 0.282539427280426 389
1585036991053 0.2921886742115021 390
1585037023201 0.29240772128105164 391
1585037055011 0.29483458399772644 392
1585037087049 0.2885224521160126 393
1585037120052 0.29296860098838806 394
1585037152262 0.2842979431152344 395
1585037184350 0.28740501403808594 396
1585037216748 0.2926756739616394 397
1585037248914 0.29636892676353455 398
1585037280916 0.289315789937973 399
1585037313686 0.2873487174510956 400
1585037345867 0.2865471839904785 401
1585037378160 0.2881852388381958 402
1585037410541 0.28485220670700073 403
1585037442862 0.27859485149383545 404
1585037475010 0.2845919728279114 405
1585037507549 0.29110243916511536 406
1585037539448 0.2921479046344757 407
1585037571687 0.2908760905265808 408
1585037603584 0.28263968229293823 409
1585037635805 0.27782806754112244 410
1585037668465 0.2805294990539551 411
1585037700404 0.2850915491580963 412
1585037732341 0.2942725718021393 413
1585037764467 0.28669473528862 414
1585037796950 0.2881489098072052 415
1585037828813 0.2916213274002075 416
1585037860855 0.2936128079891205 417
1585037893545 0.29014521837234497 418
1585037926010 0.30108627676963806 419
1585037958314 0.2891468405723572 420
1585037990935 0.2777754068374634 421
1585038022674 0.27905839681625366 422
1585038054436 0.2838040292263031 423
1585038086943 0.2864990532398224 424
1585038119366 0.290472149848938 425
1585038151408 0.2876746952533722 426
1585038183586 0.29249849915504456 427
1585038215324 0.2805182635784149 428
1585038248712 0.28108492493629456 429
1585038280355 0.2849333584308624 430
1585038312532 0.2897111177444458 431
1585038344656 0.2884432375431061 432
1585038376885 0.28464314341545105 433
1585038409088 0.287422776222229 434
1585038441285 0.28377678990364075 435
1585038473167 0.28328707814216614 436
1585038505148 0.28867146372795105 437
1585038537116 0.29137325286865234 438
1585038568942 0.28666824102401733 439
1585038601504 0.2816149890422821 440
1585038633783 0.2947075366973877 441
1585038665472 0.28263235092163086 442
1585038697589 0.28896471858024597 443
1585038729076 0.29264479875564575 444
1585038761786 0.2896840572357178 445
1585038793590 0.2950499355792999 446
1585038825252 0.29475468397140503 447
1585038857077 0.29710841178894043 448
1585038889427 0.28741884231567383 449
1585038921529 0.2980164885520935 450
1585038953909 0.28688517212867737 451
1585038985640 0.28645405173301697 452
1585039017859 0.2869376540184021 453
1585039049566 0.28931623697280884 454
1585039081500 0.28424540162086487 455
1585039113610 0.2887049913406372 456
1585039145732 0.28499165177345276 457
1585039177698 0.28830471634864807 458
1585039210280 0.29388707876205444 459
1585039242031 0.28113263845443726 460
1585039273576 0.2801700234413147 461
1585039305537 0.2880443334579468 462
1585039337978 0.28825482726097107 463
1585039370006 0.28465819358825684 464
1585039402033 0.28217777609825134 465
1585039434336 0.2889710068702698 466
1585039466739 0.2842225134372711 467
1585039499018 0.2849339544773102 468
1585039531147 0.29361069202423096 469
1585039562961 0.2898005247116089 470
1585039595019 0.2823173403739929 471
1585039627257 0.28159722685813904 472
1585039659181 0.28950098156929016 473
1585039691256 0.29071658849716187 474
1585039723131 0.29567936062812805 475
1585039755831 0.2793680727481842 476
1585039787830 0.2876478135585785 477
1585039820946 0.2866562008857727 478
1585039853169 0.2905254065990448 479
1585039885319 0.29008984565734863 480
1585039918231 0.29203861951828003 481
1585039950896 0.2894279360771179 482
1585039983146 0.29925426840782166 483
1585040015207 0.3034338057041168 484
1585040047329 0.28493204712867737 485
1585040079134 0.27994897961616516 486
1585040111395 0.2813897132873535 487
1585040143408 0.2798376679420471 488
1585040175607 0.28149303793907166 489
1585040207841 0.2829645872116089 490
1585040239925 0.2815132141113281 491
1585040272017 0.27823606133461 492
1585040303969 0.2873387932777405 493
1585040336148 0.2816659212112427 494
1585040368302 0.29095715284347534 495
1585040400080 0.2799133360385895 496
1585040431905 0.28066232800483704 497
1585040463919 0.27842167019844055 498
1585040495864 0.28786101937294006 499
1585040528254 0.287328839302063 500
