1585024421720 0.28348657488822937 0
1585024454906 0.42678162455558777 1
1585024487817 0.6097701191902161 2
1585024521109 0.6762068867683411 3
1585024554132 0.676436722278595 4
1585024587349 0.6772413849830627 5
1585024621005 0.677241325378418 6
1585024654449 0.6796551942825317 7
1585024687754 0.676436722278595 8
1585024721588 0.6812644004821777 9
1585024755123 0.6756321787834167 10
1585024788858 0.6852107644081116 11
1585024822213 0.700766384601593 12
1585024855565 0.6980459690093994 13
1585024888634 0.7150958180427551 14
1585024922666 0.7324903607368469 15
1585024956058 0.7373180389404297 16
1585024989036 0.7441762089729309 17
1585025023163 0.7490421533584595 18
1585025056219 0.7568965554237366 19
1585025089248 0.7641761898994446 20
1585025122631 0.7600383758544922 21
1585025155622 0.7397701740264893 22
1585025188672 0.7590421438217163 23
1585025222083 0.7633715867996216 24
1585025255622 0.7601532340049744 25
1585025288795 0.7651723623275757 26
1585025322289 0.7642912268638611 27
1585025355699 0.7654022574424744 28
1585025389128 0.7844827771186829 29
1585025422700 0.8032566905021667 30
1585025455874 0.8059003949165344 31
1585025489134 0.7986589670181274 32
1585025522372 0.8205364346504211 33
1585025555364 0.8203448057174683 34
1585025588901 0.8346743583679199 35
1585025621532 0.8294252753257751 36
1585025653894 0.8286206722259521 37
1585025686301 0.8384292125701904 38
1585025718615 0.837011456489563 39
1585025750852 0.8311493992805481 40
1585025783425 0.8385440111160278 41
1585025815792 0.8463984727859497 42
1585025848044 0.8394253253936768 43
1585025880884 0.8525670170783997 44
1585025913463 0.8376244902610779 45
1585025945822 0.8420689702033997 46
1585025978465 0.8394253253936768 47
1585026011767 0.8386207222938538 48
1585026044316 0.8446743488311768 49
1585026076894 0.8472030758857727 50
1585026109455 0.8694252967834473 51
1585026142633 0.8419540524482727 52
1585026174204 0.8632566928863525 53
1585026205999 0.8607279658317566 54
1585026238119 0.8483141660690308 55
1585026270733 0.8486207127571106 56
1585026302593 0.8648658990859985 57
1585026334135 0.8594252467155457 58
1585026365838 0.8721455335617065 59
1585026397656 0.8693103790283203 60
1585026430013 0.8685057759284973 61
1585026462180 0.8548658490180969 62
1585026494223 0.8560920357704163 63
1585026526388 0.8677011132240295 64
1585026558828 0.8649808764457703 65
1585026590964 0.8664751648902893 66
1585026623138 0.8670881390571594 67
1585026655041 0.8649808764457703 68
1585026687062 0.8585057258605957 69
1585026719160 0.8597318530082703 70
1585026751313 0.8721455335617065 71
1585026783331 0.8621456623077393 72
1585026815172 0.8713410496711731 73
1585026846970 0.8702298998832703 74
1585026878831 0.8622605800628662 75
1585026910922 0.8694252967834473 76
1585026943027 0.870229959487915 77
1585026975382 0.8665900826454163 78
1585027007269 0.8724520802497864 79
1585027039239 0.8837547898292542 80
1585027071220 0.8706514239311218 81
1585027103449 0.8602299094200134 82
1585027135970 0.8486589193344116 83
1585027167672 0.880842924118042 84
1585027199602 0.8777011036872864 85
1585027231491 0.8751724362373352 86
1585027263060 0.881647527217865 87
1585027295235 0.8823371529579163 88
1585027327440 0.8760919570922852 89
1585027359478 0.8829501271247864 90
1585027391818 0.8790038228034973 91
1585027423644 0.8788122534751892 92
1585027455797 0.8830651044845581 93
1585027487858 0.882337212562561 94
1585027519898 0.8935631513595581 95
1585027551871 0.8813410401344299 96
1585027584161 0.896475076675415 97
1585027616339 0.8846743106842041 98
1585027648195 0.890421450138092 99
1585027680170 0.891226053237915 100
1585027712236 0.89091956615448 101
1585027744105 0.8893104195594788 102
1585027776324 0.8932567238807678 103
1585027808615 0.888505756855011 104
1585027840809 0.891647458076477 105
1585027872631 0.8873947262763977 106
1585027904249 0.8838698267936707 107
1585027936097 0.8899233341217041 108
1585027968150 0.8881992101669312 109
1585028000214 0.885977029800415 110
1585028032301 0.8991187214851379 111
1585028064233 0.8905364274978638 112
1585028096190 0.8757854700088501 113
1585028128289 0.888007640838623 114
1585028160304 0.893754780292511 115
1585028192368 0.8926436305046082 116
1585028224634 0.8893104195594788 117
1585028256799 0.8741762638092041 118
1585028288864 0.8805363774299622 119
1585028320685 0.888505756855011 120
1585028352984 0.8842528462409973 121
1585028384927 0.8738697171211243 122
1585028417175 0.8829501271247864 123
1585028449261 0.883563220500946 124
1585028481758 0.8773945569992065 125
1585028514003 0.8773945569992065 126
1585028546064 0.8718389868736267 127
1585028578441 0.8699234127998352 128
1585028609956 0.8681992292404175 129
1585028642345 0.8677011132240295 130
1585028674125 0.8701149225234985 131
1585028706173 0.8683142066001892 132
1585028738591 0.8522605299949646 133
1585028770569 0.8646743893623352 134
1585028802625 0.8660919666290283 135
1585028834765 0.8634482622146606 136
1585028866824 0.8578160405158997 137
1585028898961 0.8686974048614502 138
1585028931616 0.8546743392944336 139
1585028963666 0.8510345816612244 140
1585028995840 0.8467049598693848 141
1585029028232 0.8570881485939026 142
1585029060335 0.8543679118156433 143
1585029091923 0.8492337465286255 144
1585029123972 0.8478161692619324 145
1585029155749 0.8526436686515808 146
1585029187710 0.8565900921821594 147
1585029219866 0.8543677926063538 148
1585029252184 0.8491188287734985 149
1585029284497 0.8503447771072388 150
1585029316899 0.8475096225738525 151
1585029349013 0.8438697457313538 152
1585029381014 0.8381226658821106 153
1585029413120 0.843065083026886 154
1585029445337 0.8529502153396606 155
1585029477227 0.8526436686515808 156
1585029509389 0.8527586460113525 157
1585029541168 0.8444827198982239 158
1585029573085 0.8485057950019836 159
1585029605332 0.8529502153396606 160
1585029637394 0.8470114469528198 161
1585029669268 0.8472030758857727 162
1585029701310 0.8481225967407227 163
1585029733110 0.8538697361946106 164
1585029765355 0.8513410687446594 165
1585029797212 0.8516475558280945 166
1585029829588 0.8403448462486267 167
1585029861696 0.8462069630622864 168
1585029893545 0.8573945760726929 169
1585029925578 0.8518390655517578 170
1585029957808 0.8486207127571106 171
1585029990058 0.8527585864067078 172
1585030022096 0.8616474866867065 173
1585030053809 0.8518390655517578 174
1585030085513 0.8505364060401917 175
1585030117552 0.8560919761657715 176
1585030149689 0.8481224775314331 177
1585030182904 0.8476245999336243 178
1585030214704 0.8537548184394836 179
1585030246617 0.8530651926994324 180
1585030278739 0.8562834858894348 181
1585030310512 0.8522604703903198 182
1585030342338 0.8567050099372864 183
1585030374347 0.8541762828826904 184
1585030406329 0.8441762328147888 185
1585030438678 0.8489271998405457 186
1585030470830 0.8532567620277405 187
1585030503267 0.8557854890823364 188
1585030535102 0.8419540524482727 189
1585030567088 0.8397318124771118 190
1585030599034 0.8499234318733215 191
1585030630850 0.8511494398117065 192
1585030662483 0.855172336101532 193
1585030695020 0.8523371815681458 194
1585030727189 0.8510344624519348 195
1585030758812 0.8494253158569336 196
1585030790729 0.8499233722686768 197
1585030823022 0.8543677926063538 198
1585030855140 0.8567816615104675 199
1585030887113 0.84145587682724 200
1585030919798 0.8521454930305481 201
1585030951966 0.8578928112983704 202
1585030984226 0.8500383496284485 203
1585031016544 0.8480076193809509 204
1585031049117 0.8568965792655945 205
1585031081150 0.8472030758857727 206
1585031113696 0.851839005947113 207
1585031145705 0.8428735733032227 208
1585031177804 0.8505364060401917 209
1585031209801 0.8452873229980469 210
1585031242035 0.8546743392944336 211
1585031274464 0.8607280254364014 212
1585031306591 0.8463984727859497 213
1585031338384 0.8499234318733215 214
1585031370476 0.8554789423942566 215
1585031402679 0.8467049598693848 216
1585031434380 0.8452873229980469 217
1585031466149 0.84670490026474 218
1585031497887 0.8502299189567566 219
1585031529905 0.8425670266151428 220
1585031561959 0.8449808955192566 221
1585031593772 0.8535631895065308 222
1585031625942 0.8548658490180969 223
1585031658386 0.8513410687446594 224
1585031690425 0.8536781668663025 225
1585031722356 0.8484291434288025 226
1585031754586 0.8407662510871887 227
1585031786497 0.8535631895065308 228
1585031818254 0.8460919857025146 229
1585031850148 0.8411493897438049 230
1585031882467 0.8465900421142578 231
1585031915694 0.8546743392944336 232
1585031947780 0.8463984727859497 233
1585031980288 0.8472030758857727 234
1585032012392 0.8535631895065308 235
1585032044940 0.8577011823654175 236
1585032077245 0.8549808263778687 237
1585032109097 0.8489271402359009 238
1585032141046 0.8489271998405457 239
1585032173118 0.8472030758857727 240
1585032205964 0.8491188287734985 241
1585032238388 0.8551723957061768 242
1585032270478 0.8491187691688538 243
1585032302529 0.8537548184394836 244
1585032334455 0.8568965792655945 245
1585032365931 0.8519540429115295 246
1585032398529 0.8557855486869812 247
1585032430744 0.8548658490180969 248
1585032462853 0.8518390655517578 249
1585032494953 0.8463985323905945 250
1585032526560 0.8535632491111755 251
1585032558542 0.8473179936408997 252
1585032590263 0.8483141660690308 253
1585032622076 0.8441762328147888 254
1585032654052 0.8529501557350159 255
1585032686032 0.8443678021430969 256
1585032718069 0.8537548184394836 257
1585032749776 0.8443678021430969 258
1585032781354 0.8468965888023376 259
1585032813620 0.8485057950019836 260
1585032845979 0.8454023003578186 261
1585032878910 0.8497318625450134 262
1585032910810 0.8581991791725159 263
1585032942788 0.8532567620277405 264
1585032974820 0.8503448963165283 265
1585033007502 0.8529502153396606 266
1585033040206 0.850727915763855 267
1585033072235 0.8483142256736755 268
1585033104386 0.8516474962234497 269
1585033136540 0.8508428931236267 270
1585033168582 0.8452873826026917 271
1585033200272 0.8478160500526428 272
1585033232144 0.8500383496284485 273
1585033264383 0.8470114469528198 274
1585033296384 0.8499233722686768 275
1585033328339 0.8485057353973389 276
1585033360322 0.8502299189567566 277
1585033391977 0.8452873826026917 278
1585033424011 0.8425670266151428 279
1585033456297 0.8510344624519348 280
1585033489304 0.8489271998405457 281
1585033520951 0.8493102788925171 282
1585033553088 0.8400382995605469 283
1585033585625 0.8521456122398376 284
1585033617593 0.8508428335189819 285
1585033650612 0.8565900921821594 286
1585033682462 0.8516475558280945 287
1585033714741 0.8541762828826904 288
1585033746520 0.8463984727859497 289
1585033778936 0.8513410091400146 290
1585033811589 0.8540613055229187 291
1585033843553 0.8549807667732239 292
1585033875285 0.8524520993232727 293
1585033906956 0.8508428931236267 294
1585033938745 0.8502299189567566 295
1585033970535 0.8562834858894348 296
1585034002439 0.8468965291976929 297
1585034034105 0.847088098526001 298
1585034065772 0.8411493897438049 299
1585034097828 0.8516475558280945 300
1585034129799 0.8530651330947876 301
1585034161742 0.8527586460113525 302
1585034194460 0.8507279753684998 303
1585034226618 0.8530651330947876 304
1585034258463 0.8552873730659485 305
1585034290542 0.8489271998405457 306
1585034322706 0.8493103384971619 307
1585034354849 0.8491188287734985 308
1585034387003 0.8524520993232727 309
1585034419037 0.8400382995605469 310
1585034451204 0.8543679118156433 311
1585034483318 0.8516475558280945 312
1585034515290 0.8535631895065308 313
1585034547236 0.8513410091400146 314
1585034579419 0.8554789423942566 315
1585034612064 0.8567049503326416 316
1585034643985 0.8519539833068848 317
1585034676344 0.8438697457313538 318
1585034708647 0.8472030758857727 319
1585034741066 0.8527586460113525 320
1585034773260 0.8470114469528198 321
1585034805294 0.8510344624519348 322
1585034837543 0.8527586460113525 323
1585034869664 0.8516474962234497 324
1585034901625 0.8524520993232727 325
1585034933493 0.8499233722686768 326
1585034965208 0.8475096225738525 327
1585034997128 0.8513410091400146 328
1585035029465 0.8519540429115295 329
1585035061202 0.8480076789855957 330
1585035092816 0.8477011919021606 331
1585035125211 0.8496168255805969 332
1585035157247 0.8581992387771606 333
1585035189315 0.8441762924194336 334
1585035221442 0.8538697361946106 335
1585035253571 0.8439847230911255 336
1585035285558 0.8543677926063538 337
1585035317676 0.8452873229980469 338
1585035349612 0.8500383496284485 339
1585035381803 0.8439847230911255 340
1585035413639 0.8436781764030457 341
1585035445604 0.8535632491111755 342
1585035477819 0.8507279753684998 343
1585035510240 0.8577011823654175 344
1585035542041 0.8512260913848877 345
1585035574001 0.8455938696861267 346
1585035605788 0.8463984727859497 347
1585035638483 0.8575095534324646 348
1585035670756 0.8416475057601929 349
1585035702897 0.8580076694488525 350
1585035734743 0.8555938005447388 351
1585035767275 0.8452873229980469 352
1585035799462 0.8508428335189819 353
1585035831925 0.8506513833999634 354
1585035864045 0.8490038514137268 355
1585035896564 0.8433716893196106 356
1585035928552 0.8524520993232727 357
1585035960733 0.8473179936408997 358
1585035992691 0.8532566428184509 359
1585036024813 0.8505364060401917 360
1585036056986 0.8562834858894348 361
1585036089103 0.8524520993232727 362
1585036121141 0.8455938696861267 363
1585036153166 0.8496168255805969 364
1585036185167 0.8489271998405457 365
1585036217991 0.849118709564209 366
1585036250152 0.8446744084358215 367
1585036282657 0.8470881581306458 368
1585036314987 0.8535631895065308 369
1585036347165 0.8460919857025146 370
1585036379669 0.8593103289604187 371
1585036412038 0.8502299189567566 372
1585036444319 0.8559769988059998 373
1585036476273 0.8565900921821594 374
1585036507944 0.8500382900238037 375
1585036540084 0.8493102788925171 376
1585036572208 0.8543677926063538 377
1585036604104 0.8530650734901428 378
1585036636010 0.8546742796897888 379
1585036669172 0.8554789423942566 380
1585036700975 0.8473179936408997 381
1585036733399 0.8560919165611267 382
1585036765807 0.8486206531524658 383
1585036798177 0.8618390560150146 384
1585036830195 0.8530651330947876 385
1585036862672 0.8529501557350159 386
1585036895217 0.8511493802070618 387
1585036927209 0.8502299785614014 388
1585036959010 0.8570881485939026 389
1585036991053 0.8427585959434509 390
1585037023201 0.8484291434288025 391
1585037055011 0.8549808263778687 392
1585037087049 0.8518390655517578 393
1585037120052 0.8502299189567566 394
1585037152262 0.8524521589279175 395
1585037184350 0.8494252562522888 396
1585037216748 0.8516475558280945 397
1585037248914 0.8450957536697388 398
1585037280916 0.8513410091400146 399
1585037313686 0.8472030758857727 400
1585037345867 0.8515325784683228 401
1585037378160 0.8508428931236267 402
1585037410541 0.8543679118156433 403
1585037442862 0.8518390655517578 404
1585037475010 0.8552873730659485 405
1585037507549 0.8508428931236267 406
1585037539448 0.8546743392944336 407
1585037571687 0.847394585609436 408
1585037603584 0.8510344624519348 409
1585037635805 0.8535632491111755 410
1585037668465 0.8580077290534973 411
1585037700404 0.8505364060401917 412
1585037732341 0.8487356305122375 413
1585037764467 0.8511493802070618 414
1585037796950 0.8475096225738525 415
1585037828813 0.8591187596321106 416
1585037860855 0.8494252562522888 417
1585037893545 0.8535631895065308 418
1585037926010 0.8481225967407227 419
1585037958314 0.8488123416900635 420
1585037990935 0.8623371124267578 421
1585038022674 0.8596168160438538 422
1585038054436 0.8538697361946106 423
1585038086943 0.8527586460113525 424
1585038119366 0.8500383496284485 425
1585038151408 0.8517624735832214 426
1585038183586 0.8511493802070618 427
1585038215324 0.850727915763855 428
1585038248712 0.8497317433357239 429
1585038280355 0.8505364060401917 430
1585038312532 0.8508428931236267 431
1585038344656 0.8585057258605957 432
1585038376885 0.8486207127571106 433
1585038409088 0.8484291434288025 434
1585038441285 0.8540613055229187 435
1585038473167 0.8502299189567566 436
1585038505148 0.8486206531524658 437
1585038537116 0.8483141660690308 438
1585038568942 0.8513410687446594 439
1585038601504 0.8548658490180969 440
1585038633783 0.8494253158569336 441
1585038665472 0.8479310274124146 442
1585038697589 0.8578927516937256 443
1585038729076 0.8527587056159973 444
1585038761786 0.8549808263778687 445
1585038793590 0.8454023003578186 446
1585038825252 0.8481992483139038 447
1585038857077 0.8563984632492065 448
1585038889427 0.8530651926994324 449
1585038921529 0.8411494493484497 450
1585038953909 0.8457854390144348 451
1585038985640 0.8488123416900635 452
1585039017859 0.8486207127571106 453
1585039049566 0.8559769988059998 454
1585039081500 0.8546743392944336 455
1585039113610 0.8478161096572876 456
1585039145732 0.8573946356773376 457
1585039177698 0.847815990447998 458
1585039210280 0.8447893261909485 459
1585039242031 0.8588122129440308 460
1585039273576 0.8577011823654175 461
1585039305537 0.8516475558280945 462
1585039337978 0.8478161096572876 463
1585039370006 0.8522604703903198 464
1585039402033 0.8532566428184509 465
1585039434336 0.8537548184394836 466
1585039466739 0.8546743392944336 467
1585039499018 0.8540613055229187 468
1585039531147 0.8494253158569336 469
1585039562961 0.8508428931236267 470
1585039595019 0.8653639554977417 471
1585039627257 0.8494252562522888 472
1585039659181 0.8629501461982727 473
1585039691256 0.8573946356773376 474
1585039723131 0.8478161096572876 475
1585039755831 0.8642528653144836 476
1585039787830 0.8525670170783997 477
1585039820946 0.8497318029403687 478
1585039853169 0.8514559268951416 479
1585039885319 0.8552873730659485 480
1585039918231 0.8528736233711243 481
1585039950896 0.843065083026886 482
1585039983146 0.8505364656448364 483
1585040015207 0.8463218808174133 484
1585040047329 0.8604214787483215 485
1585040079134 0.8615325689315796 486
1585040111395 0.8590038418769836 487
1585040143408 0.8581226468086243 488
1585040175607 0.8559003472328186 489
1585040207841 0.8549808263778687 490
1585040239925 0.8565900921821594 491
1585040272017 0.8615325093269348 492
1585040303969 0.8549807667732239 493
1585040336148 0.8489272594451904 494
1585040368302 0.8564751148223877 495
1585040400080 0.8575096130371094 496
1585040431905 0.8530651330947876 497
1585040463919 0.8605363965034485 498
1585040495864 0.8592337369918823 499
1585040528254 0.8577011227607727 500
