1585024433314 0.3327358365058899 0
1585024466429 0.45575475692749023 1
1585024499683 0.6072877049446106 2
1585024532700 0.6711556911468506 3
1585024565959 0.683089554309845 4
1585024599258 0.6742216944694519 5
1585024632789 0.677688717842102 6
1585024666196 0.6865566372871399 7
1585024699302 0.6810141801834106 8
1585024733213 0.6765801906585693 9
1585024767133 0.6876651048660278 10
1585024800563 0.6767216920852661 11
1585024833840 0.6981132626533508 12
1585024867256 0.7204481363296509 13
1585024900644 0.7607311010360718 14
1585024934401 0.7886556386947632 15
1585024967679 0.7928065657615662 16
1585025000843 0.8247405290603638 17
1585025034747 0.8241744637489319 18
1585025067818 0.8312735557556152 19
1585025100968 0.8280660510063171 20
1585025134151 0.8144810795783997 21
1585025167218 0.8050471544265747 22
1585025200436 0.8336321115493774 23
1585025233801 0.8021225929260254 24
1585025267324 0.8205659985542297 25
1585025300572 0.8126650452613831 26
1585025334132 0.8237736225128174 27
1585025367247 0.8175235986709595 28
1585025401068 0.832382082939148 29
1585025434472 0.8229480385780334 30
1585025467433 0.8364151120185852 31
1585025500853 0.8515565395355225 32
1585025533969 0.8695990443229675 33
1585025567376 0.8673820495605469 34
1585025600452 0.8484905958175659 35
1585025632868 0.8633490800857544 36
1585025665250 0.8694576025009155 37
1585025697770 0.8794574737548828 38
1585025729994 0.8683490753173828 39
1585025762336 0.8794574737548828 40
1585025794694 0.8768159747123718 41
1585025827275 0.8722405433654785 42
1585025859689 0.8709906339645386 43
1585025892365 0.8805660009384155 44
1585025924984 0.8775235414505005 45
1585025957313 0.8757075071334839 46
1585025989860 0.8784905076026917 47
1585026023230 0.8815329074859619 48
1585026055890 0.8770990371704102 49
1585026088322 0.860990583896637 50
1585026121460 0.8732075691223145 51
1585026153737 0.8782075643539429 52
1585026185509 0.8698820471763611 53
1585026217075 0.8741745352745056 54
1585026249659 0.8697406053543091 55
1585026282076 0.8709905743598938 56
1585026313770 0.8782075643539429 57
1585026345478 0.8725236058235168 58
1585026377194 0.8691745400428772 59
1585026408975 0.8798820376396179 60
1585026441411 0.8711320757865906 61
1585026473388 0.8723821043968201 62
1585026505616 0.8712735772132874 63
1585026537531 0.8848820924758911 64
1585026570186 0.8818159699440002 65
1585026602325 0.8770990967750549 66
1585026634591 0.8783490061759949 67
1585026666379 0.8844575881958008 68
1585026698392 0.8893160223960876 69
1585026730508 0.8868160247802734 70
1585026762664 0.8714150786399841 71
1585026794605 0.8797405362129211 72
1585026826399 0.8857074975967407 73
1585026858146 0.8737736344337463 74
1585026890011 0.8891745209693909 75
1585026922160 0.8801650404930115 76
1585026954427 0.8776650428771973 77
1585026986668 0.885565996170044 78
1585027018396 0.8757076263427734 79
1585027050410 0.8808490633964539 80
1585027082576 0.887099027633667 81
1585027115128 0.8854244947433472 82
1585027147124 0.8897405862808228 83
1585027178653 0.8740565180778503 84
1585027210878 0.885565996170044 85
1585027242531 0.8854245543479919 86
1585027274401 0.8919575214385986 87
1585027306644 0.8798820972442627 88
1585027338772 0.8834905624389648 89
1585027370786 0.8872405290603638 90
1585027403106 0.8834905624389648 91
1585027435083 0.8822405338287354 92
1585027467143 0.895424485206604 93
1585027499058 0.8844574689865112 94
1585027531042 0.8822405338287354 95
1585027563220 0.8772405982017517 96
1585027595466 0.8932075500488281 97
1585027627660 0.8954244256019592 98
1585027659533 0.8873820900917053 99
1585027691357 0.8857076168060303 100
1585027723604 0.8880659937858582 101
1585027755428 0.8893159627914429 102
1585027787709 0.8886321187019348 103
1585027820159 0.8919575214385986 104
1585027851891 0.8977829813957214 105
1585027883536 0.895565927028656 106
1585027915255 0.8894574642181396 107
1585027947231 0.9019575119018555 108
1585027979247 0.8884905576705933 109
1585028011377 0.8883490562438965 110
1585028043751 0.887099027633667 111
1585028075325 0.889740526676178 112
1585028107575 0.8934906125068665 113
1585028139649 0.8954244256019592 114
1585028171625 0.8957076072692871 115
1585028203600 0.892782986164093 116
1585028235860 0.8897405862808228 117
1585028267972 0.8904244899749756 118
1585028299935 0.8941745162010193 119
1585028331717 0.8919575214385986 120
1585028364138 0.8908490538597107 121
1585028396563 0.8932075500488281 122
1585028428471 0.8908490538597107 123
1585028460594 0.8993160128593445 124
1585028493166 0.8858489990234375 125
1585028525470 0.8869575262069702 126
1585028557400 0.8919575214385986 127
1585028589784 0.8907074928283691 128
1585028621310 0.8929244875907898 129
1585028653530 0.8920990228652954 130
1585028685463 0.8902829885482788 131
1585028717546 0.8882075548171997 132
1585028749884 0.885990560054779 133
1585028781918 0.8825235962867737 134
1585028813961 0.8916745185852051 135
1585028845918 0.8893159627914429 136
1585028878247 0.8884905576705933 137
1585028910177 0.8922405242919922 138
1585028942923 0.8861320614814758 139
1585028975161 0.8869575262069702 140
1585029007183 0.8839150071144104 141
1585029039467 0.8905659914016724 142
1585029071280 0.8940330147743225 143
1585029103265 0.8880660533905029 144
1585029135239 0.8929245471954346 145
1585029167002 0.8826650977134705 146
1585029199058 0.8870990872383118 147
1585029231176 0.8880659937858582 148
1585029263532 0.8880659937858582 149
1585029295819 0.8869575262069702 150
1585029328363 0.8902829885482788 151
1585029360413 0.8904244899749756 152
1585029392287 0.8882075548171997 153
1585029424252 0.8905659914016724 154
1585029456435 0.8847405910491943 155
1585029488636 0.8848820328712463 156
1585029520741 0.8893160223960876 157
1585029552397 0.8880660533905029 158
1585029584842 0.8894575834274292 159
1585029616705 0.8872405886650085 160
1585029648855 0.8893160820007324 161
1585029680632 0.887099027633667 162
1585029712419 0.8826650977134705 163
1585029744558 0.8904244303703308 164
1585029776542 0.8894575834274292 165
1585029808594 0.8848820924758911 166
1585029840900 0.8882075548171997 167
1585029872948 0.8811321258544922 168
1585029904884 0.8825236558914185 169
1585029937004 0.8895990252494812 170
1585029969193 0.8861321210861206 171
1585030001351 0.8839150667190552 172
1585030033307 0.8845990300178528 173
1585030064723 0.8837735652923584 174
1585030096854 0.8907074928283691 175
1585030128920 0.8884905576705933 176
1585030161054 0.8930660486221313 177
1585030194237 0.8893160223960876 178
1585030226011 0.8893160223960876 179
1585030257649 0.889740526676178 180
1585030289678 0.8904245495796204 181
1585030321482 0.8927829265594482 182
1585030353571 0.8870990872383118 183
1585030385707 0.8882075548171997 184
1585030417639 0.8897405862808228 185
1585030450028 0.8858490586280823 186
1585030482085 0.8857074975967407 187
1585030514406 0.8870990872383118 188
1585030546321 0.8941745162010193 189
1585030578252 0.8908491134643555 190
1585030610196 0.8857074975967407 191
1585030641912 0.8847405910491943 192
1585030673960 0.8870990872383118 193
1585030706372 0.8905660510063171 194
1585030738301 0.8823820948600769 195
1585030769960 0.8905659914016724 196
1585030801908 0.8894574642181396 197
1585030834207 0.8847406506538391 198
1585030866481 0.8905659914016724 199
1585030898086 0.889599084854126 200
1585030931063 0.8839151263237 201
1585030963395 0.889599084854126 202
1585030995563 0.8895991444587708 203
1585031027977 0.8904245495796204 204
1585031060268 0.8904244899749756 205
1585031092506 0.8848820924758911 206
1585031124955 0.8872405290603638 207
1585031157072 0.8868159651756287 208
1585031189143 0.8882075548171997 209
1585031221147 0.8869575262069702 210
1585031253414 0.8930660486221313 211
1585031285836 0.887099027633667 212
1585031317745 0.880448043346405 213
1585031349720 0.8861321210861206 214
1585031381809 0.8902829885482788 215
1585031413835 0.889599084854126 216
1585031445487 0.8869575262069702 217
1585031477267 0.8875235915184021 218
1585031508907 0.8891745209693909 219
1585031541278 0.8916744589805603 220
1585031573213 0.8847405910491943 221
1585031605147 0.8894574642181396 222
1585031637459 0.8803065419197083 223
1585031669749 0.8870990872383118 224
1585031701533 0.8905660510063171 225
1585031733672 0.8870990872383118 226
1585031765743 0.8847405910491943 227
1585031797545 0.8850235939025879 228
1585031829411 0.888490617275238 229
1585031861632 0.8904244899749756 230
1585031893838 0.8894574642181396 231
1585031927032 0.8868159651756287 232
1585031958947 0.8905659914016724 233
1585031991602 0.8872405290603638 234
1585032023703 0.8873820900917053 235
1585032056412 0.8837735652923584 236
1585032088441 0.8927830457687378 237
1585032120450 0.8845990300178528 238
1585032152390 0.8851650357246399 239
1585032185277 0.8858490586280823 240
1585032217348 0.8919575214385986 241
1585032249748 0.8951414823532104 242
1585032281826 0.8836320638656616 243
1585032313871 0.8895990252494812 244
1585032345788 0.8883490562438965 245
1585032377402 0.885990560054779 246
1585032409877 0.887099027633667 247
1585032442213 0.8848820924758911 248
1585032474203 0.8870990872383118 249
1585032506137 0.889740526676178 250
1585032537756 0.8857076168060303 251
1585032569724 0.8869575262069702 252
1585032601395 0.889740526676178 253
1585032633434 0.8883490562438965 254
1585032665392 0.8905659914016724 255
1585032697390 0.8870990872383118 256
1585032729168 0.8895990252494812 257
1585032760772 0.8895990252494812 258
1585032792812 0.8883491158485413 259
1585032824939 0.889599084854126 260
1585032857375 0.8848820924758911 261
1585032890111 0.8883491158485413 262
1585032921934 0.8940330147743225 263
1585032954136 0.8815565705299377 264
1585032986642 0.8857076168060303 265
1585033018787 0.8919575214385986 266
1585033051550 0.8904244899749756 267
1585033083563 0.8847405314445496 268
1585033115826 0.887099027633667 269
1585033147965 0.887099027633667 270
1585033179532 0.8848820924758911 271
1585033211601 0.887099027633667 272
1585033243497 0.8918159604072571 273
1585033275834 0.886132001876831 274
1585033307723 0.8872406482696533 275
1585033339626 0.8848820924758911 276
1585033371352 0.8870991468429565 277
1585033403325 0.8857074975967407 278
1585033435413 0.8904245495796204 279
1585033467623 0.8908490538597107 280
1585033500341 0.8919575214385986 281
1585033532305 0.8861320614814758 282
1585033564721 0.8858490586280823 283
1585033596782 0.8905659914016724 284
1585033629075 0.8930659890174866 285
1585033661965 0.889740526676178 286
1585033693826 0.895424485206604 287
1585033725734 0.8872405886650085 288
1585033758056 0.8908491134643555 289
1585033790269 0.8868160843849182 290
1585033822949 0.8907074928283691 291
1585033854738 0.8907074928283691 292
1585033886493 0.8870990872383118 293
1585033918307 0.8825235962867737 294
1585033950079 0.8862735629081726 295
1585033981842 0.8858490586280823 296
1585034013764 0.8859906196594238 297
1585034045414 0.8858490586280823 298
1585034077018 0.8848820924758911 299
1585034108959 0.8837735652923584 300
1585034141121 0.8858490586280823 301
1585034173089 0.8870990872383118 302
1585034205811 0.8891745209693909 303
1585034237878 0.8883490562438965 304
1585034269731 0.8918159604072571 305
1585034301893 0.8882075548171997 306
1585034334064 0.8872405886650085 307
1585034366167 0.8883490562438965 308
1585034398296 0.8943159580230713 309
1585034430460 0.8848820924758911 310
1585034462489 0.8904245495796204 311
1585034494426 0.8872405290603638 312
1585034526478 0.8848820924758911 313
1585034558527 0.8904244899749756 314
1585034591035 0.8902829885482788 315
1585034623220 0.8880659937858582 316
1585034655405 0.887099027633667 317
1585034687563 0.8872405290603638 318
1585034720290 0.8908491134643555 319
1585034752289 0.8848820328712463 320
1585034784427 0.8870990872383118 321
1585034816636 0.8847405910491943 322
1585034848885 0.8858490586280823 323
1585034881035 0.8861320614814758 324
1585034912865 0.8859905004501343 325
1585034944525 0.8859906196594238 326
1585034976270 0.8929244875907898 327
1585035008225 0.8812735676765442 328
1585035040666 0.8857074975967407 329
1585035072282 0.8851650953292847 330
1585035104170 0.8905659914016724 331
1585035136412 0.885849118232727 332
1585035168539 0.887099027633667 333
1585035200774 0.8861321210861206 334
1585035232859 0.8859906196594238 335
1585035264745 0.8870990872383118 336
1585035296854 0.8882075548171997 337
1585035329017 0.88863205909729 338
1585035360965 0.8872405886650085 339
1585035393101 0.8916744589805603 340
1585035424999 0.8904244899749756 341
1585035456974 0.8870990872383118 342
1585035489115 0.8883490562438965 343
1585035521458 0.8836320638656616 344
1585035553197 0.8793395757675171 345
1585035585099 0.8870991468429565 346
1585035616919 0.8894575834274292 347
1585035649837 0.8825235366821289 348
1585035682158 0.8834905624389648 349
1585035714188 0.8882075548171997 350
1585035746069 0.8952829837799072 351
1585035778522 0.8847405910491943 352
1585035810786 0.8872406482696533 353
1585035843239 0.8873820900917053 354
1585035875623 0.8880659937858582 355
1585035907741 0.8850235939025879 356
1585035939961 0.8880659341812134 357
1585035971883 0.8811320662498474 358
1585036003950 0.8882075548171997 359
1585036036211 0.8858490586280823 360
1585036068354 0.8828065991401672 361
1585036100461 0.8916744589805603 362
1585036132523 0.8883490562438965 363
1585036164511 0.8916744589805603 364
1585036196617 0.8872405886650085 365
1585036229326 0.8883491158485413 366
1585036261525 0.8902830481529236 367
1585036294133 0.8793395757675171 368
1585036326351 0.8847405910491943 369
1585036358483 0.8893159627914429 370
1585036391033 0.890141487121582 371
1585036423228 0.889599084854126 372
1585036455462 0.8929244875907898 373
1585036487369 0.8894575834274292 374
1585036519267 0.8859906196594238 375
1585036551405 0.8862735629081726 376
1585036583267 0.8882075548171997 377
1585036615249 0.8864150643348694 378
1585036647552 0.8836321234703064 379
1585036680332 0.8869575262069702 380
1585036712197 0.8836320638656616 381
1585036744751 0.8905659914016724 382
1585036777174 0.8883491158485413 383
1585036809576 0.8905659914016724 384
1585036841845 0.8893160223960876 385
1585036874004 0.8907074928283691 386
1585036906497 0.8850235342979431 387
1585036938537 0.8845990896224976 388
1585036970211 0.8907074928283691 389
1585037002355 0.8882075548171997 390
1585037034396 0.88863205909729 391
1585037066144 0.8872405290603638 392
1585037099460 0.8905659914016724 393
1585037131410 0.8883491158485413 394
1585037163579 0.8882075548171997 395
1585037195705 0.8905659914016724 396
1585037228128 0.8861321210861206 397
1585037260165 0.8861321210861206 398
1585037292127 0.8858490586280823 399
1585037324929 0.887099027633667 400
1585037357265 0.8894575834274292 401
1585037389576 0.8834906220436096 402
1585037421923 0.8894574642181396 403
1585037454187 0.8847405910491943 404
1585037486462 0.8800235986709595 405
1585037518557 0.8854480385780334 406
1585037550734 0.885990560054779 407
1585037582697 0.8847405910491943 408
1585037614962 0.8907074928283691 409
1585037647119 0.8893160223960876 410
1585037679801 0.8919575214385986 411
1585037711780 0.885849118232727 412
1585037743664 0.8848820924758911 413
1585037775780 0.892782986164093 414
1585037808005 0.8872405290603638 415
1585037839982 0.8870990872383118 416
1585037872296 0.8894575834274292 417
1585037904942 0.8883490562438965 418
1585037937320 0.8893159627914429 419
1585037969421 0.8870990872383118 420
1585038002271 0.8907074928283691 421
1585038033832 0.8880659937858582 422
1585038066362 0.8916745185852051 423
1585038098474 0.8848820924758911 424
1585038130728 0.8893160223960876 425
1585038162771 0.8882075548171997 426
1585038194723 0.885990560054779 427
1585038227551 0.8907074928283691 428
1585038259763 0.8851650953292847 429
1585038291813 0.8894575834274292 430
1585038323878 0.8848820924758911 431
1585038356010 0.8848820924758911 432
1585038388335 0.8908490538597107 433
1585038420445 0.8822405338287354 434
1585038452463 0.8879244923591614 435
1585038484560 0.8883491158485413 436
1585038516599 0.8880659937858582 437
1585038548482 0.8894575834274292 438
1585038580336 0.8848820924758911 439
1585038613039 0.8870990872383118 440
1585038644746 0.8916744589805603 441
1585038676830 0.8857074975967407 442
1585038708467 0.8848820924758911 443
1585038740780 0.8945990800857544 444
1585038772925 0.8929244875907898 445
1585038804496 0.8845990300178528 446
1585038836337 0.8836320638656616 447
1585038868614 0.8870990872383118 448
1585038900800 0.8845990896224976 449
1585038933067 0.8908491134643555 450
1585038965003 0.884056568145752 451
1585038996989 0.8907074928283691 452
1585039028963 0.8893160223960876 453
1585039060837 0.8850235342979431 454
1585039092797 0.8882075548171997 455
1585039124967 0.8904244303703308 456
1585039157133 0.8893159627914429 457
1585039189046 0.8894575834274292 458
1585039221435 0.8825235962867737 459
1585039253014 0.8825235962867737 460
1585039284733 0.8857074975967407 461
1585039317143 0.8883490562438965 462
1585039349167 0.8883490562438965 463
1585039381436 0.8893160223960876 464
1585039413407 0.8870990872383118 465
1585039445659 0.8816980719566345 466
1585039478112 0.8887735605239868 467
1585039510294 0.8882075548171997 468
1585039542318 0.8880659341812134 469
1585039574349 0.8880660533905029 470
1585039606357 0.8882075548171997 471
1585039638348 0.8891745209693909 472
1585039670329 0.885849118232727 473
1585039702472 0.8893159627914429 474
1585039734520 0.8916745185852051 475
1585039767187 0.8857074975967407 476
1585039799167 0.8847405314445496 477
1585039832283 0.8872405886650085 478
1585039864531 0.8891745805740356 479
1585039896601 0.8859906196594238 480
1585039929584 0.8920990824699402 481
1585039962176 0.8869575262069702 482
1585039994387 0.8894574642181396 483
1585040026533 0.8890330195426941 484
1585040058540 0.8893160223960876 485
1585040090447 0.8870990872383118 486
1585040122746 0.8872405886650085 487
1585040154665 0.8919575214385986 488
1585040187098 0.8834905624389648 489
1585040219036 0.8847405910491943 490
1585040251045 0.8869575262069702 491
1585040283152 0.8919575214385986 492
1585040315316 0.8879244923591614 493
1585040347332 0.8845990896224976 494
1585040379437 0.8884905576705933 495
1585040411188 0.8905659914016724 496
1585040443061 0.8857074975967407 497
1585040475005 0.8836320638656616 498
1585040507439 0.8809906244277954 499
1585040539343 0.8915330171585083 500
