1585024421720 0.03446386754512787 0
1585024454906 0.00872707087546587 1
1585024487817 0.006109172012656927 2
1585024521109 0.009392562322318554 3
1585024554132 0.013821033760905266 4
1585024587349 0.018103163689374924 5
1585024621005 0.015930524095892906 6
1585024654449 0.007306827697902918 7
1585024687754 0.004953581374138594 8
1585024721588 0.0018094953848049045 9
1585024755123 0.0023316810838878155 10
1585024788858 0.003064873395487666 11
1585024822213 0.0052277385257184505 12
1585024855565 0.007812274154275656 13
1585024888634 0.010297452099621296 14
1585024922666 0.011695245280861855 15
1585024956058 0.012949653901159763 16
1585024989036 0.013875805772840977 17
1585025023163 0.013529224321246147 18
1585025056219 0.013809174299240112 19
1585025089248 0.013000774197280407 20
1585025122631 0.011601967737078667 21
1585025155622 0.010426986031234264 22
1585025188672 0.009490149095654488 23
1585025222083 0.009379999712109566 24
1585025255622 0.008078070357441902 25
1585025288795 0.008551022969186306 26
1585025322289 0.007102102041244507 27
1585025355699 0.0069264802150428295 28
1585025389128 0.007523783482611179 29
1585025422700 0.008011101745069027 30
1585025455874 0.0073691862635314465 31
1585025489134 0.007983947172760963 32
1585025522372 0.008677252568304539 33
1585025555364 0.00844729132950306 34
1585025588901 0.008928847499191761 35
1585025621532 0.009093505330383778 36
1585025653894 0.009765650145709515 37
1585025686301 0.009889734908938408 38
1585025718615 0.009583169594407082 39
1585025750852 0.008667975664138794 40
1585025783425 0.009186615236103535 41
1585025815792 0.008691108785569668 42
1585025848044 0.008584202267229557 43
1585025880884 0.008565892465412617 44
1585025913463 0.007885967381298542 45
1585025945822 0.007763449568301439 46
1585025978465 0.007197942119091749 47
1585026011767 0.007639019750058651 48
1585026044316 0.007214932236820459 49
1585026076894 0.007113994099199772 50
1585026109455 0.007560888770967722 51
1585026142633 0.006522777024656534 52
1585026174204 0.007721784058958292 53
1585026205999 0.006622991058975458 54
1585026238119 0.005997329950332642 55
1585026270733 0.006468732375651598 56
1585026302593 0.006845509167760611 57
1585026334135 0.006980483885854483 58
1585026365838 0.006298707332462072 59
1585026397656 0.0077872127294540405 60
1585026430013 0.007293241564184427 61
1585026462180 0.00638680811971426 62
1585026494223 0.006400935351848602 63
1585026526388 0.006564890034496784 64
1585026558828 0.006144935265183449 65
1585026590964 0.006507599726319313 66
1585026623138 0.006380527745932341 67
1585026655041 0.0060562449507415295 68
1585026687062 0.006234399043023586 69
1585026719160 0.005779231432825327 70
1585026751313 0.006748563144356012 71
1585026783331 0.0054476018995046616 72
1585026815172 0.006077335216104984 73
1585026846970 0.006469224579632282 74
1585026878831 0.006057916674762964 75
1585026910922 0.00640485156327486 76
1585026943027 0.006159146782010794 77
1585026975382 0.005708979908376932 78
1585027007269 0.006376019213348627 79
1585027039239 0.00687275268137455 80
1585027071220 0.006176142953336239 81
1585027103449 0.004752997308969498 82
1585027135970 0.006825790274888277 83
1585027167672 0.006323898211121559 84
1585027199602 0.006387100089341402 85
1585027231491 0.006622685585170984 86
1585027263060 0.0061365761794149876 87
1585027295235 0.0072903078980743885 88
1585027327440 0.006207938771694899 89
1585027359478 0.0065185376442968845 90
1585027391818 0.006798023357987404 91
1585027423644 0.00661506550386548 92
1585027455797 0.006642597261816263 93
1585027487858 0.006912834011018276 94
1585027519898 0.00727895088493824 95
1585027551871 0.007063187658786774 96
1585027584161 0.008457435294985771 97
1585027616339 0.006633954122662544 98
1585027648195 0.00691843731328845 99
1585027680170 0.00721076549962163 100
1585027712236 0.006884363945573568 101
1585027744105 0.007603103294968605 102
1585027776324 0.006663502659648657 103
1585027808615 0.006743744481354952 104
1585027840809 0.007072287146002054 105
1585027872631 0.006308224517852068 106
1585027904249 0.005840347148478031 107
1585027936097 0.0070733982138335705 108
1585027968150 0.006660712417215109 109
1585028000214 0.006270542740821838 110
1585028032301 0.007618423085659742 111
1585028064233 0.006881220731884241 112
1585028096190 0.00615124823525548 113
1585028128289 0.006891229189932346 114
1585028160304 0.006494274362921715 115
1585028192368 0.006402562838047743 116
1585028224634 0.005746717099100351 117
1585028256799 0.005582892801612616 118
1585028288864 0.005910899024456739 119
1585028320685 0.005910190287977457 120
1585028352984 0.006731901317834854 121
1585028384927 0.005680258851498365 122
1585028417175 0.006038534455001354 123
1585028449261 0.005700571462512016 124
1585028481758 0.004912361036986113 125
1585028514003 0.004977033939212561 126
1585028546064 0.004010769538581371 127
1585028578441 0.004560582339763641 128
1585028609956 0.004388281609863043 129
1585028642345 0.003743716049939394 130
1585028674125 0.0044081080704927444 131
1585028706173 0.003936701454222202 132
1585028738591 0.0035817851312458515 133
1585028770569 0.0031448130030184984 134
1585028802625 0.003014407819136977 135
1585028834765 0.003041108138859272 136
1585028866824 0.0032973692286759615 137
1585028898961 0.0030754762701690197 138
1585028931616 0.0031754758674651384 139
1585028963666 0.002698731841519475 140
1585028995840 0.002194155240431428 141
1585029028232 0.0030180516187101603 142
1585029060335 0.002993042813614011 143
1585029091923 0.002992817899212241 144
1585029123972 0.0017937927041202784 145
1585029155749 0.0034893229603767395 146
1585029187710 0.004137078300118446 147
1585029219866 0.0020461739040911198 148
1585029252184 0.0014477676013484597 149
1585029284497 0.0031395533587783575 150
1585029316899 0.0037541852798312902 151
1585029349013 0.0014851342421025038 152
1585029381014 0.0020512547343969345 153
1585029413120 0.002526617841795087 154
1585029445337 0.0019460966577753425 155
1585029477227 0.003361658426001668 156
1585029509389 0.002812356222420931 157
1585029541168 0.0008448016596958041 158
1585029573085 0.0032906632404774427 159
1585029605332 0.0021665855310857296 160
1585029637394 0.0016711836215108633 161
1585029669268 0.0018399001564830542 162
1585029701310 0.0024977405555546284 163
1585029733110 0.0032392169814556837 164
1585029765355 0.001153071760199964 165
1585029797212 0.0015418535331264138 166
1585029829588 0.002540652174502611 167
1585029861696 0.002974642440676689 168
1585029893545 0.003020981792360544 169
1585029925578 0.0030590437818318605 170
1585029957808 0.0011732233688235283 171
1585029990058 0.0022379648871719837 172
1585030022096 0.002415129216387868 173
1585030053809 0.0017474418273195624 174
1585030085513 0.0018481003353372216 175
1585030117552 0.0020957684610038996 176
1585030149689 0.00412573479115963 177
1585030182904 0.00529392808675766 178
1585030214704 0.002514622872695327 179
1585030246617 0.003043900243937969 180
1585030278739 0.003168700961396098 181
1585030310512 0.001987795578315854 182
1585030342338 0.003098313929513097 183
1585030374347 0.0016051441198214889 184
1585030406329 0.0030538851860910654 185
1585030438678 0.0013025194639340043 186
1585030470830 0.0018876927206292748 187
1585030503267 0.002547220326960087 188
1585030535102 0.0018132871482521296 189
1585030567088 0.0022038475144654512 190
1585030599034 0.0015284527326002717 191
1585030630850 0.0028460854664444923 192
1585030662483 0.004032324068248272 193
1585030695020 0.0025569098070263863 194
1585030727189 0.0024990071542561054 195
1585030758812 0.0023814616724848747 196
1585030790729 0.003911908715963364 197
1585030823022 0.003643876174464822 198
1585030855140 0.002628517569974065 199
1585030887113 0.0029354155994951725 200
1585030919798 0.002371051348745823 201
1585030951966 0.005547836422920227 202
1585030984226 0.0021116556599736214 203
1585031016544 0.0022973385639488697 204
1585031049117 0.004042817745357752 205
1585031081150 0.0018702788511291146 206
1585031113696 0.0032987045124173164 207
1585031145705 0.002286775503307581 208
1585031177804 0.0019201899413019419 209
1585031209801 0.0007950019789859653 210
1585031242035 0.004037158563733101 211
1585031274464 0.002531903563067317 212
1585031306591 0.0024732891470193863 213
1585031338384 0.0026729817036539316 214
1585031370476 0.002325130393728614 215
1585031402679 0.0019362384919077158 216
1585031434380 0.0014985789312049747 217
1585031466149 0.0017223227769136429 218
1585031497887 0.001694055856205523 219
1585031529905 0.004351736046373844 220
1585031561959 0.002579879481345415 221
1585031593772 0.0014277247246354818 222
1585031625942 0.002835220890119672 223
1585031658386 0.0016662586713209748 224
1585031690425 0.0026467572897672653 225
1585031722356 0.0016818727599456906 226
1585031754586 0.003493851749226451 227
1585031786497 0.002638810547068715 228
1585031818254 0.002166674705222249 229
1585031850148 0.004647344350814819 230
1585031882467 0.0019797692075371742 231
1585031915694 0.0036333256866782904 232
1585031947780 0.003439666936174035 233
1585031980288 0.0035410088021308184 234
1585032012392 0.0029706405475735664 235
1585032044940 0.003089634468778968 236
1585032077245 0.002635363722220063 237
1585032109097 0.002827861811965704 238
1585032141046 0.0015828103059902787 239
1585032173118 0.0027073065284639597 240
1585032205964 0.0012658498017117381 241
1585032238388 0.0025430184323340654 242
1585032270478 0.003362364834174514 243
1585032302529 0.0031667121220380068 244
1585032334455 0.001999952830374241 245
1585032365931 0.0016396783757954836 246
1585032398529 0.0012118919985368848 247
1585032430744 0.0031885169446468353 248
1585032462853 0.0023663330357521772 249
1585032494953 0.002432089066132903 250
1585032526560 0.0017987212631851435 251
1585032558542 0.00447059003636241 252
1585032590263 0.004500728100538254 253
1585032622076 0.0015028375200927258 254
1585032654052 0.0023062557447701693 255
1585032686032 0.0039512463845312595 256
1585032718069 0.0010710065253078938 257
1585032749776 0.005860318895429373 258
1585032781354 0.0034804344177246094 259
1585032813620 0.0028549404814839363 260
1585032845979 0.002184774959459901 261
1585032878910 0.0028663051780313253 262
1585032910810 0.0025055306032299995 263
1585032942788 0.0023077940568327904 264
1585032974820 0.003674277337267995 265
1585033007502 0.0016447963425889611 266
1585033040206 0.00188147381413728 267
1585033072235 0.0016640620306134224 268
1585033104386 0.0026218974962830544 269
1585033136540 0.0007220794213935733 270
1585033168582 0.000922494160477072 271
1585033200272 0.0070676920004189014 272
1585033232144 0.0009143942152149975 273
1585033264383 0.0017302875639870763 274
1585033296384 0.0017953020287677646 275
1585033328339 0.0033690568525344133 276
1585033360322 0.003034500405192375 277
1585033391977 0.002647718181833625 278
1585033424011 0.0032946933060884476 279
1585033456297 0.0017860629595816135 280
1585033489304 0.0026022768579423428 281
1585033520951 0.0016717681428417563 282
1585033553088 0.002512807259336114 283
1585033585625 0.0010820081224665046 284
1585033617593 0.0036942462902516127 285
1585033650612 0.0029438785277307034 286
1585033682462 0.0014683620538562536 287
1585033714741 0.005630158819258213 288
1585033746520 0.001511511392891407 289
1585033778936 0.002163840690627694 290
1585033811589 0.002796678338199854 291
1585033843553 0.002589910291135311 292
1585033875285 0.0026935769710689783 293
1585033906956 0.0015417513204738498 294
1585033938745 0.0014242923352867365 295
1585033970535 0.006223278120160103 296
1585034002439 0.0019285558955743909 297
1585034034105 0.0028609686996787786 298
1585034065772 0.0062223197892308235 299
1585034097828 0.001315528410486877 300
1585034129799 0.00112256093416363 301
1585034161742 0.004512053448706865 302
1585034194460 0.002978274365887046 303
1585034226618 0.003762083360925317 304
1585034258463 0.003302315715700388 305
1585034290542 0.003198533318936825 306
1585034322706 0.002056289231404662 307
1585034354849 0.0031838910654187202 308
1585034387003 0.0028064483776688576 309
1585034419037 0.0026619380805641413 310
1585034451204 0.0018595249857753515 311
1585034483318 0.002415637718513608 312
1585034515290 0.0019196458160877228 313
1585034547236 0.003687431337311864 314
1585034579419 0.0016436045989394188 315
1585034612064 0.0012224781094118953 316
1585034643985 0.001840552780777216 317
1585034676344 0.002922210842370987 318
1585034708647 0.002644965425133705 319
1585034741066 0.0018313138280063868 320
1585034773260 0.002724373945966363 321
1585034805294 0.002335840370506048 322
1585034837543 0.0023714122362434864 323
1585034869664 0.0011621251469478011 324
1585034901625 0.003194433869794011 325
1585034933493 0.0025263007264584303 326
1585034965208 0.003238691482692957 327
1585034997128 0.002060709986835718 328
1585035029465 0.002005913993343711 329
1585035061202 0.0007219231338240206 330
1585035092816 0.0015958695439621806 331
1585035125211 0.0037970442790538073 332
1585035157247 0.002128838561475277 333
1585035189315 0.0016484856605529785 334
1585035221442 0.0012722108513116837 335
1585035253571 0.006136767100542784 336
1585035285558 0.0025550671853125095 337
1585035317676 0.0033364028204232454 338
1585035349612 0.002467591781169176 339
1585035381803 0.004644336644560099 340
1585035413639 0.004121656063944101 341
1585035445604 0.001523145823739469 342
1585035477819 0.0036669643595814705 343
1585035510240 0.0035159189719706774 344
1585035542041 0.0017631418304517865 345
1585035574001 0.0025968465488404036 346
1585035605788 0.0030768902506679296 347
1585035638483 0.0013984236866235733 348
1585035670756 0.0023673572577536106 349
1585035702897 0.002063862280920148 350
1585035734743 0.0017975829541683197 351
1585035767275 0.0029361869674175978 352
1585035799462 0.0016247015446424484 353
1585035831925 0.0024987885262817144 354
1585035864045 0.0014289498794823885 355
1585035896564 0.002867778530344367 356
1585035928552 0.000664617691654712 357
1585035960733 0.0024376544170081615 358
1585035992691 0.0022703958675265312 359
1585036024813 0.0006040393491275609 360
1585036056986 0.0028410558588802814 361
1585036089103 0.0025555321481078863 362
1585036121141 0.0009248079732060432 363
1585036153166 0.0013510067947208881 364
1585036185167 0.0025941517669707537 365
1585036217991 0.004300396423786879 366
1585036250152 0.0012078732252120972 367
1585036282657 0.0015361136756837368 368
1585036314987 0.003259392688050866 369
1585036347165 0.0018656682223081589 370
1585036379669 0.0026013387832790613 371
1585036412038 0.004885299131274223 372
1585036444319 0.001426256843842566 373
1585036476273 0.0035353333223611116 374
1585036507944 0.0018239303026348352 375
1585036540084 0.004973475355654955 376
1585036572208 0.0023556272499263287 377
1585036604104 0.0017923582345247269 378
1585036636010 0.002573503414168954 379
1585036669172 0.002654347335919738 380
1585036700975 0.0032251805532723665 381
1585036733399 0.0017057106597349048 382
1585036765807 0.0015729224542155862 383
1585036798177 0.0016036592423915863 384
1585036830195 0.001391666242852807 385
1585036862672 0.0016240660334005952 386
1585036895217 0.0013245453592389822 387
1585036927209 0.0012886327458545566 388
1585036959010 0.0011303939390927553 389
1585036991053 0.002271843608468771 390
1585037023201 0.0014752866700291634 391
1585037055011 0.003536238567903638 392
1585037087049 0.0029356959275901318 393
1585037120052 0.003212067997083068 394
1585037152262 0.0014717959566041827 395
1585037184350 0.0016026285011321306 396
1585037216748 0.0022700277622789145 397
1585037248914 0.005223859567195177 398
1585037280916 0.0023141764104366302 399
1585037313686 0.0016654280479997396 400
1585037345867 0.0024395908694714308 401
1585037378160 0.0018796672811731696 402
1585037410541 0.00225447048433125 403
1585037442862 0.0024865989107638597 404
1585037475010 0.002411135006695986 405
1585037507549 0.0017806614050641656 406
1585037539448 0.00197734241373837 407
1585037571687 0.002959807636216283 408
1585037603584 0.0010720031568780541 409
1585037635805 0.001987512456253171 410
1585037668465 0.0013357661664485931 411
1585037700404 0.0011297737946733832 412
1585037732341 0.004128255881369114 413
1585037764467 0.0015342978294938803 414
1585037796950 0.0013584078988060355 415
1585037828813 0.0026575967203825712 416
1585037860855 0.0036742526572197676 417
1585037893545 0.0020540389232337475 418
1585037926010 0.004587444011121988 419
1585037958314 0.0024141345638781786 420
1585037990935 0.005163304507732391 421
1585038022674 0.00226762518286705 422
1585038054436 0.0021352432668209076 423
1585038086943 0.0019530454883351922 424
1585038119366 0.002602591412141919 425
1585038151408 0.0025053848512470722 426
1585038183586 0.003282881109043956 427
1585038215324 0.00253515993244946 428
1585038248712 0.0012265235418453813 429
1585038280355 0.0020660110749304295 430
1585038312532 0.002675986383110285 431
1585038344656 0.002310008043423295 432
1585038376885 0.002309793373569846 433
1585038409088 0.0020720812026411295 434
1585038441285 0.000981642515398562 435
1585038473167 0.0021747294813394547 436
1585038505148 0.0015081694582477212 437
1585038537116 0.0025994733441621065 438
1585038568942 0.0006603155052289367 439
1585038601504 0.0017913180636242032 440
1585038633783 0.0015932649839669466 441
1585038665472 0.0011668386869132519 442
1585038697589 0.001641831360757351 443
1585038729076 0.0032168899197131395 444
1585038761786 0.0015726159326732159 445
1585038793590 0.0036560604348778725 446
1585038825252 0.002525028306990862 447
1585038857077 0.0023150029592216015 448
1585038889427 0.001562272198498249 449
1585038921529 0.0034131978172808886 450
1585038953909 0.0011988789774477482 451
1585038985640 0.0022384461481124163 452
1585039017859 0.002116293413564563 453
1585039049566 0.0030643418431282043 454
1585039081500 0.0009281504899263382 455
1585039113610 0.0021253006998449564 456
1585039145732 0.0023537108208984137 457
1585039177698 0.002480381401255727 458
1585039210280 0.0028301177080720663 459
1585039242031 0.0017244581831619143 460
1585039273576 0.0013057029573246837 461
1585039305537 0.0015358595410361886 462
1585039337978 0.00191405788064003 463
1585039370006 0.0013978644274175167 464
1585039402033 0.0014484041603282094 465
1585039434336 0.0047364733181893826 466
1585039466739 0.0013156887143850327 467
1585039499018 0.0019217242952436209 468
1585039531147 0.002645280910655856 469
1585039562961 0.0022970193531364202 470
1585039595019 0.0039108553901314735 471
1585039627257 0.0016471868148073554 472
1585039659181 0.004554286599159241 473
1585039691256 0.002314481185749173 474
1585039723131 0.0036166422069072723 475
1585039755831 0.0029159996192902327 476
1585039787830 0.0014686441281810403 477
1585039820946 0.0016529442509636283 478
1585039853169 0.0038421344943344593 479
1585039885319 0.001675731735303998 480
1585039918231 0.0028327442705631256 481
1585039950896 0.002738413866609335 482
1585039983146 0.0015142746269702911 483
1585040015207 0.011387549340724945 484
1585040047329 0.0037828837521374226 485
1585040079134 0.0023558097891509533 486
1585040111395 0.002789593767374754 487
1585040143408 0.0015518417349085212 488
1585040175607 0.0022400589659810066 489
1585040207841 0.0027268091216683388 490
1585040239925 0.002932171104475856 491
1585040272017 0.0011856245109811425 492
1585040303969 0.0022076808381825686 493
1585040336148 0.0017069322057068348 494
1585040368302 0.003650980768725276 495
1585040400080 0.0023117975797504187 496
1585040431905 0.0019932417199015617 497
1585040463919 0.0020868738647550344 498
1585040495864 0.002089273650199175 499
1585040528254 0.0018747685244306922 500
