1585024441558 0.30811119079589844 0
1585024474354 0.4412682056427002 1
1585024507716 0.6085289120674133 2
1585024540684 0.6736812591552734 3
1585024574032 0.67976313829422 4
1585024607391 0.6757315397262573 5
1585024640976 0.67746502161026 6
1585024674226 0.6831059455871582 7
1585024707776 0.6787254810333252 8
1585024741414 0.6789222955703735 9
1585024775194 0.6816486120223999 10
1585024808840 0.6809662580490112 11
1585024842003 0.6994398236274719 12
1585024875301 0.7092470526695251 13
1585024908621 0.7379134893417358 14
1585024942493 0.7605730295181274 15
1585024975639 0.7650623321533203 16
1585025009035 0.7844583988189697 17
1585025042875 0.7866083383560181 18
1585025075800 0.7940850257873535 19
1585025109029 0.7961211204528809 20
1585025142172 0.7872596979141235 21
1585025175324 0.772408664226532 22
1585025208598 0.7963371276855469 23
1585025242015 0.7827470898628235 24
1585025275391 0.790359616279602 25
1585025308591 0.7889187335968018 26
1585025342289 0.7940324544906616 27
1585025375765 0.7914628982543945 28
1585025409211 0.8084324598312378 29
1585025442566 0.8131023645401001 30
1585025475561 0.8211577534675598 31
1585025508954 0.825107753276825 32
1585025541982 0.8450677394866943 33
1585025575510 0.8438634276390076 34
1585025608371 0.8415824770927429 35
1585025640789 0.8463871479034424 36
1585025673163 0.8490391373634338 37
1585025705659 0.8589433431625366 38
1585025737801 0.8526802659034729 39
1585025770237 0.8553034067153931 40
1585025802682 0.8576799631118774 41
1585025835085 0.8593195080757141 42
1585025867688 0.8552079796791077 43
1585025900253 0.86656653881073 44
1585025932776 0.8575739860534668 45
1585025965160 0.8588882684707642 46
1585025997811 0.8589578866958618 47
1585026031156 0.8600767850875854 48
1585026063747 0.8608866930007935 49
1585026096298 0.8540968298912048 50
1585026129328 0.8713164329528809 51
1585026161559 0.8600808382034302 52
1585026193331 0.8665693998336792 53
1585026225045 0.8674512505531311 54
1585026257808 0.8590273857116699 55
1585026289854 0.8598056435585022 56
1585026321371 0.8715367317199707 57
1585026353128 0.8659744262695312 58
1585026384966 0.8706600666046143 59
1585026416804 0.8745962381362915 60
1585026449174 0.869818925857544 61
1585026481184 0.8636239767074585 62
1585026513483 0.8636828064918518 63
1585026545800 0.8762916326522827 64
1585026578030 0.8733984231948853 65
1585026610152 0.8717871308326721 66
1585026642279 0.8727185726165771 67
1585026674077 0.8747192621231079 68
1585026706214 0.8739109039306641 69
1585026738340 0.8732739686965942 70
1585026770456 0.871780276298523 71
1585026802304 0.8709430694580078 72
1585026834095 0.8785243034362793 73
1585026865883 0.8720017671585083 74
1585026897823 0.8757175207138062 75
1585026929987 0.8747951984405518 76
1585026961981 0.8739475011825562 77
1585026994310 0.8760780096054077 78
1585027026246 0.8740798234939575 79
1585027058127 0.882301926612854 80
1585027090414 0.8788752555847168 81
1585027122961 0.8728271722793579 82
1585027154682 0.8691997528076172 83
1585027186495 0.8774497509002686 84
1585027218396 0.8816335201263428 85
1585027250085 0.8802984952926636 86
1585027282228 0.8868025541305542 87
1585027314482 0.8811095952987671 88
1585027346465 0.879791259765625 89
1585027378661 0.8850953578948975 90
1585027410794 0.8812471628189087 91
1585027442866 0.8805264234542847 92
1585027474891 0.889244794845581 93
1585027506912 0.8833973407745361 94
1585027538828 0.8879018425941467 95
1585027571164 0.8792908191680908 96
1585027603342 0.8948413133621216 97
1585027635439 0.8900493383407593 98
1585027667223 0.8889017701148987 99
1585027699198 0.8884668350219727 100
1585027731436 0.8894927501678467 101
1585027763380 0.8893132209777832 102
1585027795442 0.8909444212913513 103
1585027827750 0.8902316093444824 104
1585027859533 0.8947151899337769 105
1585027891373 0.8914803266525269 106
1585027922749 0.8866636753082275 107
1585027955150 0.8959404230117798 108
1585027987093 0.8883448839187622 109
1585028019200 0.8871630430221558 110
1585028051352 0.8931088447570801 111
1585028083134 0.8901385068893433 112
1585028115365 0.8846380710601807 113
1585028147340 0.8917160034179688 114
1585028179458 0.8947311639785767 115
1585028211526 0.8927133083343506 116
1585028243640 0.8895255327224731 117
1585028275828 0.8823003768920898 118
1585028307657 0.8873554468154907 119
1585028339643 0.8902316093444824 120
1585028371757 0.887550950050354 121
1585028404295 0.8835386037826538 122
1585028436299 0.8868995904922485 123
1585028468783 0.8914396166801453 124
1585028500866 0.881621778011322 125
1585028533051 0.8821760416030884 126
1585028565470 0.8818982839584351 127
1585028597340 0.8803154230117798 128
1585028629150 0.8805618286132812 129
1585028661238 0.8799000978469849 130
1585028693175 0.8801989555358887 131
1585028725445 0.8782608509063721 132
1585028757720 0.8691255450248718 133
1585028789767 0.8735989928245544 134
1585028821792 0.8788832426071167 135
1585028853766 0.8763821125030518 136
1585028885991 0.8731533288955688 137
1585028918100 0.8804689645767212 138
1585028950776 0.8704031705856323 139
1585028982922 0.8689960241317749 140
1585029015008 0.8653099536895752 141
1585029047309 0.8738270998001099 142
1585029078933 0.8742004632949829 143
1585029111091 0.8686498999595642 144
1585029143031 0.8703703880310059 145
1585029174693 0.8676543831825256 146
1585029206820 0.8718445897102356 147
1585029238903 0.871216893196106 148
1585029271472 0.868592381477356 149
1585029303712 0.8686511516571045 150
1585029336053 0.8688963055610657 151
1585029367995 0.8671470880508423 152
1585029399952 0.8631651401519775 153
1585029432238 0.8668155670166016 154
1585029464202 0.8688454031944275 155
1585029496405 0.8687628507614136 156
1585029528489 0.8710373640060425 157
1585029560186 0.866274356842041 158
1585029592572 0.8689817190170288 159
1585029624409 0.8700953722000122 160
1585029656531 0.8681637644767761 161
1585029688334 0.8671510219573975 162
1585029720116 0.865393877029419 163
1585029752370 0.8721470832824707 164
1585029784238 0.8703993558883667 165
1585029816546 0.8682647943496704 166
1585029848713 0.8642761707305908 167
1585029880658 0.8636695146560669 168
1585029912839 0.8699591159820557 169
1585029944770 0.8707190752029419 170
1585029976870 0.867376446723938 171
1585030009117 0.8683367967605591 172
1585030041143 0.873123288154602 173
1585030072358 0.8678063154220581 174
1585030104673 0.870621919631958 175
1585030136734 0.8722912669181824 176
1585030168748 0.8705942630767822 177
1585030201721 0.868470311164856 178
1585030233578 0.8715354204177856 179
1585030265346 0.8714028596878052 180
1585030297529 0.8733540177345276 181
1585030329319 0.872521698474884 182
1585030361350 0.8719020485877991 183
1585030393362 0.8711919188499451 184
1585030425702 0.8669583797454834 185
1585030457831 0.867388129234314 186
1585030489982 0.869482159614563 187
1585030522107 0.8714423179626465 188
1585030554128 0.868064284324646 189
1585030586087 0.8652904629707336 190
1585030617722 0.8678154945373535 191
1585030649565 0.8679450154304504 192
1585030681999 0.8711357116699219 193
1585030714191 0.8714516162872314 194
1585030745815 0.8667082786560059 195
1585030777700 0.869995653629303 196
1585030809744 0.8696904182434082 197
1585030842068 0.8695542216300964 198
1585030874325 0.8736737966537476 199
1585030906852 0.8655275106430054 200
1585030938763 0.868030309677124 201
1585030971248 0.8737459182739258 202
1585031003430 0.8698187470436096 203
1585031035826 0.8692160844802856 204
1585031068049 0.8736605644226074 205
1585031100337 0.8660426139831543 206
1585031132706 0.869539737701416 207
1585031164876 0.864844799041748 208
1585031196839 0.8693720102310181 209
1585031229077 0.8661224246025085 210
1585031261228 0.8738701939582825 211
1585031293628 0.8739135265350342 212
1585031325367 0.863423228263855 213
1585031357524 0.8680278062820435 214
1585031389703 0.8728809356689453 215
1585031421521 0.8681520223617554 216
1585031453315 0.8661224246025085 217
1585031484890 0.867114245891571 218
1585031517128 0.8697022199630737 219
1585031548956 0.8671207427978516 220
1585031580860 0.8648607730865479 221
1585031612862 0.8715103268623352 222
1585031645447 0.8675861954689026 223
1585031677438 0.8692200779914856 224
1585031709366 0.8721221089363098 225
1585031741378 0.8677641153335571 226
1585031773411 0.8627533912658691 227
1585031805179 0.8692933917045593 228
1585031837131 0.8672913312911987 229
1585031869461 0.8657869100570679 230
1585031902697 0.8680237531661987 231
1585031934787 0.8707451820373535 232
1585031966861 0.868482232093811 233
1585031999386 0.8672218322753906 234
1585032031942 0.8704726696014404 235
1585032064266 0.8707373738288879 236
1585032096250 0.8738819360733032 237
1585032128261 0.8667631149291992 238
1585032160359 0.8670461177825928 239
1585032192996 0.8665260672569275 240
1585032225178 0.8705381751060486 241
1585032257483 0.8751569390296936 242
1585032289534 0.8663754463195801 243
1585032321690 0.8716769218444824 244
1585032353269 0.8726228475570679 245
1585032385225 0.8689723014831543 246
1585032417708 0.8714423179626465 247
1585032450044 0.8698740005493164 248
1585032481984 0.8694690465927124 249
1585032513845 0.8680695295333862 250
1585032545544 0.8696354627609253 251
1585032577579 0.8671377897262573 252
1585032609040 0.8690273761749268 253
1585032641256 0.866262674331665 254
1585032673254 0.8717581033706665 255
1585032705128 0.8657334446907043 256
1585032736778 0.8716769218444824 257
1585032768453 0.8669834136962891 258
1585032800652 0.8676228523254395 259
1585032832719 0.8690524101257324 260
1585032865222 0.8651422262191772 261
1585032897824 0.8690404891967773 262
1585032929744 0.8761160969734192 263
1585032961830 0.8674066662788391 264
1585032994498 0.8680262565612793 265
1585033027394 0.8724538683891296 266
1585033059415 0.8705762028694153 267
1585033091384 0.8665273785591125 268
1585033123660 0.8693732619285583 269
1585033155807 0.8689709901809692 270
1585033187266 0.8650847673416138 271
1585033219369 0.8674575090408325 272
1585033251358 0.8709271550178528 273
1585033283676 0.8665717244148254 274
1585033315451 0.868582010269165 275
1585033347319 0.866693913936615 276
1585033379180 0.8686645030975342 277
1585033411076 0.8654974699020386 278
1585033443313 0.8664957880973816 279
1585033475878 0.8709417581558228 280
1585033508200 0.8704423904418945 281
1585033540112 0.8677211999893188 282
1585033572559 0.8629436492919922 283
1585033604623 0.8713557720184326 284
1585033636987 0.8719544410705566 285
1585033669725 0.8731653094291687 286
1585033701787 0.8735359907150269 287
1585033733740 0.8707084655761719 288
1585033765901 0.8686237931251526 289
1585033798602 0.869078516960144 290
1585033830790 0.8723844289779663 291
1585033862541 0.8728440999984741 292
1585033894194 0.8697755932807922 293
1585033926119 0.8666832447052002 294
1585033957873 0.8682517409324646 295
1585033989686 0.8710662722587585 296
1585034021394 0.8664435744285583 297
1585034053009 0.8664685487747192 298
1585034084837 0.8630157709121704 299
1585034116814 0.8677105903625488 300
1585034148874 0.8694571256637573 301
1585034181746 0.8699288368225098 302
1585034213606 0.8699512481689453 303
1585034245601 0.870707094669342 304
1585034277608 0.8735516667366028 305
1585034309718 0.8685673475265503 306
1585034341863 0.8682754635810852 307
1585034373997 0.8687339425086975 308
1585034406138 0.8733839988708496 309
1585034438225 0.862460196018219 310
1585034470323 0.8723962306976318 311
1585034502269 0.8694440126419067 312
1585034534187 0.8692226409912109 313
1585034566372 0.8708827495574951 314
1585034598876 0.8728809356689453 315
1585034631077 0.8723855018615723 316
1585034663241 0.8695265054702759 317
1585034695250 0.8655551671981812 318
1585034728033 0.8690260648727417 319
1585034759903 0.868820309638977 320
1585034792302 0.8670552968978882 321
1585034824465 0.8678874969482422 322
1585034856694 0.869303822517395 323
1585034888759 0.8688898086547852 324
1585034920679 0.8692213296890259 325
1585034952467 0.8679569959640503 326
1585034983843 0.8702170848846436 327
1585035016071 0.866307258605957 328
1585035048510 0.8688308000564575 329
1585035080123 0.8665863871574402 330
1585035112011 0.8691335916519165 331
1585035144252 0.8677330017089844 332
1585035176294 0.8726491332054138 333
1585035208460 0.8651542067527771 334
1585035240578 0.8699301481246948 335
1585035272565 0.865541934967041 336
1585035304607 0.8712877035140991 337
1585035336683 0.8669596910476685 338
1585035368810 0.8686394691467285 339
1585035400650 0.8678295612335205 340
1585035432793 0.867051362991333 341
1585035464819 0.8703311681747437 342
1585035496867 0.8695385456085205 343
1585035529056 0.8706666231155396 344
1585035561013 0.8652828335762024 345
1585035592769 0.8663464784622192 346
1585035624592 0.8679280281066895 347
1585035657782 0.8700165748596191 348
1585035690002 0.8625690340995789 349
1585035721887 0.8731076121330261 350
1585035753910 0.875438392162323 351
1585035786455 0.8650139570236206 352
1585035818628 0.8690417408943176 353
1585035851079 0.8690167665481567 354
1585035883393 0.8685349225997925 355
1585035915544 0.8641976118087769 356
1585035947705 0.8702590465545654 357
1585035979474 0.8642250299453735 358
1585036011778 0.8707320690155029 359
1585036044004 0.868192732334137 360
1585036076140 0.869545042514801 361
1585036108280 0.8720632791519165 362
1585036140278 0.866971492767334 363
1585036172190 0.8706456422805786 364
1585036204401 0.8680838942527771 365
1585036237157 0.8687338829040527 366
1585036269654 0.8674787282943726 367
1585036301988 0.8632138967514038 368
1585036334165 0.8691518902778625 369
1585036366335 0.8677039742469788 370
1585036399054 0.8747259378433228 371
1585036430952 0.8699145317077637 372
1585036463308 0.8744507431983948 373
1585036495153 0.8730238676071167 374
1585036527060 0.8680144548416138 375
1585036559217 0.8677918910980225 376
1585036591131 0.8712877035140991 377
1585036623097 0.8697400689125061 378
1585036656211 0.8691532015800476 379
1585036687981 0.871218204498291 380
1585036719959 0.865475058555603 381
1585036752675 0.8733289241790771 382
1585036784812 0.8684848546981812 383
1585036817449 0.8762025237083435 384
1585036849521 0.8711905479431152 385
1585036881796 0.8718287944793701 386
1585036914288 0.8680864572525024 387
1585036946303 0.8674145340919495 388
1585036977870 0.8738977909088135 389
1585037010299 0.8654830455780029 390
1585037042091 0.8685306310653687 391
1585037074064 0.8711106777191162 392
1585037107293 0.8712025284767151 393
1585037139173 0.8692895174026489 394
1585037171379 0.8703298568725586 395
1585037203627 0.8699955940246582 396
1585037235949 0.8688898086547852 397
1585037267920 0.8656139373779297 398
1585037300670 0.8685950040817261 399
1585037332654 0.8671510219573975 400
1585037365097 0.870495080947876 401
1585037397449 0.8671667575836182 402
1585037429691 0.8719127178192139 403
1585037461981 0.8682898283004761 404
1585037494148 0.8676555156707764 405
1585037526451 0.8681454658508301 406
1585037558692 0.8703324794769287 407
1585037590444 0.8660675883293152 408
1585037622702 0.8708709478378296 409
1585037654836 0.8714396357536316 410
1585037687623 0.8749825954437256 411
1585037719491 0.8681927919387817 412
1585037751501 0.8668088912963867 413
1585037783717 0.8719661831855774 414
1585037815835 0.8673750758171082 415
1585037847618 0.8731089234352112 416
1585037880039 0.8694413900375366 417
1585037912780 0.8709561228752136 418
1585037945174 0.8687192797660828 419
1585037977971 0.8679556846618652 420
1585038009936 0.8765223026275635 421
1585038041701 0.873841404914856 422
1585038074227 0.8727720975875854 423
1585038106322 0.8688203692436218 424
1585038138396 0.8696771860122681 425
1585038170578 0.8699849843978882 426
1585038202574 0.8685699701309204 427
1585038235850 0.8707177042961121 428
1585038267641 0.8674484491348267 429
1585038299531 0.8699970245361328 430
1585038331675 0.8678624629974365 431
1585038364067 0.8716939091682434 432
1585038396073 0.8697348833084106 433
1585038428241 0.8653348684310913 434
1585038460299 0.87099289894104 435
1585038492261 0.8692895174026489 436
1585038524403 0.8683433532714844 437
1585038556213 0.86888587474823 438
1585038588180 0.8681116104125977 439
1585038620867 0.8709824681282043 440
1585038652494 0.8705499172210693 441
1585038684890 0.8668192625045776 442
1585038716148 0.8713874220848083 443
1585038748681 0.8736789226531982 444
1585038780749 0.8739526271820068 445
1585038812359 0.8650006651878357 446
1585038844056 0.8659156560897827 447
1585038876412 0.8717488050460815 448
1585038908576 0.8688321113586426 449
1585038940767 0.8659992814064026 450
1585038972824 0.864920973777771 451
1585039004760 0.8697599172592163 452
1585039036749 0.8689683675765991 453
1585039068519 0.8705002665519714 454
1585039100624 0.8714409470558167 455
1585039132804 0.8691202402114868 456
1585039164842 0.8733552694320679 457
1585039196972 0.8686367869377136 458
1585039229273 0.8636564612388611 459
1585039260587 0.8706679344177246 460
1585039292557 0.8717043399810791 461
1585039324907 0.8699983358383179 462
1585039356905 0.868082582950592 463
1585039389364 0.8707882165908813 464
1585039421183 0.8701778650283813 465
1585039453506 0.8677264451980591 466
1585039485831 0.8717239499092102 467
1585039518134 0.8711344003677368 468
1585039549945 0.8687456250190735 469
1585039582019 0.8694545030593872 470
1585039614205 0.8767857551574707 471
1585039645961 0.8692998886108398 472
1585039678257 0.8743996620178223 473
1585039710145 0.8733552694320679 474
1585039742354 0.8697453141212463 475
1585039775028 0.8749802112579346 476
1585039807579 0.8686537742614746 477
1585039840124 0.8684861660003662 478
1585039872330 0.8703152537345886 479
1585039905245 0.8706389665603638 480
1585039937651 0.8724863529205322 481
1585039969988 0.8650113344192505 482
1585040002200 0.869996964931488 483
1585040034388 0.8676774501800537 484
1585040066398 0.8748687505722046 485
1585040098321 0.8743158578872681 486
1585040130436 0.8731222152709961 487
1585040162471 0.8750400543212891 488
1585040194806 0.8696954250335693 489
1585040226936 0.8698607087135315 490
1585040258734 0.8717738389968872 491
1585040290981 0.8767449855804443 492
1585040323126 0.8714526295661926 493
1585040354947 0.866763174533844 494
1585040387121 0.8724828362464905 495
1585040418919 0.8740378022193909 496
1585040450790 0.8693863153457642 497
1585040482727 0.8720842599868774 498
1585040515223 0.8701121807098389 499
1585040547208 0.8746170997619629 500
