1585024441558 0.8410864472389221 0
1585024474354 0.7485034465789795 1
1585024507716 0.6988341808319092 2
1585024540684 0.6704403162002563 3
1585024574032 0.6592077016830444 4
1585024607391 0.6460015773773193 5
1585024640976 0.626613199710846 6
1585024674226 0.5985516309738159 7
1585024707776 0.5827245116233826 8
1585024741414 0.5591520071029663 9
1585024775194 0.5393596291542053 10
1585024808840 0.5229038000106812 11
1585024842003 0.5070202946662903 12
1585024875301 0.49263715744018555 13
1585024908621 0.4787532687187195 14
1585024942493 0.4675300717353821 15
1585024975639 0.45707595348358154 16
1585025009035 0.44589585065841675 17
1585025042875 0.43580299615859985 18
1585025075800 0.4253268837928772 19
1585025109029 0.4167163372039795 20
1585025142172 0.4095993936061859 21
1585025175324 0.40699273347854614 22
1585025208598 0.3964177370071411 23
1585025242015 0.3911179304122925 24
1585025275391 0.38429024815559387 25
1585025308591 0.37933793663978577 26
1585025342289 0.37556585669517517 27
1585025375765 0.3716101348400116 28
1585025409211 0.366566002368927 29
1585025442566 0.3641359210014343 30
1585025475561 0.35887134075164795 31
1585025508954 0.35753658413887024 32
1585025541982 0.3474116623401642 33
1585025575510 0.34373414516448975 34
1585025608371 0.34141698479652405 35
1585025640789 0.33878082036972046 36
1585025673163 0.3316826820373535 37
1585025705659 0.32732701301574707 38
1585025737801 0.32511427998542786 39
1585025770237 0.3260672688484192 40
1585025802682 0.3197522759437561 41
1585025835085 0.32054394483566284 42
1585025867688 0.32076409459114075 43
1585025900253 0.3126589059829712 44
1585025932776 0.3177105188369751 45
1585025965160 0.3134431540966034 46
1585025997811 0.3126218914985657 47
1585026031156 0.30551016330718994 48
1585026063747 0.3080841600894928 49
1585026096298 0.3073326349258423 50
1585026129328 0.2991310954093933 51
1585026161559 0.3021661043167114 52
1585026193331 0.2981708347797394 53
1585026225045 0.298406720161438 54
1585026257808 0.29918646812438965 55
1585026289854 0.2974984645843506 56
1585026321371 0.294339656829834 57
1585026353128 0.2991156578063965 58
1585026384966 0.2941686809062958 59
1585026416804 0.293093740940094 60
1585026449174 0.29016780853271484 61
1585026481184 0.2897392809391022 62
1585026513483 0.2935969829559326 63
1585026545800 0.28666186332702637 64
1585026578030 0.28393322229385376 65
1585026610152 0.29040396213531494 66
1585026642279 0.28537383675575256 67
1585026674077 0.2830842137336731 68
1585026706214 0.28125250339508057 69
1585026738340 0.28269240260124207 70
1585026770456 0.27790921926498413 71
1585026802304 0.28567200899124146 72
1585026834095 0.2788390517234802 73
1585026865883 0.2772270441055298 74
1585026897823 0.27372753620147705 75
1585026929987 0.2769920229911804 76
1585026961981 0.27766093611717224 77
1585026994310 0.2749137282371521 78
1585027026246 0.27373993396759033 79
1585027058127 0.2701476216316223 80
1585027090414 0.2761589288711548 81
1585027122961 0.27065974473953247 82
1585027154682 0.28136318922042847 83
1585027186495 0.27434688806533813 84
1585027218396 0.2703046500682831 85
1585027250085 0.26161348819732666 86
1585027282228 0.2661377787590027 87
1585027314482 0.26319876313209534 88
1585027346465 0.2639687657356262 89
1585027378661 0.26206761598587036 90
1585027410794 0.2673380970954895 91
1585027442866 0.2636094093322754 92
1585027474891 0.2571757435798645 93
1585027506912 0.2639833688735962 94
1585027538828 0.255526602268219 95
1585027571164 0.26366984844207764 96
1585027603342 0.2543134093284607 97
1585027635439 0.25938066840171814 98
1585027667223 0.261019229888916 99
1585027699198 0.2558106780052185 100
1585027731436 0.25568461418151855 101
1585027763380 0.25442856550216675 102
1585027795442 0.2608909010887146 103
1585027827750 0.25258713960647583 104
1585027859533 0.2557627260684967 105
1585027891373 0.25186941027641296 106
1585027922749 0.2563438415527344 107
1585027955150 0.25401484966278076 108
1585027987093 0.25234508514404297 109
1585028019200 0.2579279839992523 110
1585028051352 0.2499074637889862 111
1585028083134 0.25139522552490234 112
1585028115365 0.2575647830963135 113
1585028147340 0.24631673097610474 114
1585028179458 0.25279802083969116 115
1585028211526 0.2520233988761902 116
1585028243640 0.2511450946331024 117
1585028275828 0.25810667872428894 118
1585028307657 0.25165385007858276 119
1585028339643 0.24913820624351501 120
1585028371757 0.2550770342350006 121
1585028404295 0.2570130228996277 122
1585028436299 0.25339967012405396 123
1585028468783 0.2500365376472473 124
1585028500866 0.26084068417549133 125
1585028533051 0.2525320053100586 126
1585028565470 0.2548505961894989 127
1585028597340 0.2582123577594757 128
1585028629150 0.25549444556236267 129
1585028661238 0.2605823874473572 130
1585028693175 0.2570195496082306 131
1585028725445 0.2616148889064789 132
1585028757720 0.2718086242675781 133
1585028789767 0.27116549015045166 134
1585028821792 0.26383644342422485 135
1585028853766 0.2638202905654907 136
1585028885991 0.26649555563926697 137
1585028918100 0.27001625299453735 138
1585028950776 0.27204206585884094 139
1585028982922 0.2694329619407654 140
1585029015008 0.2757290005683899 141
1585029047309 0.27000510692596436 142
1585029078933 0.2696034610271454 143
1585029111091 0.2719792127609253 144
1585029143031 0.2727852165699005 145
1585029174693 0.2723117470741272 146
1585029206820 0.27764031291007996 147
1585029238903 0.271308571100235 148
1585029271472 0.27915871143341064 149
1585029303712 0.27835947275161743 150
1585029336053 0.2731620669364929 151
1585029367995 0.2737795114517212 152
1585029399952 0.27791258692741394 153
1585029432238 0.27612370252609253 154
1585029464202 0.2781759202480316 155
1585029496405 0.2782355546951294 156
1585029528489 0.27533772587776184 157
1585029560186 0.27586519718170166 158
1585029592572 0.27434492111206055 159
1585029624409 0.27366629242897034 160
1585029656531 0.2772257924079895 161
1585029688334 0.2800595164299011 162
1585029720116 0.2791976034641266 163
1585029752370 0.27225732803344727 164
1585029784238 0.27172696590423584 165
1585029816546 0.27580681443214417 166
1585029848713 0.27458882331848145 167
1585029880658 0.28271710872650146 168
1585029912839 0.2814330458641052 169
1585029944770 0.2754952311515808 170
1585029976870 0.2749401926994324 171
1585030009117 0.2782686948776245 172
1585030041143 0.2772594690322876 173
1585030072358 0.275514155626297 174
1585030104673 0.2689058780670166 175
1585030136734 0.27355071902275085 176
1585030168748 0.2770451307296753 177
1585030201721 0.2730933725833893 178
1585030233578 0.268034964799881 179
1585030265346 0.27349212765693665 180
1585030297529 0.2694195508956909 181
1585030329319 0.2685415744781494 182
1585030361350 0.27601075172424316 183
1585030393362 0.2726867198944092 184
1585030425702 0.27792131900787354 185
1585030457831 0.27410006523132324 186
1585030489982 0.27109062671661377 187
1585030522107 0.2715238034725189 188
1585030554128 0.2712007164955139 189
1585030586087 0.28080058097839355 190
1585030617722 0.27241450548171997 191
1585030649565 0.2804872393608093 192
1585030681999 0.2708457112312317 193
1585030714191 0.2720798850059509 194
1585030745815 0.27413058280944824 195
1585030777700 0.27399885654449463 196
1585030809744 0.2795913815498352 197
1585030842068 0.27167508006095886 198
1585030874325 0.270132452249527 199
1585030906852 0.27558282017707825 200
1585030938763 0.27410510182380676 201
1585030971248 0.2773438096046448 202
1585031003430 0.27074310183525085 203
1585031035826 0.2661546766757965 204
1585031068049 0.27113333344459534 205
1585031100337 0.2739286422729492 206
1585031132706 0.27530860900878906 207
1585031164876 0.27432143688201904 208
1585031196839 0.27286863327026367 209
1585031229077 0.275377482175827 210
1585031261228 0.26901930570602417 211
1585031293628 0.2716333866119385 212
1585031325367 0.2820795178413391 213
1585031357524 0.27906209230422974 214
1585031389703 0.2689242362976074 215
1585031421521 0.2742428183555603 216
1585031453315 0.27203333377838135 217
1585031484890 0.27538421750068665 218
1585031517128 0.2681792974472046 219
1585031548956 0.2771652340888977 220
1585031580860 0.2743479013442993 221
1585031612862 0.2697840929031372 222
1585031645447 0.2786751985549927 223
1585031677438 0.274191290140152 224
1585031709366 0.2755263149738312 225
1585031741378 0.2745894491672516 226
1585031773411 0.2788676619529724 227
1585031805179 0.27673429250717163 228
1585031837131 0.2769491970539093 229
1585031869461 0.27622348070144653 230
1585031902697 0.27141523361206055 231
1585031934787 0.27696192264556885 232
1585031966861 0.27235186100006104 233
1585031999386 0.2743125855922699 234
1585032031942 0.27160152792930603 235
1585032064266 0.27834102511405945 236
1585032096250 0.27355489134788513 237
1585032128261 0.27380287647247314 238
1585032160359 0.276272177696228 239
1585032192996 0.2755395174026489 240
1585032225178 0.27444037795066833 241
1585032257483 0.27073824405670166 242
1585032289534 0.2722511887550354 243
1585032321690 0.26941877603530884 244
1585032353269 0.2785552740097046 245
1585032385225 0.27344855666160583 246
1585032417708 0.27156370878219604 247
1585032450044 0.26910459995269775 248
1585032481984 0.2758784294128418 249
1585032513845 0.2746729254722595 250
1585032545544 0.2734895646572113 251
1585032577579 0.27798596024513245 252
1585032609040 0.27742040157318115 253
1585032641256 0.2746429443359375 254
1585032673254 0.2719516158103943 255
1585032705128 0.27443161606788635 256
1585032736778 0.2751691937446594 257
1585032768453 0.28309354186058044 258
1585032800652 0.2770337462425232 259
1585032832719 0.27817922830581665 260
1585032865222 0.27838534116744995 261
1585032897824 0.27614012360572815 262
1585032929744 0.26608216762542725 263
1585032961830 0.2747946083545685 264
1585032994498 0.27432864904403687 265
1585033027394 0.27039653062820435 266
1585033059415 0.2703237533569336 267
1585033091384 0.2792605757713318 268
1585033123660 0.27436649799346924 269
1585033155807 0.2734522521495819 270
1585033187266 0.28177693486213684 271
1585033219369 0.28031373023986816 272
1585033251358 0.2741711437702179 273
1585033283676 0.2835676670074463 274
1585033315451 0.272965669631958 275
1585033347319 0.2786320149898529 276
1585033379180 0.27609163522720337 277
1585033411076 0.28358206152915955 278
1585033443313 0.2771587371826172 279
1585033475878 0.2756839990615845 280
1585033508200 0.2770563066005707 281
1585033540112 0.27737778425216675 282
1585033572559 0.2756107449531555 283
1585033604623 0.2702064514160156 284
1585033636987 0.2732664942741394 285
1585033669725 0.27129167318344116 286
1585033701787 0.2722656726837158 287
1585033733740 0.2770940065383911 288
1585033765901 0.27095282077789307 289
1585033798602 0.2679463028907776 290
1585033830790 0.2746541500091553 291
1585033862541 0.27437883615493774 292
1585033894194 0.27539002895355225 293
1585033926119 0.2783045172691345 294
1585033957873 0.2727389335632324 295
1585033989686 0.2731351852416992 296
1585034021394 0.27220380306243896 297
1585034053009 0.2741870880126953 298
1585034084837 0.28309082984924316 299
1585034116814 0.2778967022895813 300
1585034148874 0.27088093757629395 301
1585034181746 0.27508437633514404 302
1585034213606 0.27400362491607666 303
1585034245601 0.27759096026420593 304
1585034277608 0.27112701535224915 305
1585034309718 0.2722082734107971 306
1585034341863 0.27273476123809814 307
1585034373997 0.2748596668243408 308
1585034406138 0.2748071551322937 309
1585034438225 0.27858978509902954 310
1585034470323 0.2690015137195587 311
1585034502269 0.275390088558197 312
1585034534187 0.2755514979362488 313
1585034566372 0.2693510055541992 314
1585034598876 0.2680498957633972 315
1585034631077 0.2719374895095825 316
1585034663241 0.2742706537246704 317
1585034695250 0.2787105143070221 318
1585034728033 0.2785055637359619 319
1585034759903 0.27433985471725464 320
1585034792302 0.2745606303215027 321
1585034824465 0.2738876938819885 322
1585034856694 0.2703806757926941 323
1585034888759 0.27466148138046265 324
1585034920679 0.275112509727478 325
1585034952467 0.27425897121429443 326
1585034983843 0.2704165577888489 327
1585035016071 0.2733665704727173 328
1585035048510 0.2757634222507477 329
1585035080123 0.27523377537727356 330
1585035112011 0.27388671040534973 331
1585035144252 0.27568256855010986 332
1585035176294 0.26828712224960327 333
1585035208460 0.274749755859375 334
1585035240578 0.2696491479873657 335
1585035272565 0.2800145745277405 336
1585035304607 0.27591726183891296 337
1585035336683 0.2822515666484833 338
1585035368810 0.27212420105934143 339
1585035400650 0.2738587260246277 340
1585035432793 0.27395081520080566 341
1585035464819 0.27236998081207275 342
1585035496867 0.27322983741760254 343
1585035529056 0.2743401527404785 344
1585035561013 0.2773541808128357 345
1585035592769 0.2765962481498718 346
1585035624592 0.2730087637901306 347
1585035657782 0.27223294973373413 348
1585035690002 0.2717667818069458 349
1585035721887 0.2681679129600525 350
1585035753910 0.2651881277561188 351
1585035786455 0.2758297920227051 352
1585035818628 0.27455934882164 353
1585035851079 0.2744501233100891 354
1585035883393 0.26999494433403015 355
1585035915544 0.2779666781425476 356
1585035947705 0.27148741483688354 357
1585035979474 0.2788068652153015 358
1585036011778 0.2725800573825836 359
1585036044004 0.27445870637893677 360
1585036076140 0.28051435947418213 361
1585036108280 0.2702336609363556 362
1585036140278 0.27881473302841187 363
1585036172190 0.2694286108016968 364
1585036204401 0.279069185256958 365
1585036237157 0.28023087978363037 366
1585036269654 0.27319276332855225 367
1585036301988 0.27792078256607056 368
1585036334165 0.27816691994667053 369
1585036366335 0.2752675414085388 370
1585036399054 0.26415902376174927 371
1585036430952 0.27974075078964233 372
1585036463308 0.2673044204711914 373
1585036495153 0.27292147278785706 374
1585036527060 0.2728298306465149 375
1585036559217 0.2788044214248657 376
1585036591131 0.27451229095458984 377
1585036623097 0.2784609794616699 378
1585036656211 0.2728610932826996 379
1585036687981 0.273038774728775 380
1585036719959 0.27706268429756165 381
1585036752675 0.2684490382671356 382
1585036784812 0.27174702286720276 383
1585036817449 0.2681264877319336 384
1585036849521 0.27559778094291687 385
1585036881796 0.2724863588809967 386
1585036914288 0.27576562762260437 387
1585036946303 0.2724982500076294 388
1585036977870 0.2729024887084961 389
1585037010299 0.2746351957321167 390
1585037042091 0.2783505916595459 391
1585037074064 0.27819037437438965 392
1585037107293 0.2724616229534149 393
1585037139173 0.2799205780029297 394
1585037171379 0.26997387409210205 395
1585037203627 0.2708728611469269 396
1585037235949 0.2778485417366028 397
1585037267920 0.28164568543434143 398
1585037300670 0.2759535312652588 399
1585037332654 0.27771180868148804 400
1585037365097 0.2723831832408905 401
1585037397449 0.2739826738834381 402
1585037429691 0.2736157774925232 403
1585037461981 0.26855432987213135 404
1585037494148 0.2770545780658722 405
1585037526451 0.275277316570282 406
1585037558692 0.27535080909729004 407
1585037590444 0.2806433439254761 408
1585037622702 0.27295368909835815 409
1585037654836 0.2668917775154114 410
1585037687623 0.26808905601501465 411
1585037719491 0.2726139426231384 412
1585037751501 0.2794938087463379 413
1585037783717 0.27006423473358154 414
1585037815835 0.27712422609329224 415
1585037847618 0.2769384980201721 416
1585037880039 0.2780452370643616 417
1585037912780 0.2759785056114197 418
1585037945174 0.2768709659576416 419
1585037977971 0.27797895669937134 420
1585038009936 0.26980000734329224 421
1585038041701 0.2683310806751251 422
1585038074227 0.26674556732177734 423
1585038106322 0.2728635370731354 424
1585038138396 0.2724290192127228 425
1585038170578 0.2712823450565338 426
1585038202574 0.2805907726287842 427
1585038235850 0.2665685713291168 428
1585038267641 0.27327436208724976 429
1585038299531 0.2713696360588074 430
1585038331675 0.2754620909690857 431
1585038364067 0.2757750153541565 432
1585038396073 0.2721501588821411 433
1585038428241 0.2744995355606079 434
1585038460299 0.2698330283164978 435
1585038492261 0.27151989936828613 436
1585038524403 0.27388471364974976 437
1585038556213 0.27447453141212463 438
1585038588180 0.2749312222003937 439
1585038620867 0.2702878415584564 440
1585038652494 0.2773435115814209 441
1585038684890 0.2721501886844635 442
1585038716148 0.2762479782104492 443
1585038748681 0.27482450008392334 444
1585038780749 0.27438145875930786 445
1585038812359 0.28139400482177734 446
1585038844056 0.2805814743041992 447
1585038876412 0.2789689302444458 448
1585038908576 0.2768098711967468 449
1585038940767 0.28166911005973816 450
1585038972824 0.2769728899002075 451
1585039004760 0.2729475498199463 452
1585039036749 0.27008360624313354 453
1585039068519 0.27846449613571167 454
1585039100624 0.2685021162033081 455
1585039132804 0.27008140087127686 456
1585039164842 0.27036231756210327 457
1585039196972 0.26953059434890747 458
1585039229273 0.2779279947280884 459
1585039260587 0.2783610224723816 460
1585039292557 0.2653745412826538 461
1585039324907 0.2739129066467285 462
1585039356905 0.2728990912437439 463
1585039389364 0.2645329236984253 464
1585039421183 0.27079710364341736 465
1585039453506 0.27767208218574524 466
1585039485831 0.27276867628097534 467
1585039518134 0.27014076709747314 468
1585039549945 0.2744072377681732 469
1585039582019 0.2739699184894562 470
1585039614205 0.2693621814250946 471
1585039645961 0.2665863037109375 472
1585039678257 0.2729201316833496 473
1585039710145 0.2731875479221344 474
1585039742354 0.2734767198562622 475
1585039775028 0.2665991485118866 476
1585039807579 0.2731654644012451 477
1585039840124 0.2735017240047455 478
1585039872330 0.2719293534755707 479
1585039905245 0.2765811085700989 480
1585039937651 0.27670323848724365 481
1585039969988 0.27690210938453674 482
1585040002200 0.27796733379364014 483
1585040034388 0.2757759690284729 484
1585040066398 0.2706584930419922 485
1585040098321 0.266900897026062 486
1585040130436 0.2705950438976288 487
1585040162471 0.26669126749038696 488
1585040194806 0.2688506841659546 489
1585040226936 0.2698453664779663 490
1585040258734 0.2673562169075012 491
1585040290981 0.26640939712524414 492
1585040323126 0.26740968227386475 493
1585040354947 0.26777899265289307 494
1585040387121 0.27604639530181885 495
1585040418919 0.2651194930076599 496
1585040450790 0.2666775584220886 497
1585040482727 0.2667965590953827 498
1585040515223 0.2755584120750427 499
1585040547208 0.264864981174469 500
