1585024441558 0.03085637465119362 0
1585024474354 0.006961081176996231 1
1585024507716 0.00447604525834322 2
1585024540684 0.006789582781493664 3
1585024574032 0.010487680323421955 4
1585024607391 0.014186801388859749 5
1585024640976 0.012128186412155628 6
1585024674226 0.005668244790285826 7
1585024707776 0.003439257387071848 8
1585024741414 0.0013956676702946424 9
1585024775194 0.003642789553850889 10
1585024808840 0.004732149187475443 11
1585024842003 0.007328524254262447 12
1585024875301 0.010676024481654167 13
1585024908621 0.01335512101650238 14
1585024942493 0.01511650625616312 15
1585024975639 0.01639881171286106 16
1585025009035 0.0174757968634367 17
1585025042875 0.017812976613640785 18
1585025075800 0.01691293716430664 19
1585025109029 0.016459036618471146 20
1585025142172 0.014830120839178562 21
1585025175324 0.01314193569123745 22
1585025208598 0.012519779615104198 23
1585025242015 0.011776089668273926 24
1585025275391 0.011329593136906624 25
1585025308591 0.010650519281625748 26
1585025342289 0.009773213416337967 27
1585025375765 0.008948399685323238 28
1585025409211 0.00906300637871027 29
1585025442566 0.009264657273888588 30
1585025475561 0.009344954043626785 31
1585025508954 0.00942629761993885 32
1585025541982 0.010376492515206337 33
1585025575510 0.010372567921876907 34
1585025608371 0.010582567192614079 35
1585025640789 0.010759471915662289 36
1585025673163 0.011231102980673313 37
1585025705659 0.011531312018632889 38
1585025737801 0.011335620656609535 39
1585025770237 0.009969048202037811 40
1585025802682 0.010653110221028328 41
1585025835085 0.009572829119861126 42
1585025867688 0.008963000029325485 43
1585025900253 0.009522965177893639 44
1585025932776 0.008510706946253777 45
1585025965160 0.008452501147985458 46
1585025997811 0.007808433845639229 47
1585026031156 0.008981483057141304 48
1585026063747 0.007511167787015438 49
1585026096298 0.007342439144849777 50
1585026129328 0.007594556547701359 51
1585026161559 0.0068578701466321945 52
1585026193331 0.00705924816429615 53
1585026225045 0.0068310899659991264 54
1585026257808 0.006379176862537861 55
1585026289854 0.006633854005485773 56
1585026321371 0.006266441661864519 57
1585026353128 0.005835197865962982 58
1585026384966 0.005904155783355236 59
1585026416804 0.0066391173750162125 60
1585026449174 0.0057350704446434975 61
1585026481184 0.005597557872533798 62
1585026513483 0.005267973057925701 63
1585026545800 0.006121327169239521 64
1585026578030 0.005817196797579527 65
1585026610152 0.005659080110490322 66
1585026642279 0.005212036427110434 67
1585026674077 0.005358260590583086 68
1585026706214 0.005228484980762005 69
1585026738340 0.005390197969973087 70
1585026770456 0.005141702480614185 71
1585026802304 0.004722217097878456 72
1585026834095 0.005352282430976629 73
1585026865883 0.004816613160073757 74
1585026897823 0.0050893425941467285 75
1585026929987 0.004927425645291805 76
1585026961981 0.004894868936389685 77
1585026994310 0.00491216778755188 78
1585027026246 0.005127765238285065 79
1585027058127 0.005067536607384682 80
1585027090414 0.004534516483545303 81
1585027122961 0.004141702316701412 82
1585027154682 0.0052056084387004375 83
1585027186495 0.00484971608966589 84
1585027218396 0.004696707706898451 85
1585027250085 0.005624209530651569 86
1585027282228 0.004419965669512749 87
1585027314482 0.005234395153820515 88
1585027346465 0.004433438181877136 89
1585027378661 0.004437237977981567 90
1585027410794 0.004788210615515709 91
1585027442866 0.005154379643499851 92
1585027474891 0.005221097730100155 93
1585027506912 0.004817413166165352 94
1585027538828 0.0061336541548371315 95
1585027571164 0.00496490066871047 96
1585027603342 0.006125650368630886 97
1585027635439 0.005112112499773502 98
1585027667223 0.0048553855158388615 99
1585027699198 0.004782944917678833 100
1585027731436 0.004711355548352003 101
1585027763380 0.005080539733171463 102
1585027795442 0.0052667902782559395 103
1585027827750 0.004899783991277218 104
1585027859533 0.00500667467713356 105
1585027891373 0.004673357587307692 106
1585027922749 0.004517294000834227 107
1585027955150 0.004968870431184769 108
1585027987093 0.004384459462016821 109
1585028019200 0.0045759668573737144 110
1585028051352 0.005207698326557875 111
1585028083134 0.00482473149895668 112
1585028115365 0.00448208162561059 113
1585028147340 0.004890841897577047 114
1585028179458 0.004633627366274595 115
1585028211526 0.004655956290662289 116
1585028243640 0.004355552606284618 117
1585028275828 0.003612104570493102 118
1585028307657 0.003979145083576441 119
1585028339643 0.0039488947950303555 120
1585028371757 0.004776624031364918 121
1585028404295 0.00424567935988307 122
1585028436299 0.0038876873441040516 123
1585028468783 0.00412230659276247 124
1585028500866 0.004056542180478573 125
1585028533051 0.0033887317404150963 126
1585028565470 0.0028995368629693985 127
1585028597340 0.003254443407058716 128
1585028629150 0.003769942559301853 129
1585028661238 0.002961341757327318 130
1585028693175 0.004059385042637587 131
1585028725445 0.0031562037765979767 132
1585028757720 0.0035704029724001884 133
1585028789767 0.003076561726629734 134
1585028821792 0.003449066309258342 135
1585028853766 0.004087635315954685 136
1585028885991 0.0024545942433178425 137
1585028918100 0.004324297420680523 138
1585028950776 0.0021870695054531097 139
1585028982922 0.0019588200375437737 140
1585029015008 0.0019734958186745644 141
1585029047309 0.002493711654096842 142
1585029078933 0.0037950295954942703 143
1585029111091 0.00270843249745667 144
1585029143031 0.00158619973808527 145
1585029174693 0.001930613536387682 146
1585029206820 0.00443192757666111 147
1585029238903 0.0021929095964878798 148
1585029271472 0.001210194081068039 149
1585029303712 0.001989706652238965 150
1585029336053 0.003733151126652956 151
1585029367995 0.0017463617259636521 152
1585029399952 0.001749214599840343 153
1585029432238 0.0023958394303917885 154
1585029464202 0.0031898310407996178 155
1585029496405 0.0027391882613301277 156
1585029528489 0.0022019187454134226 157
1585029560186 0.0013443584321066737 158
1585029592572 0.003566674655303359 159
1585029624409 0.0018595920410007238 160
1585029656531 0.001765022985637188 161
1585029688334 0.0015631993301212788 162
1585029720116 0.002892679302021861 163
1585029752370 0.0026638838462531567 164
1585029784238 0.0015388424508273602 165
1585029816546 0.0015359761891886592 166
1585029848713 0.002506542718037963 167
1585029880658 0.0031248820014297962 168
1585029912839 0.004751932807266712 169
1585029944770 0.0023900012020021677 170
1585029976870 0.0011561191640794277 171
1585030009117 0.0037697989027947187 172
1585030041143 0.0022490236442536116 173
1585030072358 0.002463864628225565 174
1585030104673 0.0014726954977959394 175
1585030136734 0.0024748670402914286 176
1585030168748 0.0028367021586745977 177
1585030201721 0.0035362476482987404 178
1585030233578 0.0029793744906783104 179
1585030265346 0.0030361756216734648 180
1585030297529 0.0022545752581208944 181
1585030329319 0.0022208099253475666 182
1585030361350 0.002314445096999407 183
1585030393362 0.0009719005902297795 184
1585030425702 0.0024424854200333357 185
1585030457831 0.0018005107995122671 186
1585030489982 0.001789795933291316 187
1585030522107 0.001988449599593878 188
1585030554128 0.003458667080849409 189
1585030586087 0.002339516766369343 190
1585030617722 0.0017706349026411772 191
1585030649565 0.004002475179731846 192
1585030681999 0.0026553459465503693 193
1585030714191 0.0017849444411695004 194
1585030745815 0.002241403330117464 195
1585030777700 0.003168840892612934 196
1585030809744 0.002350513357669115 197
1585030842068 0.003211728762835264 198
1585030874325 0.0022904416546225548 199
1585030906852 0.0024395440705120564 200
1585030938763 0.0023666948545724154 201
1585030971248 0.004801457282155752 202
1585031003430 0.0015049190260469913 203
1585031035826 0.0018450615461915731 204
1585031068049 0.00274466210976243 205
1585031100337 0.0026426769327372313 206
1585031132706 0.0035192728973925114 207
1585031164876 0.003295241156592965 208
1585031196839 0.001330641214735806 209
1585031229077 0.001770097529515624 210
1585031261228 0.0028324630111455917 211
1585031293628 0.003716621547937393 212
1585031325367 0.005191804375499487 213
1585031357524 0.002427582163363695 214
1585031389703 0.001893188920803368 215
1585031421521 0.0022486206144094467 216
1585031453315 0.0012480803998187184 217
1585031484890 0.0021549691446125507 218
1585031517128 0.0018995341379195452 219
1585031548956 0.004141492303460836 220
1585031580860 0.0017672998365014791 221
1585031612862 0.001490267924964428 222
1585031645447 0.002877393737435341 223
1585031677438 0.0020168714690953493 224
1585031709366 0.002996784867718816 225
1585031741378 0.0017091212794184685 226
1585031773411 0.0037569496780633926 227
1585031805179 0.001974848099052906 228
1585031837131 0.002007703762501478 229
1585031869461 0.0027838407550007105 230
1585031902697 0.0013661691918969154 231
1585031934787 0.0034829280339181423 232
1585031966861 0.0034006203059107065 233
1585031999386 0.002595648169517517 234
1585032031942 0.0019056523451581597 235
1585032064266 0.0032329594250768423 236
1585032096250 0.002626558765769005 237
1585032128261 0.0018718201899901032 238
1585032160359 0.004778656642884016 239
1585032192996 0.001748006558045745 240
1585032225178 0.001663851784542203 241
1585032257483 0.0030680731870234013 242
1585032289534 0.0027720690704882145 243
1585032321690 0.0020323353819549084 244
1585032353269 0.002721413504332304 245
1585032385225 0.0016193443443626165 246
1585032417708 0.0011881159152835608 247
1585032450044 0.002111111767590046 248
1585032481984 0.001708424650132656 249
1585032513845 0.002149928128346801 250
1585032545544 0.0022600535303354263 251
1585032577579 0.0024670420680195093 252
1585032609040 0.003995989914983511 253
1585032641256 0.0012880651047453284 254
1585032673254 0.001495470991358161 255
1585032705128 0.002466590376570821 256
1585032736778 0.0017892965115606785 257
1585032768453 0.0047078812494874 258
1585032800652 0.0029140799306333065 259
1585032832719 0.00225655734539032 260
1585032865222 0.0023460984230041504 261
1585032897824 0.0017100539989769459 262
1585032929744 0.0022475009318441153 263
1585032961830 0.0020912664476782084 264
1585032994498 0.0020785846281796694 265
1585033027394 0.0013851632829755545 266
1585033059415 0.0017652814276516438 267
1585033091384 0.0033139106817543507 268
1585033123660 0.002379667479544878 269
1585033155807 0.000719794596079737 270
1585033187266 0.00350212212651968 271
1585033219369 0.004151108209043741 272
1585033251358 0.002205254277214408 273
1585033283676 0.0038702739402651787 274
1585033315451 0.001857072813436389 275
1585033347319 0.00330976489931345 276
1585033379180 0.0024334671907126904 277
1585033411076 0.002561237197369337 278
1585033443313 0.0027073414530605078 279
1585033475878 0.0025892602279782295 280
1585033508200 0.0017154889646917582 281
1585033540112 0.0018535642884671688 282
1585033572559 0.002121571684256196 283
1585033604623 0.0019167824648320675 284
1585033636987 0.0030552176758646965 285
1585033669725 0.002067497931420803 286
1585033701787 0.0019180485978722572 287
1585033733740 0.003964269533753395 288
1585033765901 0.001660978770814836 289
1585033798602 0.0019482257775962353 290
1585033830790 0.0026627364568412304 291
1585033862541 0.00215420825406909 292
1585033894194 0.003860983531922102 293
1585033926119 0.0025116759352385998 294
1585033957873 0.0014005429111421108 295
1585033989686 0.003937649540603161 296
1585034021394 0.0013402057811617851 297
1585034053009 0.0027725282125175 298
1585034084837 0.004859120585024357 299
1585034116814 0.0016142865642905235 300
1585034148874 0.0011389784049242735 301
1585034181746 0.002749786712229252 302
1585034213606 0.0025111446157097816 303
1585034245601 0.0027053887024521828 304
1585034277608 0.002405565232038498 305
1585034309718 0.0027329656295478344 306
1585034341863 0.0017399612115696073 307
1585034373997 0.0028032860718667507 308
1585034406138 0.0026563978753983974 309
1585034438225 0.0018195179291069508 310
1585034470323 0.0016077592736110091 311
1585034502269 0.002195362001657486 312
1585034534187 0.0028121061623096466 313
1585034566372 0.003416028805077076 314
1585034598876 0.0027434774674475193 315
1585034631077 0.0008737707976251841 316
1585034663241 0.0020856184419244528 317
1585034695250 0.0020036878995597363 318
1585034728033 0.0033518068958073854 319
1585034759903 0.0024842508137226105 320
1585034792302 0.0026367888785898685 321
1585034824465 0.002896426245570183 322
1585034856694 0.002174262423068285 323
1585034888759 0.00203053280711174 324
1585034920679 0.002208220073953271 325
1585034952467 0.004083039704710245 326
1585034983843 0.0033920672722160816 327
1585035016071 0.0015475658001378179 328
1585035048510 0.0027124788612127304 329
1585035080123 0.0019324036547914147 330
1585035112011 0.0032591456547379494 331
1585035144252 0.00324181723408401 332
1585035176294 0.0016109985299408436 333
1585035208460 0.002172699198126793 334
1585035240578 0.001122832647524774 335
1585035272565 0.0033898665569722652 336
1585035304607 0.0017526790034025908 337
1585035336683 0.0032327473163604736 338
1585035368810 0.0017910124734044075 339
1585035400650 0.0030679351184517145 340
1585035432793 0.004180540330708027 341
1585035464819 0.0013640252873301506 342
1585035496867 0.0025980714708566666 343
1585035529056 0.0025661401450634003 344
1585035561013 0.0030312922317534685 345
1585035592769 0.0020151641219854355 346
1585035624592 0.0033422978594899178 347
1585035657782 0.0014955420047044754 348
1585035690002 0.0013914862647652626 349
1585035721887 0.0016432113479822874 350
1585035753910 0.0022824578918516636 351
1585035786455 0.002132467459887266 352
1585035818628 0.0020361582282930613 353
1585035851079 0.0026117959059774876 354
1585035883393 0.0018418269464746118 355
1585035915544 0.0021490859799087048 356
1585035947705 0.0013971038861200213 357
1585035979474 0.0024531043600291014 358
1585036011778 0.0017118863761425018 359
1585036044004 0.0018961037276312709 360
1585036076140 0.004329041577875614 361
1585036108280 0.0019104896346107125 362
1585036140278 0.0009160017361864448 363
1585036172190 0.0019224572461098433 364
1585036204401 0.0019475591834634542 365
1585036237157 0.003087417921051383 366
1585036269654 0.0020894210319966078 367
1585036301988 0.002367401262745261 368
1585036334165 0.00212198868393898 369
1585036366335 0.001970243640244007 370
1585036399054 0.0030668070539832115 371
1585036430952 0.0030399044044315815 372
1585036463308 0.0020556431263685226 373
1585036495153 0.00238621118478477 374
1585036527060 0.0016147810965776443 375
1585036559217 0.003705365350469947 376
1585036591131 0.001504285610280931 377
1585036623097 0.0022606351412832737 378
1585036656211 0.002289954572916031 379
1585036687981 0.002210740465670824 380
1585036719959 0.0022228665184229612 381
1585036752675 0.0022032319102436304 382
1585036784812 0.0017711494583636522 383
1585036817449 0.0014450777089223266 384
1585036849521 0.0017547947354614735 385
1585036881796 0.001607884420081973 386
1585036914288 0.0020115505903959274 387
1585036946303 0.0015451493673026562 388
1585036977870 0.0013326809275895357 389
1585037010299 0.0015945254126563668 390
1585037042091 0.002360614715144038 391
1585037074064 0.0026389341801404953 392
1585037107293 0.001978866057470441 393
1585037139173 0.003361575771123171 394
1585037171379 0.00223090429790318 395
1585037203627 0.0012586929369717836 396
1585037235949 0.002199888229370117 397
1585037267920 0.0038462907541543245 398
1585037300670 0.0014454633928835392 399
1585037332654 0.0024555199779570103 400
1585037365097 0.0017315623117610812 401
1585037397449 0.0021734724286943674 402
1585037429691 0.0022146408446133137 403
1585037461981 0.0016343541210517287 404
1585037494148 0.00259760650806129 405
1585037526451 0.0015287973219528794 406
1585037558692 0.0015714524779468775 407
1585037590444 0.0039115529507398605 408
1585037622702 0.0019809482619166374 409
1585037654836 0.001613651984371245 410
1585037687623 0.0017864563269540668 411
1585037719491 0.0016644245479255915 412
1585037751501 0.0024854422081261873 413
1585037783717 0.0015178431058302522 414
1585037815835 0.003140705870464444 415
1585037847618 0.0018493738025426865 416
1585037880039 0.00212324527092278 417
1585037912780 0.001573445973917842 418
1585037945174 0.0028704034630209208 419
1585037977971 0.0029820408672094345 420
1585038009936 0.004082175903022289 421
1585038041701 0.001770610804669559 422
1585038074227 0.002334386110305786 423
1585038106322 0.0013629873283207417 424
1585038138396 0.002459680661559105 425
1585038170578 0.0015897124540060759 426
1585038202574 0.0030022556893527508 427
1585038235850 0.0019916538149118423 428
1585038267641 0.002641953993588686 429
1585038299531 0.0014716037549078465 430
1585038331675 0.002557159634307027 431
1585038364067 0.0014024691190570593 432
1585038396073 0.0026021921075880527 433
1585038428241 0.0019880561158061028 434
1585038460299 0.0016865185461938381 435
1585038492261 0.001745501533150673 436
1585038524403 0.0022849692031741142 437
1585038556213 0.0022930260747671127 438
1585038588180 0.0017431839369237423 439
1585038620867 0.0017884200206026435 440
1585038652494 0.002221585251390934 441
1585038684890 0.0011693437118083239 442
1585038716148 0.0013149576261639595 443
1585038748681 0.0033419164828956127 444
1585038780749 0.0018081791931763291 445
1585038812359 0.0032762521877884865 446
1585038844056 0.001762353116646409 447
1585038876412 0.0017440493684262037 448
1585038908576 0.0019399195443838835 449
1585038940767 0.003469685558229685 450
1585038972824 0.0015911428490653634 451
1585039004760 0.0019141726661473513 452
1585039036749 0.0017982041463255882 453
1585039068519 0.0042258454486727715 454
1585039100624 0.001363824587315321 455
1585039132804 0.0027475450187921524 456
1585039164842 0.0018732339376583695 457
1585039196972 0.0022950666025280952 458
1585039229273 0.0022992435842752457 459
1585039260587 0.00393125182017684 460
1585039292557 0.0012281509116292 461
1585039324907 0.0023049269802868366 462
1585039356905 0.0012477965792641044 463
1585039389364 0.0015466538025066257 464
1585039421183 0.001564516220241785 465
1585039453506 0.003573923371732235 466
1585039485831 0.00109290040563792 467
1585039518134 0.0019737863913178444 468
1585039549945 0.0025941787753254175 469
1585039582019 0.0025348933413624763 470
1585039614205 0.003060045186430216 471
1585039645961 0.0016200246755033731 472
1585039678257 0.0029989585746079683 473
1585039710145 0.0019358077552169561 474
1585039742354 0.0027884538285434246 475
1585039775028 0.0020077626686543226 476
1585039807579 0.0019859138410538435 477
1585039840124 0.0026586668100208044 478
1585039872330 0.002531554317101836 479
1585039905245 0.0018830286571756005 480
1585039937651 0.0029397322796285152 481
1585039969988 0.003110564313828945 482
1585040002200 0.001640474540181458 483
1585040034388 0.008112814277410507 484
1585040066398 0.002820502035319805 485
1585040098321 0.0016402995679527521 486
1585040130436 0.002898884005844593 487
1585040162471 0.0014098531100898981 488
1585040194806 0.0022972230799496174 489
1585040226936 0.0029008914716541767 490
1585040258734 0.003200273495167494 491
1585040290981 0.0020265565253794193 492
1585040323126 0.002614645753055811 493
1585040354947 0.0021473763044923544 494
1585040387121 0.0032082812394946814 495
1585040418919 0.00185601064004004 496
1585040450790 0.0012797245290130377 497
1585040482727 0.0017768696416169405 498
1585040515223 0.0017507311422377825 499
1585040547208 0.0020482621621340513 500
