1585176386456 0.03446386754512787 0
1585176418531 0.008651548065245152 1
1585176451027 0.006249952130019665 2
1585176483614 0.010491324588656425 3
1585176516172 0.016841942444443703 4
1585176548686 0.024015722796320915 5
1585176581161 0.023849589750170708 6
1585176613652 0.014409825205802917 7
1585176646408 0.01124334242194891 8
1585176679193 0.004561466630548239 9
1585176711632 0.0033765940461307764 10
1585176744051 0.001988479634746909 11
1585176776542 0.004057682119309902 12
1585176809771 0.007535768207162619 13
1585176842353 0.011294458992779255 14
1585176874788 0.013886358588933945 15
1585176907515 0.015702281147241592 16
1585176940158 0.017148489132523537 17
1585176972719 0.017338179051876068 18
1585177005403 0.01791561022400856 19
1585177038152 0.017161458730697632 20
1585177071223 0.0164959579706192 21
1585177103857 0.015173569321632385 22
1585177136329 0.014214386232197285 23
1585177168909 0.013692478649318218 24
1585177201864 0.012324397452175617 25
1585177234559 0.011998850852251053 26
1585177267818 0.010562960058450699 27
1585177307166 0.010126760229468346 28
1585177340105 0.01028701663017273 29
1585177372418 0.010355530306696892 30
1585177405149 0.0097309285774827 31
1585177437777 0.009502069093286991 32
1585177470130 0.00975753553211689 33
1585177503140 0.009616534225642681 34
1585177535846 0.009658838622272015 35
1585177568486 0.009127981960773468 36
1585177600865 0.009816785342991352 37
1585177633592 0.009845519438385963 38
1585177666159 0.009417292661964893 39
1585177698667 0.0083141615614295 40
1585177731136 0.008901990018785 41
1585177763763 0.008571078069508076 42
1585177796422 0.008453233167529106 43
1585177828929 0.008523521013557911 44
1585177861285 0.007829555310308933 45
1585177894026 0.007900696247816086 46
1585177926624 0.007308150175958872 47
1585177958867 0.007899869233369827 48
1585177991448 0.007622185628861189 49
1585178023791 0.007539820391684771 50
1585178056180 0.008207239210605621 51
1585178088399 0.007092719431966543 52
1585178120956 0.008361543528735638 53
1585178153527 0.007371861021965742 54
1585178185921 0.006836591754108667 55
1585178218442 0.007381410337984562 56
1585178251260 0.007892326451838017 57
1585178283764 0.008011705242097378 58
1585178316282 0.007450766861438751 59
1585178348752 0.008827210403978825 60
1585178381414 0.008445043116807938 61
1585178413842 0.007575049996376038 62
1585178446637 0.007761274930089712 63
1585178479644 0.007889715023338795 64
1585178512288 0.0075646028853952885 65
1585178545706 0.007982242852449417 66
1585178578223 0.007845607586205006 67
1585178612077 0.007679319474846125 68
1585178644831 0.007912625558674335 69
1585178677524 0.0074287899769842625 70
1585178710298 0.008667699061334133 71
1585178742794 0.007097271736711264 72
1585178775412 0.007972095161676407 73
1585178808053 0.008327187970280647 74
1585178840469 0.00806389469653368 75
1585178873156 0.008324104361236095 76
1585178906843 0.008127340115606785 77
1585178939334 0.007494905963540077 78
1585178971979 0.008259453810751438 79
1585179004157 0.008796480484306812 80
1585179036878 0.007954942062497139 81
1585179069527 0.006552089471369982 82
1585179102268 0.008079062215983868 83
1585179134854 0.00833025574684143 84
1585179167723 0.008373863063752651 85
1585179200613 0.008750008419156075 86
1585179233129 0.008107224479317665 87
1585179266060 0.009415444917976856 88
1585179298914 0.008378511294722557 89
1585179331654 0.008740304969251156 90
1585179364340 0.008912664838135242 91
1585179397082 0.00862354040145874 92
1585179429580 0.009013199247419834 93
1585179462379 0.009249366819858551 94
1585179494857 0.009511572308838367 95
1585179527621 0.009512880817055702 96
1585179560077 0.010589735582470894 97
1585179592498 0.008707502856850624 98
1585179625579 0.00901821069419384 99
1585179658301 0.009447273798286915 100
1585179692050 0.009011272341012955 101
1585179725914 0.009942411445081234 102
1585179758899 0.00896716583520174 103
1585179792598 0.009138786233961582 104
1585179824917 0.009121919982135296 105
1585179857340 0.008632550947368145 106
1585179889613 0.007900643162429333 107
1585179922189 0.009456749074161053 108
1585179955303 0.009182502515614033 109
1585179988234 0.008671524934470654 110
1585180020886 0.010272364132106304 111
1585180053460 0.009669620543718338 112
1585180085751 0.00869483221322298 113
1585180118291 0.009984428994357586 114
1585180150766 0.00936280470341444 115
1585180183661 0.009130262769758701 116
1585180217420 0.009076450951397419 117
1585180250365 0.008534502238035202 118
1585180282744 0.008849681355059147 119
1585180314912 0.009478561580181122 120
