1585176397794 0.3327358365058899 0
1585176430066 0.4533962607383728 1
1585176462353 0.6108961701393127 2
1585176494989 0.6711556911468506 3
1585176527540 0.683089554309845 4
1585176560207 0.6754716634750366 5
1585176592563 0.677688717842102 6
1585176624991 0.6865566372871399 7
1585176658093 0.6810141801834106 8
1585176690685 0.6765801906585693 9
1585176723086 0.6876651048660278 10
1585176755498 0.6754717230796814 11
1585176788080 0.6881131529808044 12
1585176821163 0.7179480791091919 13
1585176853634 0.7853065729141235 14
1585176886242 0.8255895972251892 15
1585176919041 0.8512735962867737 16
1585176951640 0.8584905862808228 17
1585176984248 0.876533031463623 18
1585177016892 0.8722405433654785 19
1585177050113 0.8770990371704102 20
1585177082651 0.8698821067810059 21
1585177115243 0.8601650595664978 22
1585177147846 0.8733490109443665 23
1585177180346 0.8700235486030579 24
1585177213309 0.8643159866333008 25
1585177246185 0.8673820495605469 26
1585177281204 0.8670990467071533 27
1585177318852 0.8672405481338501 28
1585177351503 0.8523820638656616 29
1585177383988 0.8647405505180359 30
1585177416535 0.8562735319137573 31
1585177449120 0.865306556224823 32
1585177481629 0.8744574785232544 33
1585177514649 0.8772405385971069 34
1585177547404 0.8572406768798828 35
1585177579873 0.874599039554596 36
1585177612487 0.8841744661331177 37
1585177645079 0.8820990920066833 38
1585177677671 0.8805660009384155 39
1585177710147 0.8819575309753418 40
1585177742611 0.8780660033226013 41
1585177775288 0.8772405385971069 42
1585177807888 0.8795991539955139 43
1585177840271 0.8805660009384155 44
1585177872869 0.8787735104560852 45
1585177905504 0.8782075643539429 46
1585177937934 0.8809905648231506 47
1585177970186 0.8877829313278198 48
1585178002774 0.8759905695915222 49
1585178035214 0.8647406101226807 50
1585178067316 0.8769575357437134 51
1585178099955 0.8807076215744019 52
1585178132481 0.876132071018219 53
1585178164828 0.8816744685173035 54
1585178197438 0.8747406005859375 55
1585178229999 0.8772405982017517 56
1585178262675 0.8868159651756287 57
1585178295278 0.8834905624389648 58
1585178327778 0.8816744685173035 59
1585178360164 0.8848820328712463 60
1585178392735 0.8820990324020386 61
1585178425307 0.8786320686340332 62
1585178458362 0.8800235986709595 63
1585178490960 0.8933491110801697 64
1585178523877 0.8868159651756287 65
1585178557163 0.8833490610122681 66
1585178589839 0.8894574642181396 67
1585178623654 0.8907074928283691 68
1585178656355 0.8905660510063171 69
1585178689015 0.8893159627914429 70
1585178721761 0.881273627281189 71
1585178754231 0.8918160200119019 72
1585178786900 0.8919575214385986 73
1585178819489 0.8812735676765442 74
1585178852028 0.8941745162010193 75
1585178885741 0.8876650333404541 76
1585178918208 0.8875235915184021 77
1585178950838 0.8941745162010193 78
1585178983235 0.8832075595855713 79
1585179015881 0.889599084854126 80
1585179048302 0.8944575786590576 81
1585179080958 0.895424485206604 82
1585179113676 0.899599015712738 83
1585179146448 0.878915011882782 84
1585179179221 0.8905660510063171 85
1585179212017 0.8929244875907898 86
1585179244527 0.8957074880599976 87
1585179277579 0.8897405862808228 88
1585179310513 0.8858490586280823 89
1585179343402 0.8957074880599976 90
1585179375747 0.889740526676178 91
1585179408466 0.9004244804382324 92
1585179441184 0.9004244804382324 93
1585179473739 0.896957516670227 94
1585179506438 0.8884905576705933 95
1585179539031 0.8884905576705933 96
1585179571542 0.900566041469574 97
1585179603971 0.9004244804382324 98
1585179637195 0.891273558139801 99
1585179669644 0.901957631111145 100
1585179703933 0.8955660462379456 101
1585179737428 0.8968160152435303 102
1585179770407 0.8936320543289185 103
1585179804108 0.8932075500488281 104
1585179836268 0.9054244756698608 105
1585179868736 0.9043160080909729 106
1585179901115 0.8993160128593445 107
1585179933824 0.9107075929641724 108
1585179966853 0.8984905481338501 109
1585179999804 0.8957074880599976 110
1585180032458 0.8945990204811096 111
1585180064801 0.8994574546813965 112
1585180097167 0.8984905481338501 113
1585180129588 0.9054244756698608 114
1585180162614 0.9057074785232544 115
1585180196035 0.9040330052375793 116
1585180228891 0.9033491015434265 117
1585180261746 0.8991745114326477 118
1585180294104 0.9065329432487488 119
1585180326248 0.9044575691223145 120
