1585176397794 0.027248883619904518 0
1585176430066 0.005162789952009916 1
1585176462353 0.0029155605006963015 2
1585176494989 0.004876166582107544 3
1585176527540 0.009218226186931133 4
1585176560207 0.014619134366512299 5
1585176592563 0.014036579057574272 6
1585176624991 0.00861402228474617 7
1585176658093 0.005139211192727089 8
1585176690685 0.0018668542616069317 9
1585176723086 0.004083855543285608 10
1585176755498 0.004304359667003155 11
1585176788080 0.00766279362142086 12
1585176821163 0.013428299687802792 13
1585176853634 0.01796228066086769 14
1585176886242 0.021438414230942726 15
1585176919041 0.02346467599272728 16
1585176951640 0.02509208768606186 17
1585176984248 0.026517488062381744 18
1585177016892 0.025525305420160294 19
1585177050113 0.025511084124445915 20
1585177082651 0.02350214123725891 21
1585177115243 0.021532081067562103 22
1585177147846 0.02126108855009079 23
1585177180346 0.020151104778051376 24
1585177213309 0.019524138420820236 25
1585177246185 0.017545608803629875 26
1585177281204 0.016669757664203644 27
1585177318852 0.014502712525427341 28
1585177351503 0.013288909569382668 29
1585177383988 0.01280257012695074 30
1585177416535 0.01301767211407423 31
1585177449120 0.012258960865437984 32
1585177481629 0.012859334237873554 33
1585177514649 0.012619967572391033 34
1585177547404 0.011346915736794472 35
1585177579873 0.011726443655788898 36
1585177612487 0.012100827880203724 37
1585177645079 0.011921841651201248 38
1585177677671 0.011927366256713867 39
1585177710147 0.009811271913349628 40
1585177742611 0.010575266554951668 41
1585177775288 0.008991907350718975 42
1585177807888 0.007856585085391998 43
1585177840271 0.008947686292231083 44
1585177872869 0.007873538881540298 45
1585177905504 0.007909263484179974 46
1585177937934 0.007287203799933195 47
1585177970186 0.009326664730906487 48
1585178002774 0.0068457769230008125 49
1585178035214 0.00684419646859169 50
1585178067316 0.006838397588580847 51
1585178099955 0.0066276066936552525 52
1585178132481 0.006063792854547501 53
1585178164828 0.006691943854093552 54
1585178197438 0.0066404095850884914 55
1585178229999 0.006816699635237455 56
1585178262675 0.005800626706331968 57
1585178295278 0.004724040627479553 58
1585178327778 0.005673710256814957 59
1585178360164 0.005857050884515047 60
1585178392735 0.004466444719582796 61
1585178425307 0.005062901880592108 62
1585178458362 0.004324670881032944 63
1585178490960 0.006008499301970005 64
1585178523877 0.005851456429809332 65
1585178557163 0.005138172768056393 66
1585178589839 0.004468014929443598 67
1585178623654 0.005040481686592102 68
1585178656355 0.004737171344459057 69
1585178689015 0.0055183838121593 70
1585178721761 0.00428908783942461 71
1585178754231 0.004553568083792925 72
1585178786900 0.005172437522560358 73
1585178819489 0.0038801857735961676 74
1585178852028 0.004853925202041864 75
1585178885741 0.004198283888399601 76
1585178918208 0.004391737747937441 77
1585178950838 0.004901716019958258 78
1585178983235 0.004641120787709951 79
1585179015881 0.004010566510260105 80
1585179048302 0.003733243327587843 81
1585179080958 0.004371384624391794 82
1585179113676 0.004452734719961882 83
1585179146448 0.004268419463187456 84
1585179179221 0.003799659665673971 85
1585179212017 0.005502671934664249 86
1585179244527 0.0035698390565812588 87
1585179277579 0.0040794862434268 88
1585179310513 0.0037027839571237564 89
1585179343402 0.0035265651531517506 90
1585179375747 0.0036543426103889942 91
1585179408466 0.004812277387827635 92
1585179441184 0.004857754334807396 93
1585179473739 0.0034461081959307194 94
1585179506438 0.006087201647460461 95
1585179539031 0.0036361166276037693 96
1585179571542 0.004933304153382778 97
1585179603971 0.004712783731520176 98
1585179637195 0.003737218677997589 99
1585179669644 0.003387856064364314 100
1585179703933 0.0037589408457279205 101
1585179737428 0.003704395145177841 102
1585179770407 0.004461303818970919 103
1585179804108 0.004335625562816858 104
1585179836268 0.004084907006472349 105
1585179868736 0.004040329717099667 106
1585179901115 0.004137611947953701 107
1585179933824 0.004067020025104284 108
1585179966853 0.0032330381218343973 109
1585179999804 0.003862127661705017 110
1585180032458 0.0041559478268027306 111
1585180064801 0.004246863070875406 112
1585180097167 0.0042486125603318214 113
1585180129588 0.004360389895737171 114
1585180162614 0.0038973852060735226 115
1585180196035 0.0043565211817622185 116
1585180228891 0.004185494966804981 117
1585180261746 0.0032078814692795277 118
1585180294104 0.0038245709147304296 119
1585180326248 0.0037440056912600994 120
