1585176386456 0.28348657488822937 0
1585176418531 0.42678162455558777 1
1585176451027 0.6142145395278931 2
1585176483614 0.67954021692276 3
1585176516172 0.676436722278595 4
1585176548686 0.6772413849830627 5
1585176581161 0.677241325378418 6
1585176613652 0.6796551942825317 7
1585176646408 0.676436722278595 8
1585176679193 0.6812644004821777 9
1585176711632 0.6756321787834167 10
1585176744051 0.680766224861145 11
1585176776542 0.6963217854499817 12
1585176809771 0.6991570591926575 13
1585176842353 0.7262069582939148 14
1585176874788 0.7579310536384583 15
1585176907515 0.7760153412818909 16
1585176940158 0.7924520969390869 17
1585176972719 0.7950958013534546 18
1585177005403 0.8160919547080994 19
1585177038152 0.802758514881134 20
1585177071223 0.8111494183540344 21
1585177103857 0.8068199157714844 22
1585177136329 0.8139846920967102 23
1585177168909 0.8286207318305969 24
1585177201864 0.8216474652290344 25
1585177234559 0.8154788613319397 26
1585177267818 0.8119539618492126 27
1585177307166 0.8252873420715332 28
1585177340105 0.8254788517951965 29
1585177372418 0.8243677616119385 30
1585177405149 0.8354789018630981 31
1585177437777 0.8285440802574158 32
1585177470130 0.8259003758430481 33
1585177503140 0.8475095629692078 34
1585177535846 0.8480076789855957 35
1585177568486 0.8368965983390808 36
1585177600865 0.8421455025672913 37
1585177633592 0.8423755168914795 38
1585177666159 0.8568965792655945 39
1585177698667 0.842260479927063 40
1585177731136 0.8531800508499146 41
1585177763763 0.8519539833068848 42
1585177796422 0.8496168255805969 43
1585177828929 0.8630651235580444 44
1585177861285 0.8495402336120605 45
1585177894026 0.8539846539497375 46
1585177926624 0.8460920453071594 47
1585177958867 0.8472030758857727 48
1585177991448 0.8629501461982727 49
1585178023791 0.8613409996032715 50
1585178056180 0.8768965601921082 51
1585178088399 0.8460919857025146 52
1585178120956 0.8699234127998352 53
1585178153527 0.8665899634361267 54
1585178185921 0.8583141565322876 55
1585178218442 0.8652873635292053 56
1585178251260 0.8681992292404175 57
1585178283764 0.8713410496711731 58
1585178316282 0.8777011036872864 59
1585178348752 0.8726437091827393 60
1585178381414 0.8804214596748352 61
1585178413842 0.8737547993659973 62
1585178446637 0.8619540333747864 63
1585178479644 0.8699234127998352 64
1585178512288 0.8802298903465271 65
1585178545706 0.8775861859321594 66
1585178578223 0.8781991600990295 67
1585178612077 0.873869776725769 68
1585178644831 0.8751723766326904 69
1585178677524 0.8794253468513489 70
1585178710298 0.8810345530509949 71
1585178742794 0.8799232840538025 72
1585178775412 0.8891187310218811 73
1585178808053 0.8824520707130432 74
1585178840469 0.8819540143013 75
1585178873156 0.8883141279220581 76
1585178906843 0.8846743702888489 77
1585178939334 0.8878927230834961 78
1585178971979 0.888007640838623 79
1585179004157 0.8970881700515747 80
1585179036878 0.883678138256073 81
1585179069527 0.8802298903465271 82
1585179102268 0.867241382598877 83
1585179134854 0.8980076313018799 84
1585179167723 0.8918390274047852 85
1585179200613 0.889616847038269 86
1585179233129 0.8957854509353638 87
1585179266060 0.9012260437011719 88
1585179298914 0.8980076313018799 89
1585179331654 0.8959770202636719 90
1585179364340 0.9020306468009949 91
1585179397082 0.8988121747970581 92
1585179429580 0.9005363583564758 93
1585179462379 0.90141761302948 94
1585179494857 0.9113409519195557 95
1585179527621 0.9126436710357666 96
1585179560077 0.9164751172065735 97
1585179592498 0.9032566547393799 98
1585179625579 0.9086973667144775 99
1585179658301 0.9109194874763489 100
1585179692050 0.9083908200263977 101
1585179725914 0.9086973667144775 102
1585179758899 0.9121456146240234 103
1585179792598 0.9126436710357666 104
1585179824917 0.9105363488197327 105
1585179857340 0.9134482145309448 106
1585179889613 0.9010344743728638 107
1585179922189 0.9070881009101868 108
1585179955303 0.9126436710357666 109
1585179988234 0.9045593738555908 110
1585180020886 0.9180076718330383 111
1585180053460 0.9135631918907166 112
1585180085751 0.8999233245849609 113
1585180118291 0.9204214215278625 114
1585180150766 0.9142528176307678 115
1585180183661 0.9081991910934448 116
1585180217420 0.9178926944732666 117
1585180250365 0.8965900540351868 118
1585180282744 0.9124520421028137 119
1585180314912 0.9215325117111206 120
