1585176397794 0.8315979242324829 0
1585176430066 0.7384100556373596 1
1585176462353 0.6876856088638306 2
1585176494989 0.6595292091369629 3
1585176527540 0.6449902057647705 4
1585176560207 0.6386979222297668 5
1585176592563 0.6186585426330566 6
1585176624991 0.5867530703544617 7
1585176658093 0.5716400146484375 8
1585176690685 0.5527991056442261 9
1585176723086 0.5212072730064392 10
1585176755498 0.5071694254875183 11
1585176788080 0.4858704209327698 12
1585176821163 0.46813687682151794 13
1585176853634 0.4556286334991455 14
1585176886242 0.44511324167251587 15
1585176919041 0.4364745020866394 16
1585176951640 0.4260742962360382 17
1585176984248 0.4143030345439911 18
1585177016892 0.40266454219818115 19
1585177050113 0.3901216685771942 20
1585177082651 0.38329389691352844 21
1585177115243 0.37613701820373535 22
1585177147846 0.3622809648513794 23
1585177180346 0.35825496912002563 24
1585177213309 0.34636080265045166 25
1585177246185 0.34207868576049805 26
1585177281204 0.3364917039871216 27
1585177318852 0.3341163694858551 28
1585177351503 0.3312702476978302 29
1585177383988 0.33230000734329224 30
1585177416535 0.32543471455574036 31
1585177449120 0.322419136762619 32
1585177481629 0.31396612524986267 33
1585177514649 0.3116037845611572 34
1585177547404 0.3143902122974396 35
1585177579873 0.3062341511249542 36
1585177612487 0.3012316823005676 37
1585177645079 0.2965797185897827 38
1585177677671 0.29635852575302124 39
1585177710147 0.2972904443740845 40
1585177742611 0.28984615206718445 41
1585177775288 0.29295340180397034 42
1585177807888 0.29589295387268066 43
1585177840271 0.2842243015766144 44
1585177872869 0.2907405495643616 45
1585177905504 0.2864498794078827 46
1585177937934 0.28650379180908203 47
1585177970186 0.2786381244659424 48
1585178002774 0.2859566807746887 49
1585178035214 0.2864137291908264 50
1585178067316 0.27567651867866516 51
1585178099955 0.2765347957611084 52
1585178132481 0.2795940637588501 53
1585178164828 0.27236616611480713 54
1585178197438 0.2727295756340027 55
1585178229999 0.2738802433013916 56
1585178262675 0.2722265124320984 57
1585178295278 0.2830880582332611 58
1585178327778 0.27282148599624634 59
1585178360164 0.2770999073982239 60
1585178392735 0.27639323472976685 61
1585178425307 0.26996415853500366 62
1585178458362 0.2697509229183197 63
1585178490960 0.26968976855278015 64
1585178523877 0.2614224851131439 65
1585178557163 0.2741415500640869 66
1585178589839 0.2699607312679291 67
1585178623654 0.2633565366268158 68
1585178656355 0.26196977496147156 69
1585178689015 0.26005980372428894 70
1585178721761 0.26204714179039 71
1585178754231 0.26777249574661255 72
1585178786900 0.2627538740634918 73
1585178819489 0.261026531457901 74
1585178852028 0.2542092204093933 75
1585178885741 0.2624385952949524 76
1585178918208 0.2641102075576782 77
1585178950838 0.25316888093948364 78
1585178983235 0.2568763792514801 79
1585179015881 0.25817224383354187 80
1585179048302 0.25863999128341675 81
1585179080958 0.24783703684806824 82
1585179113676 0.25419262051582336 83
1585179146448 0.2614736258983612 84
1585179179221 0.2511257231235504 85
1585179212017 0.24446947872638702 86
1585179244527 0.2477886974811554 87
1585179277579 0.25289344787597656 88
1585179310513 0.24957707524299622 89
1585179343402 0.2463311105966568 90
1585179375747 0.257846862077713 91
1585179408466 0.24826376140117645 92
1585179441184 0.2407931685447693 93
1585179473739 0.2539491653442383 94
1585179506438 0.24300575256347656 95
1585179539031 0.25818097591400146 96
1585179571542 0.24144510924816132 97
1585179603971 0.24357262253761292 98
1585179637195 0.24950367212295532 99
1585179669644 0.2469683587551117 100
1585179703933 0.24085620045661926 101
1585179737428 0.24226462841033936 102
1585179770407 0.25218328833580017 103
1585179804108 0.23993785679340363 104
1585179836268 0.23807242512702942 105
1585179868736 0.23862409591674805 106
1585179901115 0.24075794219970703 107
1585179933824 0.24144247174263 108
1585179966853 0.240770161151886 109
1585179999804 0.2440730482339859 110
1585180032458 0.2384956330060959 111
1585180064801 0.23599646985530853 112
1585180097167 0.24217046797275543 113
1585180129588 0.22972404956817627 114
1585180162614 0.23360536992549896 115
1585180196035 0.22935163974761963 116
1585180228891 0.23480527102947235 117
1585180261746 0.23976851999759674 118
1585180294104 0.22978997230529785 119
1585180326248 0.22967055439949036 120
