1585176386456 0.8505749702453613 0
1585176418531 0.7582588195800781 1
1585176451027 0.7078867554664612 2
1585176483614 0.6801301836967468 3
1585176516172 0.6754475235939026 4
1585176548686 0.6602656841278076 5
1585176581161 0.6457200646400452 6
1585176613652 0.6216797232627869 7
1585176646408 0.6052224636077881 8
1585176679193 0.5718501210212708 9
1585176711632 0.5562986135482788 10
1585176744051 0.5302959084510803 11
1585176776542 0.5130652189254761 12
1585176809771 0.4972380995750427 13
1585176842353 0.4811260402202606 14
1585176874788 0.47060686349868774 15
1585176907515 0.4617390036582947 16
1585176940158 0.4516615867614746 17
1585176972719 0.44345393776893616 18
1585177005403 0.4297003746032715 19
1585177038152 0.42340755462646484 20
1585177071223 0.4110819399356842 21
1585177103857 0.4052536189556122 22
1585177136329 0.39615628123283386 23
1585177168909 0.38616713881492615 24
1585177201864 0.3826274573802948 25
1585177234559 0.3765341341495514 26
1585177267818 0.3726392984390259 27
1585177307166 0.36751022934913635 28
1585177340105 0.3626644015312195 29
1585177372418 0.35722681879997253 30
1585177405149 0.35529014468193054 31
1585177437777 0.35607919096946716 32
1585177470130 0.3488631844520569 33
1585177503140 0.3443984389305115 34
1585177535846 0.3399258255958557 35
1585177568486 0.3440191149711609 36
1585177600865 0.33535081148147583 37
1585177633592 0.3328835666179657 38
1585177666159 0.3291316628456116 39
1585177698667 0.3309035897254944 40
1585177731136 0.3254822790622711 41
1585177763763 0.32477107644081116 42
1585177796422 0.3222702145576477 43
1585177828929 0.31760355830192566 44
1585177861285 0.32133933901786804 45
1585177894026 0.3170544505119324 46
1585177926624 0.31605497002601624 47
1585177958867 0.30925530195236206 48
1585177991448 0.3081246614456177 49
1585178023791 0.30645397305488586 50
1585178056180 0.30040767788887024 51
1585178088399 0.30614012479782104 52
1585178120956 0.2951847314834595 53
1585178153527 0.3029177486896515 54
1585178185921 0.3034694194793701 55
1585178218442 0.2992987036705017 56
1585178251260 0.293941468000412 57
1585178283764 0.2927929162979126 58
1585178316282 0.29378360509872437 59
1585178348752 0.2868563234806061 60
1585178381414 0.2822595536708832 61
1585178413842 0.2875252664089203 62
1585178446637 0.29562124609947205 63
1585178479644 0.2815944254398346 64
1585178512288 0.28425708413124084 65
1585178545706 0.28466564416885376 66
1585178578223 0.2784658372402191 67
1585178612077 0.2808528244495392 68
1585178644831 0.2777598202228546 69
1585178677524 0.2823368310928345 70
1585178710298 0.27042844891548157 71
1585178742794 0.28149110078811646 72
1585178775412 0.2720779478549957 73
1585178808053 0.27063602209091187 74
1585178840469 0.2702755033969879 75
1585178873156 0.2684788107872009 76
1585178906843 0.26810142397880554 77
1585178939334 0.27362385392189026 78
1585178971979 0.2677869200706482 79
1585179004157 0.2597406506538391 80
1585179036878 0.27076709270477295 81
1585179069527 0.2709738612174988 82
1585179102268 0.28423234820365906 83
1585179134854 0.26347076892852783 84
1585179167723 0.2658040225505829 85
1585179200613 0.25516554713249207 86
1585179233129 0.26112356781959534 87
1585179266060 0.25017181038856506 88
1585179298914 0.2545706629753113 89
1585179331654 0.2538014352321625 90
1585179364340 0.2527257204055786 91
1585179397082 0.25465476512908936 92
1585179429580 0.24941685795783997 93
1585179462379 0.24918760359287262 94
1585179494857 0.24338775873184204 95
1585179527621 0.2446805089712143 96
1585179560077 0.24367009103298187 97
1585179592498 0.25149884819984436 98
1585179625579 0.24802565574645996 99
1585179658301 0.24086067080497742 100
1585179692050 0.24664361774921417 101
1585179725914 0.24178361892700195 102
1585179758899 0.24418476223945618 103
1585179792598 0.24054676294326782 104
1585179824917 0.24862170219421387 105
1585179857340 0.23852045834064484 106
1585179889613 0.2446238249540329 107
1585179922189 0.2385973483324051 108
1585179955303 0.23483724892139435 109
1585179988234 0.2425040453672409 110
1585180020886 0.2301110178232193 111
1585180053460 0.23461733758449554 112
1585180085751 0.24045896530151367 113
1585180118291 0.2285449057817459 114
1585180150766 0.23640860617160797 115
1585180183661 0.23819589614868164 116
1585180217420 0.22959144413471222 117
1585180250365 0.23740972578525543 118
1585180282744 0.2324712872505188 119
1585180314912 0.22637134790420532 120
