1585176405653 0.30811119079589844 0
1585176437964 0.4400889277458191 1
1585176470444 0.6125553846359253 2
1585176502944 0.6753479242324829 3
1585176535455 0.67976313829422 4
1585176568163 0.6763565540313721 5
1585176600459 0.67746502161026 6
1585176632931 0.6831059455871582 7
1585176665984 0.6787254810333252 8
1585176698579 0.6789222955703735 9
1585176730887 0.6816486120223999 10
1585176763374 0.6781189441680908 11
1585176795974 0.6922174692153931 12
1585176829128 0.7085525989532471 13
1585176861577 0.7557567358016968 14
1585176894343 0.7917603254318237 15
1585176926881 0.8136444687843323 16
1585176959569 0.8254713416099548 17
1585176992188 0.8358144164085388 18
1585177024824 0.8441662788391113 19
1585177057991 0.8399287462234497 20
1585177090453 0.8405157327651978 21
1585177123160 0.8334925174713135 22
1585177155720 0.8436668515205383 23
1585177188289 0.8493221402168274 24
1585177221217 0.8429816961288452 25
1585177254070 0.8414304256439209 26
1585177290730 0.8395265340805054 27
1585177326872 0.8462639451026917 28
1585177359348 0.8389304876327515 29
1585177391887 0.8445541858673096 30
1585177424591 0.8458762168884277 31
1585177456940 0.8469253182411194 32
1585177489758 0.8501789569854736 33
1585177522547 0.862375020980835 34
1585177555261 0.8526241779327393 35
1585177587682 0.8557478189468384 36
1585177620400 0.8631600141525269 37
1585177652963 0.8622373342514038 38
1585177685555 0.8687312602996826 39
1585177717967 0.8621090054512024 40
1585177750547 0.8656229972839355 41
1585177783208 0.8645972609519958 42
1585177815803 0.8646079897880554 43
1585177848084 0.87181556224823 44
1585177880851 0.8641568422317505 45
1585177913461 0.8660961389541626 46
1585177945791 0.863541305065155 47
1585177978083 0.8674930334091187 48
1585178010676 0.8694703578948975 49
1585178043118 0.8630408048629761 50
1585178075038 0.8769270181655884 51
1585178107877 0.8633998036384583 52
1585178140397 0.8730277419090271 53
1585178172735 0.8741322159767151 54
1585178205392 0.8665273785591125 55
1585178237910 0.8712639808654785 56
1585178270550 0.8775075674057007 57
1585178303103 0.8774157762527466 58
1585178335642 0.8796877861022949 59
1585178368054 0.8787628412246704 60
1585178400460 0.8812602758407593 61
1585178433211 0.8761934041976929 62
1585178466432 0.8709888458251953 63
1585178499057 0.8816362619400024 64
1585178531756 0.8835229277610779 65
1585178565013 0.8804676532745361 66
1585178597876 0.8838282823562622 67
1585178631608 0.8822886347770691 68
1585178664310 0.8828692436218262 69
1585178697090 0.8843706846237183 70
1585178729581 0.8811540603637695 71
1585178762090 0.8858696222305298 72
1585178794861 0.8905380964279175 73
1585178827351 0.8818628191947937 74
1585178859970 0.8880642652511597 75
1585178893668 0.8879895806312561 76
1585178926132 0.8860989809036255 77
1585178958755 0.8910336494445801 78
1585178991042 0.8856076002120972 79
1585179023827 0.8933436274528503 80
1585179056362 0.8890678882598877 81
1585179089041 0.8878271579742432 82
1585179121654 0.8834202289581299 83
1585179154486 0.8884613513946533 84
1585179187102 0.8912025690078735 85
1585179219926 0.891270637512207 86
1585179252616 0.8957464694976807 87
1585179285518 0.8954833149909973 88
1585179318399 0.8919283151626587 89
1585179351197 0.8958422541618347 90
1585179383865 0.8958855867385864 91
1585179416398 0.8996183276176453 92
1585179449074 0.9004803895950317 93
1585179481659 0.8991875648498535 94
1585179514357 0.8999157547950745 95
1585179546844 0.9005671143531799 96
1585179579443 0.9085205793380737 97
1585179611912 0.9018405675888062 98
1585179645126 0.8999854326248169 99
1585179677538 0.9064385890960693 100
1585179712050 0.9019784331321716 101
1585179745350 0.9027566909790039 102
1585179779225 0.902888834476471 103
1585179811903 0.9029256105422974 104
1585179844186 0.9079804420471191 105
1585179876451 0.9088821411132812 106
1585179908993 0.9001752138137817 107
1585179941608 0.908897876739502 108
1585179974771 0.9055671095848083 109
1585180007713 0.9001334309577942 110
1585180040283 0.906303346157074 111
1585180072656 0.9065103530883789 112
1585180105102 0.8992069363594055 113
1585180137535 0.9129229784011841 114
1585180170473 0.9099801778793335 115
1585180204217 0.9061161279678345 116
1585180236893 0.910620927810669 117
1585180269662 0.8978822827339172 118
1585180301922 0.9094924926757812 119
1585180334095 0.9129950404167175 120
