1585176405653 0.8410864472389221 0
1585176437964 0.7483344078063965 1
1585176470444 0.6977862119674683 2
1585176502944 0.6698297262191772 3
1585176535455 0.6602188348770142 4
1585176568163 0.6494817733764648 5
1585176600459 0.6321892738342285 6
1585176632931 0.6042163968086243 7
1585176665984 0.5884312391281128 8
1585176698579 0.5623246431350708 9
1585176730887 0.5387529134750366 10
1585176763374 0.5187326669692993 11
1585176795974 0.4994678199291229 12
1585176829128 0.48268747329711914 13
1585176861577 0.46837735176086426 14
1585176894343 0.4578600525856018 15
1585176926881 0.44910675287246704 16
1585176959569 0.4388679265975952 17
1585176992188 0.4288784861564636 18
1585177024824 0.4161824584007263 19
1585177057991 0.4067646265029907 20
1585177090453 0.3971879184246063 21
1585177123160 0.39069533348083496 22
1585177155720 0.3792186379432678 23
1585177188289 0.3722110390663147 24
1585177221217 0.3644941449165344 25
1585177254070 0.3593063950538635 26
1585177290730 0.35456550121307373 27
1585177326872 0.3508132994174957 28
1585177359348 0.34696733951568604 29
1585177391887 0.3447633981704712 30
1585177424591 0.34036242961883545 31
1585177456940 0.3392491638660431 32
1585177489758 0.3314146399497986 33
1585177522547 0.32800111174583435 34
1585177555261 0.32715803384780884 35
1585177587682 0.32512664794921875 36
1585177620400 0.31829124689102173 37
1585177652963 0.3147316575050354 38
1585177685555 0.3127450942993164 39
1585177717967 0.31409701704978943 40
1585177750547 0.3076642155647278 41
1585177783208 0.30886223912239075 42
1585177815803 0.3090815842151642 43
1585177848084 0.30091392993927 44
1585177880851 0.3060399293899536 45
1585177913461 0.30175215005874634 46
1585177945791 0.30127936601638794 47
1585177978083 0.2939467132091522 48
1585178010676 0.2970406711101532 49
1585178043118 0.29643386602401733 50
1585178075038 0.2880420982837677 51
1585178107877 0.2913374602794647 52
1585178140397 0.2873893976211548 53
1585178172735 0.2876419425010681 54
1585178205392 0.2880994975566864 55
1585178237910 0.28658947348594666 56
1585178270550 0.283083975315094 57
1585178303103 0.28794050216674805 58
1585178335642 0.28330254554748535 59
1585178368054 0.28197813034057617 60
1585178400460 0.2793263792991638 61
1585178433211 0.2787446975708008 62
1585178466432 0.2826860845088959 63
1585178499057 0.2756420969963074 64
1585178531756 0.2728397846221924 65
1585178565013 0.27940359711647034 66
1585178597876 0.2742132842540741 67
1585178631608 0.2721046805381775 68
1585178664310 0.2698647975921631 69
1585178697090 0.2711983323097229 70
1585178729581 0.2662377953529358 71
1585178762090 0.2746317982673645 72
1585178794861 0.2674159109592438 73
1585178827351 0.2658312916755676 74
1585178859970 0.2622423768043518 75
1585178893668 0.26545870304107666 76
1585178926132 0.2661058306694031 77
1585178958755 0.26339638233184814 78
1585178991042 0.26233166456222534 79
1585179023827 0.2589564323425293 80
1585179056362 0.26470354199409485 81
1585179089041 0.2594054341316223 82
1585179121654 0.2692124843597412 83
1585179154486 0.2624722123146057 84
1585179187102 0.25846487283706665 85
1585179219926 0.24981752038002014 86
1585179252616 0.25445613265037537 87
1585179285518 0.2515326142311096 88
1585179318399 0.25207388401031494 89
1585179351197 0.25006628036499023 90
1585179383865 0.2552862763404846 91
1585179416398 0.2514592707157135 92
1585179449074 0.24510501325130463 93
1585179481659 0.25156837701797485 94
1585179514357 0.2431967556476593 95
1585179546844 0.2514307498931885 96
1585179579443 0.2425576001405716 97
1585179611912 0.24753573536872864 98
1585179645126 0.24876466393470764 99
1585179677538 0.24391451478004456 100
1585179712050 0.24374991655349731 101
1585179745350 0.24202412366867065 102
1585179779225 0.24818402528762817 103
1585179811903 0.24024230241775513 104
1585179844186 0.24334706366062164 105
1585179876451 0.23857226967811584 106
1585179908993 0.24269089102745056 107
1585179941608 0.24001991748809814 108
1585179974771 0.23780369758605957 109
1585180007713 0.2432885468006134 110
1585180040283 0.2343033254146576 111
1585180072656 0.23530690371990204 112
1585180105102 0.24131470918655396 113
1585180137535 0.2291344702243805 114
1585180170473 0.23500698804855347 115
1585180204217 0.23377376794815063 116
1585180236893 0.23219835758209229 117
1585180269662 0.2385891228914261 118
1585180301922 0.23113062977790833 119
1585180334095 0.22802095115184784 120
