1585176405653 0.03085637465119362 0
1585176437964 0.00690716877579689 1
1585176470444 0.004582756198942661 2
1585176502944 0.007683745585381985 3
1585176535455 0.01303008385002613 4
1585176568163 0.01931742951273918 5
1585176600459 0.01894308440387249 6
1585176632931 0.011511923745274544 7
1585176665984 0.008191276341676712 8
1585176698579 0.0032141604460775852 9
1585176730887 0.003730224911123514 10
1585176763374 0.0031464197672903538 11
1585176795974 0.005860237870365381 12
1585176829128 0.010482033714652061 13
1585176861577 0.014628369361162186 14
1585176894343 0.01766238734126091 15
1585176926881 0.019583478569984436 16
1585176959569 0.021120287477970123 17
1585176992188 0.021927833557128906 18
1585177024824 0.021720457822084427 19
1585177057991 0.021336272358894348 20
1585177090453 0.019999049603939056 21
1585177123160 0.018352825194597244 22
1585177155720 0.01773773692548275 23
1585177188289 0.016921792179346085 24
1585177221217 0.01592426747083664 25
1585177254070 0.014772229827940464 26
1585177290730 0.013616358861327171 27
1585177326872 0.01231473684310913 28
1585177359348 0.011787963099777699 29
1585177391887 0.011579049751162529 30
1585177424591 0.011374300345778465 31
1585177456940 0.010880514979362488 32
1585177489758 0.01130843535065651 33
1585177522547 0.011118250899016857 34
1585177555261 0.010502876713871956 35
1585177587682 0.010427212342619896 36
1585177620400 0.010958806611597538 37
1585177652963 0.010883680544793606 38
1585177685555 0.010672328993678093 39
1585177717967 0.009062716737389565 40
1585177750547 0.009738627821207047 41
1585177783208 0.008781492710113525 42
1585177815803 0.008154909126460552 43
1585177848084 0.008735603652894497 44
1585177880851 0.007851546630263329 45
1585177913461 0.007904980331659317 46
1585177945791 0.0072976769879460335 47
1585177978083 0.008613266982138157 48
1585178010676 0.007233981043100357 49
1585178043118 0.007192008197307587 50
1585178075038 0.007522818632423878 51
1585178107877 0.006860163062810898 52
1585178140397 0.007212668191641569 53
1585178172735 0.0070319026708602905 54
1585178205392 0.006738500669598579 55
1585178237910 0.007099054753780365 56
1585178270550 0.006846476346254349 57
1585178303103 0.0063678729347884655 58
1585178335642 0.006562238559126854 59
1585178368054 0.0073421308770775795 60
1585178400460 0.006455743685364723 61
1585178433211 0.006318976171314716 62
1585178466432 0.006042973138391972 63
1585178499057 0.0069491071626544 64
1585178531756 0.00670802965760231 65
1585178565013 0.006560207810252905 66
1585178597876 0.006156811490654945 67
1585178631608 0.00635990034788847 68
1585178664310 0.006324898451566696 69
1585178697090 0.006473586894571781 70
1585178729581 0.006478393450379372 71
1585178762090 0.005825419910252094 72
1585178794861 0.006572266109287739 73
1585178827351 0.006103686988353729 74
1585178859970 0.006458910182118416 75
1585178893668 0.006261194124817848 76
1585178926132 0.0062595391646027565 77
1585178958755 0.006198311224579811 78
1585178991042 0.006450287066400051 79
1585179023827 0.006403523497283459 80
1585179056362 0.005844092927873135 81
1585179089041 0.005461737047880888 82
1585179121654 0.006265898235142231 83
1585179154486 0.0062993373721838 84
1585179187102 0.0060867611318826675 85
1585179219926 0.007126340176910162 86
1585179252616 0.005838532000780106 87
1585179285518 0.006747465580701828 88
1585179318399 0.006040647625923157 89
1585179351197 0.006133435294032097 90
1585179383865 0.006283503957092762 91
1585179416398 0.006717909127473831 92
1585179449074 0.006935476791113615 93
1585179481659 0.0063477372750639915 94
1585179514357 0.007799386978149414 95
1585179546844 0.006574498489499092 96
1585179579443 0.007761519867926836 97
1585179611912 0.0067101432941854 98
1585179645126 0.006377714686095715 99
1585179677538 0.006417565047740936 100
1585179712050 0.006385106593370438 101
1585179745350 0.006823403295129538 102
1585179779225 0.006714235059916973 103
1585179811903 0.006737206131219864 104
1585179844186 0.006603413261473179 105
1585179876451 0.006336440332233906 106
1585179908993 0.006019127555191517 107
1585179941608 0.006761884316802025 108
1585179974771 0.006207770202308893 109
1585180007713 0.006266826298087835 110
1585180040283 0.007214155979454517 111
1585180072656 0.0069582415744662285 112
1585180105102 0.006471722386777401 113
1585180137535 0.0071724094450473785 114
1585180170473 0.006630094721913338 115
1585180204217 0.00674339197576046 116
1585180236893 0.0066309729591012 117
1585180269662 0.005871191620826721 118
1585180301922 0.00633712625131011 119
1585180334095 0.006611283868551254 120
