1585158712058 0.8505750298500061 0
1585158744975 0.7585118412971497 1
1585158778792 0.7089470624923706 2
1585158813386 0.6807081699371338 3
1585158847374 0.674106240272522 4
1585158880662 0.6565453410148621 5
1585158913981 0.6397882103919983 6
1585158947165 0.6151896715164185 7
1585158980275 0.598652184009552 8
1585159013353 0.5684324502944946 9
1585159046362 0.5553662180900574 10
1585159079545 0.5339029431343079 11
1585159112781 0.5198601484298706 12
1585159146514 0.506274938583374 13
1585159179824 0.49064505100250244 14
1585159212978 0.47962135076522827 15
1585159246058 0.46864190697669983 16
1585159280356 0.45814573764801025 17
1585159313834 0.45082229375839233 18
1585159347109 0.43744340538978577 19
1585159380465 0.43292465806007385 20
1585159413614 0.42328909039497375 21
1585159447191 0.4203903377056122 22
1585159480559 0.41304126381874084 23
1585159513993 0.403016060590744 24
1585159547883 0.4023699462413788 25
1585159581606 0.3959127962589264 26
1585159615029 0.39316368103027344 27
1585159648446 0.38746050000190735 28
1585159681704 0.38242194056510925 29
1585159715010 0.37622684240341187 30
1585159748244 0.37420931458473206 31
1585159781564 0.3744628429412842 32
1585159815013 0.36484843492507935 33
1585159847923 0.3601154088973999 34
1585159881142 0.35502320528030396 35
1585159914482 0.35827669501304626 36
1585159947484 0.34898966550827026 37
1585159980392 0.3458872139453888 38
1585160014526 0.3422679603099823 39
1585160048466 0.34353354573249817 40
1585160081760 0.3384925127029419 41
1585160114864 0.33826199173927307 42
1585160147889 0.33650246262550354 43
1585160181578 0.33270135521888733 44
1585160215020 0.3369835317134857 45
1585160248176 0.3337990343570709 46
1585160281085 0.333671897649765 47
1585160314929 0.328232079744339 48
1585160348080 0.3282967209815979 49
1585160381208 0.32719510793685913 50
1585160414271 0.3228469789028168 51
1585160447569 0.32886409759521484 52
1585160480739 0.31862619519233704 53
1585160513927 0.32820019125938416 54
1585160547443 0.32886186242103577 55
1585160581380 0.3262898325920105 56
1585160614737 0.3228633403778076 57
1585160648107 0.32276397943496704 58
1585160681359 0.3239573538303375 59
1585160715107 0.3195103406906128 60
1585160748325 0.3156030476093292 61
1585160781576 0.32233327627182007 62
1585160815022 0.3300427198410034 63
1585160848599 0.31882444024086 64
1585160881885 0.3229001760482788 65
1585160915952 0.3240031599998474 66
1585160949648 0.3190962076187134 67
1585160982889 0.3225201368331909 68
1585161015994 0.3217707872390747 69
1585161049352 0.32773557305336 70
1585161082039 0.3169603943824768 71
1585161114664 0.3272629678249359 72
1585161147433 0.32154709100723267 73
1585161180656 0.32025983929634094 74
1585161213218 0.32258445024490356 75
1585161245885 0.32305142283439636 76
1585161278703 0.32403576374053955 77
1585161311290 0.3284774720668793 78
1585161344108 0.3243938088417053 79
1585161376512 0.31756463646888733 80
1585161409208 0.328323096036911 81
1585161442028 0.3318101167678833 82
1585161475083 0.3429422676563263 83
1585161507740 0.32863563299179077 84
1585161540266 0.33286014199256897 85
1585161573271 0.32424500584602356 86
1585161605636 0.3320586085319519 87
1585161638466 0.3234739601612091 88
1585161670506 0.3302563726902008 89
1585161703030 0.33085694909095764 90
1585161735693 0.3319951593875885 91
1585161768168 0.3353273272514343 92
1585161800887 0.3358183801174164 93
1585161833257 0.3372863829135895 94
1585161865885 0.3336593210697174 95
1585161898748 0.33972203731536865 96
1585161931581 0.33789458870887756 97
1585161964208 0.3470386266708374 98
1585161996966 0.34570303559303284 99
1585162029098 0.34350815415382385 100
1585162061729 0.3501374125480652 101
1585162094310 0.3532702326774597 102
1585162127158 0.3561248779296875 103
1585162159764 0.3538180887699127 104
1585162192286 0.360623300075531 105
1585162224483 0.3565196096897125 106
1585162257522 0.3609751760959625 107
1585162290643 0.35769644379615784 108
1585162323460 0.3582572042942047 109
1585162356142 0.3592357635498047 110
1585162388805 0.3571607172489166 111
1585162421273 0.35972559452056885 112
1585162453999 0.36339229345321655 113
1585162486467 0.3592042326927185 114
1585162519824 0.3624936640262604 115
1585162552127 0.3625318109989166 116
1585162585002 0.3572346270084381 117
1585162617505 0.3640718460083008 118
1585162650495 0.35716375708580017 119
1585162683328 0.3527158796787262 120
