1585158712058 0.034463878720998764 0
1585158744975 0.008727088570594788 1
1585158778792 0.006109182722866535 2
1585158813386 0.009392563253641129 3
1585158847374 0.013821025379002094 4
1585158880662 0.018103182315826416 5
1585158913981 0.015930527821183205 6
1585158947165 0.007306823972612619 7
1585158980275 0.004953571129590273 8
1585159013353 0.0018094961997121572 9
1585159046362 0.0023316750302910805 10
1585159079545 0.003064870135858655 11
1585159112781 0.005227736197412014 12
1585159146514 0.00781227508559823 13
1585159179824 0.01029745303094387 14
1585159212978 0.011695252731442451 15
1585159246058 0.012949646450579166 16
1585159280356 0.013875794596970081 17
1585159313834 0.013529239222407341 18
1585159347109 0.01380916591733694 19
1585159380465 0.013000779785215855 20
1585159413614 0.01160197053104639 21
1585159447191 0.01042698323726654 22
1585159480559 0.009490144439041615 23
1585159513993 0.009380003437399864 24
1585159547883 0.008078067563474178 25
1585159581606 0.008551021106541157 26
1585159615029 0.007102101109921932 27
1585159648446 0.006926482543349266 28
1585159681704 0.0075237867422401905 29
1585159715010 0.00801109429448843 30
1585159748244 0.00736918393522501 31
1585159781564 0.00798394437879324 32
1585159815013 0.008677252568304539 33
1585159847923 0.008447294123470783 34
1585159881142 0.008928841911256313 35
1585159914482 0.00909349974244833 36
1585159947484 0.009765643626451492 37
1585159980392 0.009889730252325535 38
1585160014526 0.009583164006471634 39
1585160048466 0.008667978458106518 40
1585160081760 0.00918977428227663 41
1585160114864 0.008702637627720833 42
1585160147889 0.008603943511843681 43
1585160181578 0.008582326583564281 44
1585160215020 0.00796631257981062 45
1585160248176 0.007798091508448124 46
1585160281085 0.007242544088512659 47
1585160314929 0.007676017936319113 48
1585160348080 0.007143704686313868 49
1585160381208 0.007049962878227234 50
1585160414271 0.0073841651901602745 51
1585160447569 0.006522896699607372 52
1585160480739 0.007664988283067942 53
1585160513927 0.006644459441304207 54
1585160547443 0.006039045751094818 55
1585160581380 0.006278401706367731 56
1585160614737 0.006491157226264477 57
1585160648107 0.006596336606889963 58
1585160681359 0.0061260974034667015 59
1585160715107 0.007352481130510569 60
1585160748325 0.006816985551267862 61
1585160781576 0.005743711721152067 62
1585160815022 0.0060361637733876705 63
1585160848599 0.005718574859201908 64
1585160881885 0.005247110966593027 65
1585160915952 0.005672716069966555 66
1585160949648 0.00560279143974185 67
1585160982889 0.005131623242050409 68
1585161015994 0.005272105801850557 69
1585161049352 0.0048812865279614925 70
1585161082039 0.005487458314746618 71
1585161114664 0.00428184075281024 72
1585161147433 0.004659842699766159 73
1585161180656 0.005046195350587368 74
1585161213218 0.004290328826755285 75
1585161245885 0.004739748779684305 76
1585161278703 0.004349677823483944 77
1585161311290 0.0041029262356460094 78
1585161344108 0.003995991311967373 79
1585161376512 0.004591910634189844 80
1585161409208 0.004393123090267181 81
1585161442028 0.0027570927049964666 82
1585161475083 0.003215091535821557 83
1585161507740 0.003306702245026827 84
1585161540266 0.003538350807502866 85
1585161573271 0.0032544208224862814 86
1585161605636 0.003063720418140292 87
1585161638466 0.003937710076570511 88
1585161670506 0.002367564709857106 89
1585161703030 0.0027063533198088408 90
1585161735693 0.003179465653374791 91
1585161768168 0.003703080117702484 92
1585161800887 0.001961687346920371 93
1585161833257 0.0020192039664834738 94
1585161865885 0.002784454496577382 95
1585161898748 0.0013428503880277276 96
1585161931581 0.002977971453219652 97
1585161964208 0.00228101690299809 98
1585161996966 0.002444147365167737 99
1585162029098 0.0014825044199824333 100
1585162061729 0.002772445557639003 101
1585162094310 0.0017596487887203693 102
1585162127158 0.0012295505730435252 103
1585162159764 0.0010956438491120934 104
1585162192286 0.0028888853266835213 105
1585162224483 0.0015938034048303962 106
1585162257522 0.003060950431972742 107
1585162290643 0.002071887254714966 108
1585162323460 0.0006844064337201416 109
1585162356142 0.002769879996776581 110
1585162388805 0.0022751404903829098 111
1585162421273 0.0014933006605133414 112
1585162453999 0.002293416066095233 113
1585162486467 0.0007041039643809199 114
1585162519824 0.0010498302290216088 115
1585162552127 0.0019226425793021917 116
1585162585002 0.0006554704159498215 117
1585162617505 0.0031339949928224087 118
1585162650495 0.002814839594066143 119
1585162683328 0.0014317992608994246 120
