1585158723614 0.8315979242324829 0
1585158756959 0.7384952306747437 1
1585158790558 0.6887214183807373 2
1585158825090 0.6601724624633789 3
1585158859131 0.6443090438842773 4
1585158892204 0.6354579329490662 5
1585158925814 0.6134381890296936 6
1585158958809 0.5819135904312134 7
1585158991852 0.5667967796325684 8
1585159024922 0.5498716831207275 9
1585159057937 0.5233532190322876 10
1585159091308 0.5119047164916992 11
1585159124602 0.49418050050735474 12
1585159158307 0.47899940609931946 13
1585159191598 0.46686142683029175 14
1585159224599 0.4554387629032135 15
1585159258980 0.44550999999046326 16
1585159292126 0.4336460530757904 17
1585159325542 0.420783668756485 18
1585159358848 0.413210391998291 19
1585159392023 0.40050801634788513 20
1585159425303 0.39590969681739807 21
1585159458862 0.3935951590538025 22
1585159492244 0.37979423999786377 23
1585159525734 0.3792198598384857 24
1585159559987 0.36621060967445374 25
1585159593332 0.3627631366252899 26
1585159626647 0.3579680919647217 27
1585159660131 0.35575973987579346 28
1585159693281 0.3507099747657776 29
1585159726773 0.35204508900642395 30
1585159759842 0.34353333711624146 31
1585159793291 0.3406102657318115 32
1585159826589 0.329974889755249 33
1585159859606 0.3273528516292572 34
1585159892833 0.32781076431274414 35
1585159926097 0.31928491592407227 36
1585159959106 0.3143756687641144 37
1585159991937 0.30876684188842773 38
1585160026092 0.3079606592655182 39
1585160060140 0.308601051568985 40
1585160093452 0.30136072635650635 41
1585160126426 0.30382150411605835 42
1585160159524 0.30694571137428284 43
1585160193311 0.29580605030059814 44
1585160226612 0.302909791469574 45
1585160259693 0.2990056276321411 46
1585160292845 0.298921138048172 47
1585160326541 0.2922511398792267 48
1585160359704 0.29816457629203796 49
1585160392854 0.29972341656684875 50
1585160425922 0.2902974486351013 51
1585160459352 0.29176685214042664 52
1585160492335 0.29540249705314636 53
1585160525611 0.2876715064048767 54
1585160559111 0.28928467631340027 55
1585160593207 0.29070261120796204 56
1585160626453 0.2900576889514923 57
1585160659785 0.30050188302993774 58
1585160692914 0.29176726937294006 59
1585160726807 0.2965547442436218 60
1585160759915 0.29626211524009705 61
1585160793384 0.291282594203949 62
1585160826728 0.2920547127723694 63
1585160860297 0.2923927903175354 64
1585160894599 0.2851906418800354 65
1585160927635 0.2967117726802826 66
1585160961369 0.2939966917037964 67
1585160994588 0.2882210612297058 68
1585161027658 0.2876574993133545 69
1585161060971 0.28651154041290283 70
1585161093572 0.2903204560279846 71
1585161126131 0.2942689061164856 72
1585161159208 0.2904722988605499 73
1585161192049 0.2901802361011505 74
1585161224693 0.28409165143966675 75
1585161257242 0.29189038276672363 76
1585161290245 0.29385730624198914 77
1585161322901 0.2860814034938812 78
1585161355607 0.28982993960380554 79
1585161387966 0.2907831370830536 80
1585161420464 0.2927699387073517 81
1585161453898 0.2813044488430023 82
1585161486557 0.29118481278419495 83
1585161519120 0.2967038154602051 84
1585161551638 0.28930148482322693 85
1585161584657 0.28540152311325073 86
1585161617051 0.2883601486682892 87
1585161649611 0.29347455501556396 88
1585161681858 0.29330137372016907 89
1585161714627 0.29256102442741394 90
1585161747067 0.30148428678512573 91
1585161779953 0.2964361906051636 92
1585161812395 0.28889942169189453 93
1585161844752 0.3026030659675598 94
1585161877370 0.2995959520339966 95
1585161910333 0.30903178453445435 96
1585161942932 0.2967115342617035 97
1585161975811 0.29941660165786743 98
1585162008199 0.31345608830451965 99
1585162040812 0.3093402087688446 100
1585162073155 0.30450135469436646 101
1585162105822 0.30814090371131897 102
1585162138628 0.3188726603984833 103
1585162171135 0.3065367341041565 104
1585162203522 0.30463936924934387 105
1585162235844 0.3092554807662964 106
1585162268881 0.3134903013706207 107
1585162302205 0.3135056495666504 108
1585162334951 0.31651026010513306 109
1585162367626 0.3144263029098511 110
1585162400226 0.31848928332328796 111
1585162432760 0.31414470076560974 112
1585162465444 0.3177315890789032 113
1585162497975 0.30856338143348694 114
1585162531316 0.31184256076812744 115
1585162563787 0.30817103385925293 116
1585162596560 0.31264728307724 117
1585162629342 0.31674206256866455 118
1585162662019 0.3086506128311157 119
1585162694983 0.3087063729763031 120
