1585158723614 0.02724890410900116 0
1585158756959 0.005195088218897581 1
1585158790558 0.0028429273515939713 2
1585158825090 0.004186601843684912 3
1585158859131 0.007154329679906368 4
1585158892204 0.010270429775118828 5
1585158925814 0.008325845003128052 6
1585158958809 0.00402966421097517 7
1585158991852 0.001924937590956688 8
1585159024922 0.0009818414691835642 9
1585159057937 0.004953890107572079 10
1585159091308 0.006399419624358416 11
1585159124602 0.009429306723177433 12
1585159158307 0.013539780862629414 13
1585159191598 0.01641279086470604 14
1585159224599 0.018537765368819237 15
1585159258980 0.019847961142659187 16
1585159292126 0.021075788885354996 17
1585159325542 0.022096728906035423 18
1585159358848 0.020016685128211975 19
1585159392023 0.01991729810833931 20
1585159425303 0.018058286979794502 21
1585159458862 0.01585688814520836 22
1585159492244 0.015549419447779655 23
1585159525734 0.014172185212373734 24
1585159559987 0.014581107534468174 25
1585159593332 0.012750011868774891 26
1585159626647 0.012444328516721725 27
1585159660131 0.010970321483910084 28
1585159693281 0.010602235794067383 29
1585159726773 0.010518214665353298 30
1585159759842 0.011320721358060837 31
1585159793291 0.010868653655052185 32
1585159826589 0.012075734324753284 33
1585159859606 0.012297838926315308 34
1585159892833 0.012236293405294418 35
1585159926097 0.012425442226231098 36
1585159959106 0.012696557678282261 37
1585159991937 0.013172893784940243 38
1585160026092 0.013088076375424862 39
1585160060140 0.011270121671259403 40
1585160093452 0.012145943939685822 41
1585160126426 0.010532115586102009 42
1585160159524 0.00949103757739067 43
1585160193311 0.010726862587034702 44
1585160226612 0.00948122888803482 45
1585160259693 0.009627730585634708 46
1585160292845 0.009028269909322262 47
1585160326541 0.011074351146817207 48
1585160359704 0.008783293887972832 49
1585160392854 0.008498084731400013 50
1585160425922 0.008597888983786106 51
1585160459352 0.008314622566103935 52
1585160492335 0.007595553994178772 53
1585160525611 0.00847971998155117 54
1585160559111 0.008211149834096432 55
1585160593207 0.008432077243924141 56
1585160626453 0.007196630351245403 57
1585160659785 0.006027913186699152 58
1585160692914 0.007035926915705204 59
1585160726807 0.006777740083634853 60
1585160759915 0.005562780424952507 61
1585160793384 0.006085223983973265 62
1585160826728 0.005465259775519371 63
1585160860297 0.0070422496646642685 64
1585160894599 0.006812565959990025 65
1585160927635 0.006245920434594154 66
1585160961369 0.005453349556773901 67
1585160994588 0.006116265431046486 68
1585161027658 0.005827403161674738 69
1585161060971 0.006616821512579918 70
1585161093572 0.004935901146382093 71
1585161126131 0.0054221609607338905 72
1585161159208 0.005970227066427469 73
1585161192049 0.00442802719771862 74
1585161224693 0.005648632068186998 75
1585161257242 0.004637391772121191 76
1585161290245 0.004411258734762669 77
1585161322901 0.005325858015567064 78
1585161355607 0.004926060792058706 79
1585161387966 0.004298152402043343 80
1585161420464 0.0037243161350488663 81
1585161453898 0.005486713256686926 82
1585161486557 0.004189708735793829 83
1585161519120 0.003919371869415045 84
1585161551638 0.004088584799319506 85
1585161584657 0.005781417712569237 86
1585161617051 0.0034412743989378214 87
1585161649611 0.004151036962866783 88
1585161681858 0.0030763077083975077 89
1585161714627 0.0025794145185500383 90
1585161747067 0.003209735732525587 91
1585161779953 0.0036820892710238695 92
1585161812395 0.004144885111600161 93
1585161844752 0.003294327761977911 94
1585161877370 0.004243138246238232 95
1585161910333 0.002810219069942832 96
1585161942932 0.003932670224457979 97
1585161975811 0.0035300087183713913 98
1585162008199 0.004007333889603615 99
1585162040812 0.0019279589178040624 100
1585162073155 0.0016891831764951348 101
1585162105822 0.0015185344964265823 102
1585162138628 0.003940171096473932 103
1585162171135 0.0025565242394804955 104
1585162203522 0.0024618811439722776 105
1585162235844 0.0034714050125330687 106
1585162268881 0.0021664791274815798 107
1585162302205 0.002025381661951542 108
1585162334951 0.0018598530441522598 109
1585162367626 0.002978773321956396 110
1585162400226 0.0021071850787848234 111
1585162432760 0.0021053175441920757 112
1585162465444 0.0010810469975695014 113
1585162497975 0.0026916577480733395 114
1585162531316 0.0028132982552051544 115
1585162563787 0.001960994675755501 116
1585162596560 0.002279761480167508 117
1585162629342 0.0011812886223196983 118
1585162662019 0.0014227910432964563 119
1585162694983 0.0015914264367893338 120
