1585158723614 0.3327358365058899 0
1585158756959 0.45575475692749023 1
1585158790558 0.6072877049446106 2
1585158825090 0.6711556911468506 3
1585158859131 0.683089554309845 4
1585158892204 0.6742216944694519 5
1585158925814 0.677688717842102 6
1585158958809 0.6865566372871399 7
1585158991852 0.6810141801834106 8
1585159024922 0.6765801906585693 9
1585159057937 0.6876651048660278 10
1585159091308 0.6767216920852661 11
1585159124602 0.6981132626533508 12
1585159158307 0.7204481363296509 13
1585159191598 0.7607311010360718 14
1585159224599 0.7886556386947632 15
1585159258980 0.7928065657615662 16
1585159292126 0.8247405290603638 17
1585159325542 0.8241744637489319 18
1585159358848 0.8312735557556152 19
1585159392023 0.8280660510063171 20
1585159425303 0.8144810795783997 21
1585159458862 0.8050471544265747 22
1585159492244 0.8336321115493774 23
1585159525734 0.8021225929260254 24
1585159559987 0.8205659985542297 25
1585159593332 0.8126650452613831 26
1585159626647 0.8237736225128174 27
1585159660131 0.8175235986709595 28
1585159693281 0.832382082939148 29
1585159726773 0.8229480385780334 30
1585159759842 0.8364151120185852 31
1585159793291 0.8515565395355225 32
1585159826589 0.8695990443229675 33
1585159859606 0.8673820495605469 34
1585159892833 0.8484905958175659 35
1585159926097 0.8633490800857544 36
1585159959106 0.8694576025009155 37
1585159991937 0.8794574737548828 38
1585160026092 0.8683490753173828 39
1585160060140 0.8794574737548828 40
1585160093452 0.8768159747123718 41
1585160126426 0.8722405433654785 42
1585160159524 0.8698821067810059 43
1585160193311 0.8805660009384155 44
1585160226612 0.8775235414505005 45
1585160259693 0.8757075071334839 46
1585160292845 0.8809905648231506 47
1585160326541 0.8815329074859619 48
1585160359704 0.8794575929641724 49
1585160392854 0.870707631111145 50
1585160425922 0.874457597732544 51
1585160459352 0.8769575357437134 52
1585160492335 0.8748820424079895 53
1585160525611 0.8754244446754456 54
1585160559111 0.8744574785232544 55
1585160593207 0.875990629196167 56
1585160626453 0.8770990967750549 57
1585160659785 0.8857074975967407 58
1585160692914 0.869316041469574 59
1585160726807 0.8786320686340332 60
1585160759915 0.8725235462188721 61
1585160793384 0.865165114402771 62
1585160826728 0.8725236058235168 63
1585160860297 0.8786320686340332 64
1585160894599 0.8780660033226013 65
1585160927635 0.8757075071334839 66
1585160961369 0.8782075643539429 67
1585160994588 0.8757076263427734 68
1585161027658 0.8830659985542297 69
1585161060971 0.8830659985542297 70
1585161093572 0.8703065514564514 71
1585161126131 0.8772405982017517 72
1585161159208 0.8833490610122681 73
1585161192049 0.8725236058235168 74
1585161224693 0.882924497127533 75
1585161257242 0.8739150762557983 76
1585161290245 0.8751651048660278 77
1585161322901 0.8818159699440002 78
1585161355607 0.8695990443229675 79
1585161387966 0.8770990967750549 80
1585161420464 0.8772406578063965 81
1585161453898 0.8816745281219482 82
1585161486557 0.8784905672073364 83
1585161519120 0.8689150810241699 84
1585161551638 0.8783490657806396 85
1585161584657 0.8794575929641724 86
1585161617051 0.8807075023651123 87
1585161649611 0.8784905672073364 88
1585161681858 0.8773820996284485 89
1585161714627 0.8834905624389648 90
1585161747067 0.8747406005859375 91
1585161779953 0.8772405982017517 92
1585161812395 0.8791744709014893 93
1585161844752 0.8808490633964539 94
1585161877370 0.8739151358604431 95
1585161910333 0.8723820447921753 96
1585161942932 0.8794575929641724 97
1585161975811 0.8805660009384155 98
1585162008199 0.8680896162986755 99
1585162040812 0.8758490085601807 100
1585162073155 0.8782075643539429 101
1585162105822 0.8769575357437134 102
1585162138628 0.8737736344337463 103
1585162171135 0.8772405982017517 104
1585162203522 0.8793160319328308 105
1585162235844 0.8807076215744019 106
1585162268881 0.8748821020126343 107
1585162302205 0.874599039554596 108
1585162334951 0.8736320734024048 109
1585162367626 0.874457597732544 110
1585162400226 0.8675236105918884 111
1585162432760 0.8761321306228638 112
1585162465444 0.8722406029701233 113
1585162497975 0.8768160343170166 114
1585162531316 0.8734905123710632 115
1585162563787 0.8732075691223145 116
1585162596560 0.8733490705490112 117
1585162629342 0.8684905767440796 118
1585162662019 0.879315972328186 119
1585162694983 0.8784905672073364 120
