1585158712058 0.28348657488822937 0
1585158744975 0.42678162455558777 1
1585158778792 0.6097701191902161 2
1585158813386 0.6762068867683411 3
1585158847374 0.676436722278595 4
1585158880662 0.6772413849830627 5
1585158913981 0.677241325378418 6
1585158947165 0.6796551942825317 7
1585158980275 0.676436722278595 8
1585159013353 0.6812644004821777 9
1585159046362 0.6756321787834167 10
1585159079545 0.6852107644081116 11
1585159112781 0.700766384601593 12
1585159146514 0.6980459690093994 13
1585159179824 0.7150958180427551 14
1585159212978 0.7324903607368469 15
1585159246058 0.7373180389404297 16
1585159280356 0.7441762089729309 17
1585159313834 0.7490421533584595 18
1585159347109 0.7568965554237366 19
1585159380465 0.7641761898994446 20
1585159413614 0.7600383758544922 21
1585159447191 0.7397701740264893 22
1585159480559 0.7590421438217163 23
1585159513993 0.7633715867996216 24
1585159547883 0.7601532340049744 25
1585159581606 0.7651723623275757 26
1585159615029 0.7642912268638611 27
1585159648446 0.7654022574424744 28
1585159681704 0.7844827771186829 29
1585159715010 0.8032566905021667 30
1585159748244 0.8059003949165344 31
1585159781564 0.7986589670181274 32
1585159815013 0.8205364346504211 33
1585159847923 0.8203448057174683 34
1585159881142 0.8346743583679199 35
1585159914482 0.8294252753257751 36
1585159947484 0.8286206722259521 37
1585159980392 0.8384292125701904 38
1585160014526 0.837011456489563 39
1585160048466 0.8311493992805481 40
1585160081760 0.8385440111160278 41
1585160114864 0.8463984727859497 42
1585160147889 0.8394253253936768 43
1585160181578 0.8503448963165283 44
1585160215020 0.8376244902610779 45
1585160248176 0.8365134000778198 46
1585160281085 0.8383141756057739 47
1585160314929 0.8463984727859497 48
1585160348080 0.8391187787055969 49
1585160381208 0.8405364155769348 50
1585160414271 0.8594253659248352 51
1585160447569 0.8372030258178711 52
1585160480739 0.8610345125198364 53
1585160513927 0.8477011919021606 54
1585160547443 0.8413410186767578 55
1585160581380 0.8500382900238037 56
1585160614737 0.8513410687446594 57
1585160648107 0.8524520993232727 58
1585160681359 0.8580076694488525 59
1585160715107 0.8554789423942566 60
1585160748325 0.8596168756484985 61
1585160781576 0.8462835550308228 62
1585160815022 0.8513409495353699 63
1585160848599 0.8477010726928711 64
1585160881885 0.8427585959434509 65
1585160915952 0.8496168255805969 66
1585160949648 0.8510344624519348 67
1585160982889 0.8594253659248352 68
1585161015994 0.8440612554550171 69
1585161049352 0.8328736424446106 70
1585161082039 0.8499233722686768 71
1585161114664 0.8360918760299683 72
1585161147433 0.8568965196609497 73
1585161180656 0.8527586460113525 74
1585161213218 0.8467049598693848 75
1585161245885 0.8519540429115295 76
1585161278703 0.8446743488311768 77
1585161311290 0.837701141834259 78
1585161344108 0.8422605395317078 79
1585161376512 0.8529502749443054 80
1585161409208 0.8350958228111267 81
1585161442028 0.8327586650848389 82
1585161475083 0.815632164478302 83
1585161507740 0.8350957632064819 84
1585161540266 0.8306514024734497 85
1585161573271 0.8499233722686768 86
1585161605636 0.8362069129943848 87
1585161638466 0.8418391346931458 88
1585161670506 0.8405364155769348 89
1585161703030 0.8322604894638062 90
1585161735693 0.8360919952392578 91
1585161768168 0.8319540023803711 92
1585161800887 0.8322605490684509 93
1585161833257 0.8286207318305969 94
1585161865885 0.83003830909729 95
1585161898748 0.8244827389717102 96
1585161931581 0.82478928565979 97
1585161964208 0.8200382590293884 98
1585161996966 0.8327586054801941 99
1585162029098 0.8213409781455994 100
1585162061729 0.8188121914863586 101
1585162094310 0.8157087564468384 102
1585162127158 0.8149808049201965 103
1585162159764 0.8152874112129211 104
1585162192286 0.8162068724632263 105
1585162224483 0.8202298283576965 106
1585162257522 0.8197318315505981 107
1585162290643 0.8167049884796143 108
1585162323460 0.8163984417915344 109
1585162356142 0.8204214572906494 110
1585162388805 0.8145977258682251 111
1585162421273 0.8167049884796143 112
1585162453999 0.8111494183540344 113
1585162486467 0.8136780858039856 114
1585162519824 0.8112643957138062 115
1585162552127 0.8122604489326477 116
1585162585002 0.8183141946792603 117
1585162617505 0.8167049884796143 118
1585162650495 0.820842981338501 119
1585162683328 0.8221455812454224 120
