1585158731565 0.030856391414999962 0
1585158764970 0.006961088627576828 1
1585158799722 0.004476055037230253 2
1585158833244 0.006789582781493664 3
1585158867227 0.010487677529454231 4
1585158900377 0.014186806045472622 5
1585158933807 0.012128186412155628 6
1585158966891 0.005668244324624538 7
1585158999811 0.0034392543602734804 8
1585159032871 0.0013956688344478607 9
1585159066036 0.0036427825689315796 10
1585159099334 0.004732144996523857 11
1585159132551 0.0073285214602947235 12
1585159166354 0.010676028206944466 13
1585159199537 0.013355121947824955 14
1585159232703 0.015116509050130844 15
1585159266983 0.016398804262280464 16
1585159300386 0.01747579127550125 17
1585159333482 0.017812984064221382 18
1585159366905 0.016912925988435745 19
1585159400004 0.016459038481116295 20
1585159433226 0.014830129221081734 21
1585159466846 0.01314193569123745 22
1585159500380 0.012519782409071922 23
1585159533952 0.011776094324886799 24
1585159568092 0.011329587548971176 25
1585159601436 0.010650516487658024 26
1585159634868 0.009773215278983116 27
1585159668064 0.008948402479290962 28
1585159701343 0.009063011035323143 29
1585159734823 0.009264654479920864 30
1585159767885 0.009344952180981636 31
1585159801503 0.009426299482584 32
1585159834621 0.010376493446528912 33
1585159867664 0.010372566059231758 34
1585159900844 0.010582568123936653 35
1585159934056 0.010759470984339714 36
1585159967071 0.01123110018670559 37
1585159999899 0.011531312018632889 38
1585160034657 0.011335620656609535 39
1585160068253 0.00996905006468296 40
1585160101540 0.010667858645319939 41
1585160134518 0.009617377072572708 42
1585160167563 0.009047490544617176 43
1585160201369 0.009654594585299492 44
1585160234767 0.008723771199584007 45
1585160267685 0.008712911047041416 46
1585160301040 0.008135407231748104 47
1585160334701 0.009375184774398804 48
1585160367655 0.007963499054312706 49
1585160400827 0.007774023804813623 50
1585160434001 0.00799102708697319 51
1585160467388 0.007418759632855654 52
1585160500412 0.007630270905792713 53
1585160533786 0.007562089711427689 54
1585160567096 0.007125097792595625 55
1585160601274 0.007355239242315292 56
1585160634599 0.00684389378875494 57
1585160667908 0.006312124896794558 58
1585160701617 0.006581012159585953 59
1585160734729 0.007065110839903355 60
1585160768151 0.006189882755279541 61
1585160801571 0.005914467852562666 62
1585160834936 0.005750712007284164 63
1585160868351 0.006380412261933088 64
1585160902541 0.0060298386961221695 65
1585160935691 0.005959318019449711 66
1585160969393 0.0055280704982578754 67
1585161002661 0.005623944103717804 68
1585161035622 0.005549754481762648 69
1585161068851 0.005749054253101349 70
1585161101618 0.005211679730564356 71
1585161133973 0.0048520006239414215 72
1585161167073 0.0053150346502661705 73
1585161199999 0.004737111274152994 74
1585161232734 0.004969480447471142 75
1585161265200 0.004688570275902748 76
1585161298180 0.004380468279123306 77
1585161330812 0.004714392125606537 78
1585161363425 0.004461025819182396 79
1585161396058 0.00444503128528595 80
1585161428604 0.004058719612658024 81
1585161461782 0.0041219028644263744 82
1585161494517 0.003702400252223015 83
1585161527030 0.003613037057220936 84
1585161559999 0.0038134679198265076 85
1585161592462 0.004517919383943081 86
1585161624931 0.0032524974085390568 87
1585161657304 0.004044373519718647 88
1585161690010 0.002721936209127307 89
1585161722371 0.0026428839191794395 90
1585161755022 0.003194600809365511 91
1585161787754 0.003692584577947855 92
1585161820199 0.003053286112844944 93
1585161852675 0.0026567657478153706 94
1585161885330 0.003513796254992485 95
1585161918300 0.0020765347871929407 96
1585161951008 0.0034553208388388157 97
1585161983755 0.0029055126942694187 98
1585162015915 0.003225740510970354 99
1585162048586 0.001705231610685587 100
1585162081096 0.0022308144252747297 101
1585162113908 0.0016390916425734758 102
1585162146573 0.0025848608929663897 103
1585162179129 0.0018260839860886335 104
1585162211419 0.0026753833517432213 105
1585162243801 0.0025326041504740715 106
1585162277167 0.0026137148961424828 107
1585162310234 0.002048634458333254 108
1585162342912 0.0012721297098323703 109
1585162375646 0.0028743266593664885 110
1585162408124 0.0021911626681685448 111
1585162440762 0.0017993091605603695 112
1585162473287 0.0016872314736247063 113
1585162505906 0.0016978809144347906 114
1585162539196 0.0019315641839057207 115
1585162571720 0.0019418186275288463 116
1585162604458 0.0014676159480586648 117
1585162637304 0.0021576418075710535 118
1585162669960 0.002118815202265978 119
1585162702831 0.00151161290705204 120
