1585158731565 0.8410865068435669 0
1585158764970 0.748503565788269 1
1585158799722 0.698834240436554 2
1585158833244 0.6704403162002563 3
1585158867227 0.6592076420783997 4
1585158900377 0.6460016369819641 5
1585158933807 0.626613199710846 6
1585158966891 0.5985516309738159 7
1585158999811 0.5827244520187378 8
1585159032871 0.5591520667076111 9
1585159066036 0.5393596887588501 10
1585159099334 0.5229038000106812 11
1585159132551 0.5070203542709351 12
1585159166354 0.49263715744018555 13
1585159199537 0.4787532389163971 14
1585159232703 0.4675300717353821 15
1585159266983 0.45707595348358154 16
1585159300386 0.4458959102630615 17
1585159333482 0.43580299615859985 18
1585159366905 0.4253268837928772 19
1585159400004 0.4167163372039795 20
1585159433226 0.4095993936061859 21
1585159466846 0.40699273347854614 22
1585159500380 0.3964177370071411 23
1585159533952 0.39111796021461487 24
1585159568092 0.38429027795791626 25
1585159601436 0.37933796644210815 26
1585159634868 0.37556588649749756 27
1585159668064 0.3716101050376892 28
1585159701343 0.3665659427642822 29
1585159734823 0.3641359806060791 30
1585159767885 0.35887134075164795 31
1585159801503 0.35753655433654785 32
1585159834621 0.3474116623401642 33
1585159867664 0.34373414516448975 34
1585159900844 0.34141698479652405 35
1585159934056 0.33878082036972046 36
1585159967071 0.3316826820373535 37
1585159999899 0.32732701301574707 38
1585160034657 0.32511430978775024 39
1585160068253 0.3260672986507416 40
1585160101540 0.3199266195297241 41
1585160134518 0.3210417628288269 42
1585160167563 0.3217240869998932 43
1585160201369 0.31425368785858154 44
1585160234767 0.31994664669036865 45
1585160267685 0.3164023160934448 46
1585160301040 0.3162965178489685 47
1585160334701 0.31024160981178284 48
1585160367655 0.31323063373565674 49
1585160400827 0.31345927715301514 50
1585160434001 0.30657219886779785 51
1585160467388 0.31031548976898193 52
1585160500412 0.3070143461227417 53
1585160533786 0.30793583393096924 54
1585160567096 0.309073269367218 55
1585160601274 0.30849623680114746 56
1585160634599 0.30646049976348877 57
1585160667908 0.3116329312324524 58
1585160701617 0.3078623116016388 59
1585160734729 0.3080325424671173 60
1585160768151 0.30593258142471313 61
1585160801571 0.3068079352378845 62
1585160834936 0.3110487163066864 63
1585160868351 0.3056086301803589 64
1585160902541 0.3040454089641571 65
1585160935691 0.3103574514389038 66
1585160969393 0.3065464496612549 67
1585161002661 0.30537059903144836 68
1585161035622 0.3047141432762146 69
1585161068851 0.3071235418319702 70
1585161101618 0.3036404252052307 71
1585161133973 0.31076592206954956 72
1585161167073 0.3060097098350525 73
1585161199999 0.3052200376987457 74
1585161232734 0.30333805084228516 75
1585161265200 0.3074709177017212 76
1585161298180 0.30894654989242554 77
1585161330812 0.30727943778038025 78
1585161363425 0.30711185932159424 79
1585161396058 0.30417388677597046 80
1585161428604 0.31054651737213135 81
1585161461782 0.306557297706604 82
1585161494517 0.3170635402202606 83
1585161527030 0.3126697242259979 84
1585161559999 0.31108081340789795 85
1585161592462 0.30482327938079834 86
1585161624931 0.31020939350128174 87
1585161657304 0.30847424268722534 88
1585161690010 0.31177887320518494 89
1585161722371 0.3117089867591858 90
1585161755022 0.3167397379875183 91
1585161787754 0.31588175892829895 92
1585161820199 0.31235891580581665 93
1585161852675 0.31994473934173584 94
1585161885330 0.3166276216506958 95
1585161918300 0.3243769109249115 96
1585161951008 0.3173030614852905 97
1585161983755 0.3232276141643524 98
1585162015915 0.32957956194877625 99
1585162048586 0.32642418146133423 100
1585162081096 0.3273193836212158 101
1585162113908 0.33070558309555054 102
1585162146573 0.3374987840652466 103
1585162179129 0.3301774263381958 104
1585162211419 0.33263134956359863 105
1585162243801 0.33288753032684326 106
1585162277167 0.3372327387332916 107
1585162310234 0.3356010317802429 108
1585162342912 0.3373837471008301 109
1585162375646 0.3368310332298279 110
1585162408124 0.3378250002861023 111
1585162440762 0.3369351625442505 112
1585162473287 0.3405619263648987 113
1585162505906 0.3338838219642639 114
1585162539196 0.3371680974960327 115
1585162571720 0.3353514075279236 116
1585162604458 0.33494096994400024 117
1585162637304 0.34040695428848267 118
1585162669960 0.33290719985961914 119
1585162702831 0.33071112632751465 120
