1585158731565 0.30811119079589844 0
1585158764970 0.4412682056427002 1
1585158799722 0.6085289120674133 2
1585158833244 0.6736812591552734 3
1585158867227 0.67976313829422 4
1585158900377 0.6757315397262573 5
1585158933807 0.67746502161026 6
1585158966891 0.6831059455871582 7
1585158999811 0.6787254810333252 8
1585159032871 0.6789222955703735 9
1585159066036 0.6816486120223999 10
1585159099334 0.6809662580490112 11
1585159132551 0.6994398236274719 12
1585159166354 0.7092470526695251 13
1585159199537 0.7379134893417358 14
1585159232703 0.7605730295181274 15
1585159266983 0.7650623321533203 16
1585159300386 0.7844583988189697 17
1585159333482 0.7866083383560181 18
1585159366905 0.7940850257873535 19
1585159400004 0.7961211204528809 20
1585159433226 0.7872596979141235 21
1585159466846 0.772408664226532 22
1585159500380 0.7963371276855469 23
1585159533952 0.7827470898628235 24
1585159568092 0.790359616279602 25
1585159601436 0.7889187335968018 26
1585159634868 0.7940324544906616 27
1585159668064 0.7914628982543945 28
1585159701343 0.8084324598312378 29
1585159734823 0.8131023645401001 30
1585159767885 0.8211577534675598 31
1585159801503 0.825107753276825 32
1585159834621 0.8450677394866943 33
1585159867664 0.8438634276390076 34
1585159900844 0.8415824770927429 35
1585159934056 0.8463871479034424 36
1585159967071 0.8490391373634338 37
1585159999899 0.8589433431625366 38
1585160034657 0.8526802659034729 39
1585160068253 0.8553034067153931 40
1585160101540 0.8576799631118774 41
1585160134518 0.8593195080757141 42
1585160167563 0.8546537160873413 43
1585160201369 0.8654554486274719 44
1585160234767 0.8575739860534668 45
1585160267685 0.8561104536056519 46
1585160301040 0.8596524000167847 47
1585160334701 0.8639656901359558 48
1585160367655 0.859288215637207 49
1585160400827 0.8556220531463623 50
1585160434001 0.8669414520263672 51
1585160467388 0.8570802807807922 52
1585160500412 0.8679583072662354 53
1585160533786 0.8615628480911255 54
1585160567096 0.8578992486000061 55
1585160601274 0.8630144596099854 56
1585160634599 0.8642200827598572 57
1585160667908 0.8690798282623291 58
1585160701617 0.8636618852615356 59
1585160734729 0.8670555353164673 60
1585160768151 0.8660702109336853 61
1585160801571 0.8557243347167969 62
1585160834936 0.8619322776794434 63
1585160868351 0.8631665706634521 64
1585160902541 0.8604122996330261 65
1585160935691 0.8626621961593628 66
1585160969393 0.8646210432052612 67
1585161002661 0.8675664663314819 68
1585161035622 0.8635636568069458 69
1585161068851 0.8579698204994202 70
1585161101618 0.8601149320602417 71
1585161133973 0.8566662073135376 72
1585161167073 0.8701227903366089 73
1585161199999 0.8626410961151123 74
1585161232734 0.8648147583007812 75
1585161265200 0.8629345893859863 76
1585161298180 0.8599197268486023 77
1585161330812 0.8597585558891296 78
1585161363425 0.8559297919273376 79
1585161396058 0.8650246858596802 80
1585161428604 0.856168270111084 81
1585161461782 0.8572165966033936 82
1585161494517 0.8470613956451416 83
1585161527030 0.8520054221153259 84
1585161559999 0.8545002341270447 85
1585161592462 0.8646904826164246 86
1585161624931 0.8584572076797485 87
1585161657304 0.8601648807525635 88
1585161690010 0.8589592576026917 89
1585161722371 0.8578755259513855 90
1585161755022 0.8554162979125977 91
1585161787754 0.8545973300933838 92
1585161820199 0.8557175397872925 93
1585161852675 0.8547348976135254 94
1585161885330 0.851976752281189 95
1585161918300 0.8484324216842651 96
1585161951008 0.8521234393119812 97
1585161983755 0.8503021001815796 98
1585162015915 0.8504241108894348 99
1585162048586 0.8485950231552124 100
1585162081096 0.8485099077224731 101
1585162113908 0.8463331460952759 102
1585162146573 0.8443772196769714 103
1585162179129 0.8462640047073364 104
1585162211419 0.8477614521980286 105
1585162243801 0.8504687547683716 106
1585162277167 0.8473069667816162 107
1585162310234 0.8456519842147827 108
1585162342912 0.845015287399292 109
1585162375646 0.8474395275115967 110
1585162408124 0.8410606384277344 111
1585162440762 0.846418559551239 112
1585162473287 0.8416950106620789 113
1585162505906 0.8452470302581787 114
1585162539196 0.8423774242401123 115
1585162571720 0.8427339792251587 116
1585162604458 0.8458316326141357 117
1585162637304 0.8425977826118469 118
1585162669960 0.8500794768333435 119
1585162702831 0.8503180742263794 120
