1585003551875 0.027248883619904518 0
1585003584631 0.005162789952009916 1
1585003617011 0.0029155605006963015 2
1585003649683 0.004876166582107544 3
1585003682319 0.009218226186931133 4
1585003715093 0.014619134366512299 5
1585003747470 0.014036579057574272 6
1585003780281 0.00861402228474617 7
1585003812855 0.005139211192727089 8
1585003845519 0.0018668542616069317 9
1585003878252 0.004083855543285608 10
1585003910857 0.004304359667003155 11
1585003943517 0.00766279362142086 12
1585003976096 0.013428299687802792 13
1585004008466 0.01796228066086769 14
1585004041082 0.021438414230942726 15
1585004073639 0.02346467599272728 16
1585004106283 0.02509208768606186 17
1585004138747 0.026517488062381744 18
1585004171160 0.025525305420160294 19
1585004203661 0.025511084124445915 20
1585004236190 0.02350214123725891 21
1585004268826 0.021532081067562103 22
1585004301483 0.02126108855009079 23
1585004333798 0.020151104778051376 24
1585004366067 0.019524138420820236 25
1585004398639 0.017545608803629875 26
1585004431057 0.016669757664203644 27
1585004463660 0.014502712525427341 28
1585004496432 0.013288909569382668 29
1585004529180 0.01280257012695074 30
1585004561772 0.01301767211407423 31
1585004594319 0.012258960865437984 32
1585004626997 0.012859334237873554 33
1585004659976 0.012619967572391033 34
1585004692976 0.011346915736794472 35
1585004725420 0.011726443655788898 36
1585004758023 0.012100827880203724 37
1585004790600 0.011921841651201248 38
1585004823208 0.011927366256713867 39
1585004856170 0.009811271913349628 40
1585004888853 0.010575266554951668 41
1585004921295 0.008991907350718975 42
1585004953968 0.007856585085391998 43
1585004986842 0.008947686292231083 44
1585005019437 0.007873538881540298 45
1585005052275 0.007909263484179974 46
1585005084800 0.007287203799933195 47
1585005117531 0.009326664730906487 48
1585005149622 0.0068457769230008125 49
1585005181922 0.00684419646859169 50
1585005215286 0.006838397588580847 51
1585005248126 0.0066276066936552525 52
1585005283271 0.006063792854547501 53
1585005316170 0.006691943854093552 54
1585005348943 0.0066404095850884914 55
1585005381737 0.006816699635237455 56
1585005414415 0.005800626706331968 57
1585005446733 0.004724040627479553 58
1585005479247 0.005673710256814957 59
1585005511721 0.005857050884515047 60
1585005544856 0.004466444719582796 61
1585005577647 0.005062901880592108 62
1585005610087 0.004324670881032944 63
1585005642765 0.006008499301970005 64
1585005675337 0.005851456429809332 65
1585005707825 0.005138172768056393 66
1585005740158 0.004468014929443598 67
1585005772785 0.005040481686592102 68
1585005805273 0.004737171344459057 69
1585005837662 0.0055183838121593 70
1585005870198 0.00428908783942461 71
1585005903095 0.004553568083792925 72
1585005935843 0.005172437522560358 73
1585005968612 0.0038801857735961676 74
1585006001031 0.004853925202041864 75
1585006033688 0.004198283888399601 76
1585006066809 0.004391737747937441 77
1585006099348 0.004901716019958258 78
1585006131822 0.004641120787709951 79
1585006164610 0.004010566510260105 80
1585006197219 0.003733243327587843 81
1585006229550 0.004371384624391794 82
1585006262124 0.004452734719961882 83
1585006295007 0.004268419463187456 84
1585006327540 0.003799659665673971 85
1585006360299 0.005502671934664249 86
1585006393207 0.0035698390565812588 87
1585006426064 0.0040794862434268 88
1585006459564 0.0037027839571237564 89
1585006492116 0.0035265651531517506 90
1585006524617 0.0036543426103889942 91
1585006557122 0.004812277387827635 92
1585006589777 0.004857754334807396 93
1585006622593 0.0034461081959307194 94
1585006655321 0.006087201647460461 95
1585006688279 0.0036361166276037693 96
1585006720925 0.004933304153382778 97
1585006753508 0.004712783731520176 98
1585006785986 0.003737218677997589 99
