1585003540417 0.28348657488822937 0
1585003573135 0.42678162455558777 1
1585003605538 0.6142145395278931 2
1585003638230 0.67954021692276 3
1585003670844 0.676436722278595 4
1585003703483 0.6772413849830627 5
1585003736129 0.677241325378418 6
1585003768593 0.6796551942825317 7
1585003801607 0.676436722278595 8
1585003834037 0.6812644004821777 9
1585003866759 0.6756321787834167 10
1585003899293 0.680766224861145 11
1585003932038 0.6963217854499817 12
1585003964663 0.6991570591926575 13
1585003997028 0.7262069582939148 14
1585004029644 0.7579310536384583 15
1585004062255 0.7760153412818909 16
1585004094750 0.7924520969390869 17
1585004127275 0.7950958013534546 18
1585004159802 0.8160919547080994 19
1585004192176 0.802758514881134 20
1585004224744 0.8111494183540344 21
1585004257331 0.8068199157714844 22
1585004289974 0.8139846920967102 23
1585004322518 0.8286207318305969 24
1585004354688 0.8216474652290344 25
1585004387160 0.8154788613319397 26
1585004419664 0.8119539618492126 27
1585004452224 0.8252873420715332 28
1585004484810 0.8254788517951965 29
1585004517837 0.8243677616119385 30
1585004550152 0.8354789018630981 31
1585004582795 0.8285440802574158 32
1585004615607 0.8259003758430481 33
1585004648496 0.8475095629692078 34
1585004681140 0.8480076789855957 35
1585004713961 0.8368965983390808 36
1585004746623 0.8421455025672913 37
1585004779080 0.8423755168914795 38
1585004811641 0.8568965792655945 39
1585004844671 0.842260479927063 40
1585004877275 0.8531800508499146 41
1585004909800 0.8519539833068848 42
1585004942504 0.8496168255805969 43
1585004975206 0.8630651235580444 44
1585005008010 0.8495402336120605 45
1585005040744 0.8539846539497375 46
1585005073348 0.8460920453071594 47
1585005106058 0.8472030758857727 48
1585005138420 0.8629501461982727 49
1585005170455 0.8613409996032715 50
1585005203726 0.8768965601921082 51
1585005236736 0.8460919857025146 52
1585005271556 0.8699234127998352 53
1585005304388 0.8665899634361267 54
1585005337584 0.8583141565322876 55
1585005370167 0.8652873635292053 56
1585005402978 0.8681992292404175 57
1585005435356 0.8713410496711731 58
1585005467723 0.8777011036872864 59
1585005500365 0.8726437091827393 60
1585005533392 0.8804214596748352 61
1585005566332 0.8737547993659973 62
1585005598658 0.8619540333747864 63
1585005631350 0.8699234127998352 64
1585005663849 0.8802298903465271 65
1585005696480 0.8775861859321594 66
1585005728807 0.8781991600990295 67
1585005761347 0.873869776725769 68
1585005793863 0.8751723766326904 69
1585005826243 0.8794253468513489 70
1585005858815 0.8810345530509949 71
1585005891643 0.8799232840538025 72
1585005924339 0.8891187310218811 73
1585005957099 0.8824520707130432 74
1585005989699 0.8819540143013 75
1585006022220 0.8883141279220581 76
1585006054846 0.8846743702888489 77
1585006087912 0.8878927230834961 78
1585006120316 0.888007640838623 79
1585006152907 0.8970881700515747 80
1585006185851 0.883678138256073 81
1585006218140 0.8802298903465271 82
1585006250544 0.867241382598877 83
1585006283204 0.8980076313018799 84
1585006316104 0.8918390274047852 85
1585006348717 0.889616847038269 86
1585006381664 0.8957854509353638 87
1585006414544 0.9012260437011719 88
1585006447880 0.8980076313018799 89
1585006480684 0.8959770202636719 90
1585006513165 0.9020306468009949 91
1585006545641 0.8988121747970581 92
1585006578256 0.9005363583564758 93
1585006611229 0.90141761302948 94
1585006643602 0.9113409519195557 95
1585006676543 0.9126436710357666 96
1585006709451 0.9164751172065735 97
1585006742149 0.9032566547393799 98
1585006774870 0.9086973667144775 99
