1585003540417 0.8505749702453613 0
1585003573135 0.7582588195800781 1
1585003605538 0.7078867554664612 2
1585003638230 0.6801301836967468 3
1585003670844 0.6754475235939026 4
1585003703483 0.6602656841278076 5
1585003736129 0.6457200646400452 6
1585003768593 0.6216797232627869 7
1585003801607 0.6052224636077881 8
1585003834037 0.5718501210212708 9
1585003866759 0.5562986135482788 10
1585003899293 0.5302959084510803 11
1585003932038 0.5130652189254761 12
1585003964663 0.4972380995750427 13
1585003997028 0.4811260402202606 14
1585004029644 0.47060686349868774 15
1585004062255 0.4617390036582947 16
1585004094750 0.4516615867614746 17
1585004127275 0.44345393776893616 18
1585004159802 0.4297003746032715 19
1585004192176 0.42340755462646484 20
1585004224744 0.4110819399356842 21
1585004257331 0.4052536189556122 22
1585004289974 0.39615628123283386 23
1585004322518 0.38616713881492615 24
1585004354688 0.3826274573802948 25
1585004387160 0.3765341341495514 26
1585004419664 0.3726392984390259 27
1585004452224 0.36751022934913635 28
1585004484810 0.3626644015312195 29
1585004517837 0.35722681879997253 30
1585004550152 0.35529014468193054 31
1585004582795 0.35607919096946716 32
1585004615607 0.3488631844520569 33
1585004648496 0.3443984389305115 34
1585004681140 0.3399258255958557 35
1585004713961 0.3440191149711609 36
1585004746623 0.33535081148147583 37
1585004779080 0.3328835666179657 38
1585004811641 0.3291316628456116 39
1585004844671 0.3309035897254944 40
1585004877275 0.3254822790622711 41
1585004909800 0.32477107644081116 42
1585004942504 0.3222702145576477 43
1585004975206 0.31760355830192566 44
1585005008010 0.32133933901786804 45
1585005040744 0.3170544505119324 46
1585005073348 0.31605497002601624 47
1585005106058 0.30925530195236206 48
1585005138420 0.3081246614456177 49
1585005170455 0.30645397305488586 50
1585005203726 0.30040767788887024 51
1585005236736 0.30614012479782104 52
1585005271556 0.2951847314834595 53
1585005304388 0.3029177486896515 54
1585005337584 0.3034694194793701 55
1585005370167 0.2992987036705017 56
1585005402978 0.293941468000412 57
1585005435356 0.2927929162979126 58
1585005467723 0.29378360509872437 59
1585005500365 0.2868563234806061 60
1585005533392 0.2822595536708832 61
1585005566332 0.2875252664089203 62
1585005598658 0.29562124609947205 63
1585005631350 0.2815944254398346 64
1585005663849 0.28425708413124084 65
1585005696480 0.28466564416885376 66
1585005728807 0.2784658372402191 67
1585005761347 0.2808528244495392 68
1585005793863 0.2777598202228546 69
1585005826243 0.2823368310928345 70
1585005858815 0.27042844891548157 71
1585005891643 0.28149110078811646 72
1585005924339 0.2720779478549957 73
1585005957099 0.27063602209091187 74
1585005989699 0.2702755033969879 75
1585006022220 0.2684788107872009 76
1585006054846 0.26810142397880554 77
1585006087912 0.27362385392189026 78
1585006120316 0.2677869200706482 79
1585006152907 0.2597406506538391 80
1585006185851 0.27076709270477295 81
1585006218140 0.2709738612174988 82
1585006250544 0.28423234820365906 83
1585006283204 0.26347076892852783 84
1585006316104 0.2658040225505829 85
1585006348717 0.25516554713249207 86
1585006381664 0.26112356781959534 87
1585006414544 0.25017181038856506 88
1585006447880 0.2545706629753113 89
1585006480684 0.2538014352321625 90
1585006513165 0.2527257204055786 91
1585006545641 0.25465476512908936 92
1585006578256 0.24941685795783997 93
1585006611229 0.24918760359287262 94
1585006643602 0.24338775873184204 95
1585006676543 0.2446805089712143 96
1585006709451 0.24367009103298187 97
1585006742149 0.25149884819984436 98
1585006774870 0.24802565574645996 99
