1585003551875 0.8315979242324829 0
1585003584631 0.7384100556373596 1
1585003617011 0.6876856088638306 2
1585003649683 0.6595292091369629 3
1585003682319 0.6449902057647705 4
1585003715093 0.6386979222297668 5
1585003747470 0.6186585426330566 6
1585003780281 0.5867530703544617 7
1585003812855 0.5716400146484375 8
1585003845519 0.5527991056442261 9
1585003878252 0.5212072730064392 10
1585003910857 0.5071694254875183 11
1585003943517 0.4858704209327698 12
1585003976096 0.46813687682151794 13
1585004008466 0.4556286334991455 14
1585004041082 0.44511324167251587 15
1585004073639 0.4364745020866394 16
1585004106283 0.4260742962360382 17
1585004138747 0.4143030345439911 18
1585004171160 0.40266454219818115 19
1585004203661 0.3901216685771942 20
1585004236190 0.38329389691352844 21
1585004268826 0.37613701820373535 22
1585004301483 0.3622809648513794 23
1585004333798 0.35825496912002563 24
1585004366067 0.34636080265045166 25
1585004398639 0.34207868576049805 26
1585004431057 0.3364917039871216 27
1585004463660 0.3341163694858551 28
1585004496432 0.3312702476978302 29
1585004529180 0.33230000734329224 30
1585004561772 0.32543471455574036 31
1585004594319 0.322419136762619 32
1585004626997 0.31396612524986267 33
1585004659976 0.3116037845611572 34
1585004692976 0.3143902122974396 35
1585004725420 0.3062341511249542 36
1585004758023 0.3012316823005676 37
1585004790600 0.2965797185897827 38
1585004823208 0.29635852575302124 39
1585004856170 0.2972904443740845 40
1585004888853 0.28984615206718445 41
1585004921295 0.29295340180397034 42
1585004953968 0.29589295387268066 43
1585004986842 0.2842243015766144 44
1585005019437 0.2907405495643616 45
1585005052275 0.2864498794078827 46
1585005084800 0.28650379180908203 47
1585005117531 0.2786381244659424 48
1585005149622 0.2859566807746887 49
1585005181922 0.2864137291908264 50
1585005215286 0.27567651867866516 51
1585005248126 0.2765347957611084 52
1585005283271 0.2795940637588501 53
1585005316170 0.27236616611480713 54
1585005348943 0.2727295756340027 55
1585005381737 0.2738802433013916 56
1585005414415 0.2722265124320984 57
1585005446733 0.2830880582332611 58
1585005479247 0.27282148599624634 59
1585005511721 0.2770999073982239 60
1585005544856 0.27639323472976685 61
1585005577647 0.26996415853500366 62
1585005610087 0.2697509229183197 63
1585005642765 0.26968976855278015 64
1585005675337 0.2614224851131439 65
1585005707825 0.2741415500640869 66
1585005740158 0.2699607312679291 67
1585005772785 0.2633565366268158 68
1585005805273 0.26196977496147156 69
1585005837662 0.26005980372428894 70
1585005870198 0.26204714179039 71
1585005903095 0.26777249574661255 72
1585005935843 0.2627538740634918 73
1585005968612 0.261026531457901 74
1585006001031 0.2542092204093933 75
1585006033688 0.2624385952949524 76
1585006066809 0.2641102075576782 77
1585006099348 0.25316888093948364 78
1585006131822 0.2568763792514801 79
1585006164610 0.25817224383354187 80
1585006197219 0.25863999128341675 81
1585006229550 0.24783703684806824 82
1585006262124 0.25419262051582336 83
1585006295007 0.2614736258983612 84
1585006327540 0.2511257231235504 85
1585006360299 0.24446947872638702 86
1585006393207 0.2477886974811554 87
1585006426064 0.25289344787597656 88
1585006459564 0.24957707524299622 89
1585006492116 0.2463311105966568 90
1585006524617 0.257846862077713 91
1585006557122 0.24826376140117645 92
1585006589777 0.2407931685447693 93
1585006622593 0.2539491653442383 94
1585006655321 0.24300575256347656 95
1585006688279 0.25818097591400146 96
1585006720925 0.24144510924816132 97
1585006753508 0.24357262253761292 98
1585006785986 0.24950367212295532 99
