1585003540417 0.03446386754512787 0
1585003573135 0.008651548065245152 1
1585003605538 0.006249952130019665 2
1585003638230 0.010491324588656425 3
1585003670844 0.016841942444443703 4
1585003703483 0.024015722796320915 5
1585003736129 0.023849589750170708 6
1585003768593 0.014409825205802917 7
1585003801607 0.01124334242194891 8
1585003834037 0.004561466630548239 9
1585003866759 0.0033765940461307764 10
1585003899293 0.001988479634746909 11
1585003932038 0.004057682119309902 12
1585003964663 0.007535768207162619 13
1585003997028 0.011294458992779255 14
1585004029644 0.013886358588933945 15
1585004062255 0.015702281147241592 16
1585004094750 0.017148489132523537 17
1585004127275 0.017338179051876068 18
1585004159802 0.01791561022400856 19
1585004192176 0.017161458730697632 20
1585004224744 0.0164959579706192 21
1585004257331 0.015173569321632385 22
1585004289974 0.014214386232197285 23
1585004322518 0.013692478649318218 24
1585004354688 0.012324397452175617 25
1585004387160 0.011998850852251053 26
1585004419664 0.010562960058450699 27
1585004452224 0.010126760229468346 28
1585004484810 0.01028701663017273 29
1585004517837 0.010355530306696892 30
1585004550152 0.0097309285774827 31
1585004582795 0.009502069093286991 32
1585004615607 0.00975753553211689 33
1585004648496 0.009616534225642681 34
1585004681140 0.009658838622272015 35
1585004713961 0.009127981960773468 36
1585004746623 0.009816785342991352 37
1585004779080 0.009845519438385963 38
1585004811641 0.009417292661964893 39
1585004844671 0.0083141615614295 40
1585004877275 0.008901990018785 41
1585004909800 0.008571078069508076 42
1585004942504 0.008453233167529106 43
1585004975206 0.008523521013557911 44
1585005008010 0.007829555310308933 45
1585005040744 0.007900696247816086 46
1585005073348 0.007308150175958872 47
1585005106058 0.007899869233369827 48
1585005138420 0.007622185628861189 49
1585005170455 0.007539820391684771 50
1585005203726 0.008207239210605621 51
1585005236736 0.007092719431966543 52
1585005271556 0.008361543528735638 53
1585005304388 0.007371861021965742 54
1585005337584 0.006836591754108667 55
1585005370167 0.007381410337984562 56
1585005402978 0.007892326451838017 57
1585005435356 0.008011705242097378 58
1585005467723 0.007450766861438751 59
1585005500365 0.008827210403978825 60
1585005533392 0.008445043116807938 61
1585005566332 0.007575049996376038 62
1585005598658 0.007761274930089712 63
1585005631350 0.007889715023338795 64
1585005663849 0.0075646028853952885 65
1585005696480 0.007982242852449417 66
1585005728807 0.007845607586205006 67
1585005761347 0.007679319474846125 68
1585005793863 0.007912625558674335 69
1585005826243 0.0074287899769842625 70
1585005858815 0.008667699061334133 71
1585005891643 0.007097271736711264 72
1585005924339 0.007972095161676407 73
1585005957099 0.008327187970280647 74
1585005989699 0.00806389469653368 75
1585006022220 0.008324104361236095 76
1585006054846 0.008127340115606785 77
1585006087912 0.007494905963540077 78
1585006120316 0.008259453810751438 79
1585006152907 0.008796480484306812 80
1585006185851 0.007954942062497139 81
1585006218140 0.006552089471369982 82
1585006250544 0.008079062215983868 83
1585006283204 0.00833025574684143 84
1585006316104 0.008373863063752651 85
1585006348717 0.008750008419156075 86
1585006381664 0.008107224479317665 87
1585006414544 0.009415444917976856 88
1585006447880 0.008378511294722557 89
1585006480684 0.008740304969251156 90
1585006513165 0.008912664838135242 91
1585006545641 0.00862354040145874 92
1585006578256 0.009013199247419834 93
1585006611229 0.009249366819858551 94
1585006643602 0.009511572308838367 95
1585006676543 0.009512880817055702 96
1585006709451 0.010589735582470894 97
1585006742149 0.008707502856850624 98
1585006774870 0.00901821069419384 99
