1585003551875 0.3327358365058899 0
1585003584631 0.4533962607383728 1
1585003617011 0.6108961701393127 2
1585003649683 0.6711556911468506 3
1585003682319 0.683089554309845 4
1585003715093 0.6754716634750366 5
1585003747470 0.677688717842102 6
1585003780281 0.6865566372871399 7
1585003812855 0.6810141801834106 8
1585003845519 0.6765801906585693 9
1585003878252 0.6876651048660278 10
1585003910857 0.6754717230796814 11
1585003943517 0.6881131529808044 12
1585003976096 0.7179480791091919 13
1585004008466 0.7853065729141235 14
1585004041082 0.8255895972251892 15
1585004073639 0.8512735962867737 16
1585004106283 0.8584905862808228 17
1585004138747 0.876533031463623 18
1585004171160 0.8722405433654785 19
1585004203661 0.8770990371704102 20
1585004236190 0.8698821067810059 21
1585004268826 0.8601650595664978 22
1585004301483 0.8733490109443665 23
1585004333798 0.8700235486030579 24
1585004366067 0.8643159866333008 25
1585004398639 0.8673820495605469 26
1585004431057 0.8670990467071533 27
1585004463660 0.8672405481338501 28
1585004496432 0.8523820638656616 29
1585004529180 0.8647405505180359 30
1585004561772 0.8562735319137573 31
1585004594319 0.865306556224823 32
1585004626997 0.8744574785232544 33
1585004659976 0.8772405385971069 34
1585004692976 0.8572406768798828 35
1585004725420 0.874599039554596 36
1585004758023 0.8841744661331177 37
1585004790600 0.8820990920066833 38
1585004823208 0.8805660009384155 39
1585004856170 0.8819575309753418 40
1585004888853 0.8780660033226013 41
1585004921295 0.8772405385971069 42
1585004953968 0.8795991539955139 43
1585004986842 0.8805660009384155 44
1585005019437 0.8787735104560852 45
1585005052275 0.8782075643539429 46
1585005084800 0.8809905648231506 47
1585005117531 0.8877829313278198 48
1585005149622 0.8759905695915222 49
1585005181922 0.8647406101226807 50
1585005215286 0.8769575357437134 51
1585005248126 0.8807076215744019 52
1585005283271 0.876132071018219 53
1585005316170 0.8816744685173035 54
1585005348943 0.8747406005859375 55
1585005381737 0.8772405982017517 56
1585005414415 0.8868159651756287 57
1585005446733 0.8834905624389648 58
1585005479247 0.8816744685173035 59
1585005511721 0.8848820328712463 60
1585005544856 0.8820990324020386 61
1585005577647 0.8786320686340332 62
1585005610087 0.8800235986709595 63
1585005642765 0.8933491110801697 64
1585005675337 0.8868159651756287 65
1585005707825 0.8833490610122681 66
1585005740158 0.8894574642181396 67
1585005772785 0.8907074928283691 68
1585005805273 0.8905660510063171 69
1585005837662 0.8893159627914429 70
1585005870198 0.881273627281189 71
1585005903095 0.8918160200119019 72
1585005935843 0.8919575214385986 73
1585005968612 0.8812735676765442 74
1585006001031 0.8941745162010193 75
1585006033688 0.8876650333404541 76
1585006066809 0.8875235915184021 77
1585006099348 0.8941745162010193 78
1585006131822 0.8832075595855713 79
1585006164610 0.889599084854126 80
1585006197219 0.8944575786590576 81
1585006229550 0.895424485206604 82
1585006262124 0.899599015712738 83
1585006295007 0.878915011882782 84
1585006327540 0.8905660510063171 85
1585006360299 0.8929244875907898 86
1585006393207 0.8957074880599976 87
1585006426064 0.8897405862808228 88
1585006459564 0.8858490586280823 89
1585006492116 0.8957074880599976 90
1585006524617 0.889740526676178 91
1585006557122 0.9004244804382324 92
1585006589777 0.9004244804382324 93
1585006622593 0.896957516670227 94
1585006655321 0.8884905576705933 95
1585006688279 0.8884905576705933 96
1585006720925 0.900566041469574 97
1585006753508 0.9004244804382324 98
1585006785986 0.891273558139801 99
