1585003559852 0.30811119079589844 0
1585003592452 0.4400889277458191 1
1585003624787 0.6125553846359253 2
1585003657675 0.6753479242324829 3
1585003690239 0.67976313829422 4
1585003723011 0.6763565540313721 5
1585003755410 0.67746502161026 6
1585003788334 0.6831059455871582 7
1585003820856 0.6787254810333252 8
1585003853430 0.6789222955703735 9
1585003886336 0.6816486120223999 10
1585003918680 0.6781189441680908 11
1585003951481 0.6922174692153931 12
1585003983918 0.7085525989532471 13
1585004016500 0.7557567358016968 14
1585004049068 0.7917603254318237 15
1585004081516 0.8136444687843323 16
1585004114182 0.8254713416099548 17
1585004146596 0.8358144164085388 18
1585004179116 0.8441662788391113 19
1585004211534 0.8399287462234497 20
1585004244040 0.8405157327651978 21
1585004276859 0.8334925174713135 22
1585004309305 0.8436668515205383 23
1585004341591 0.8493221402168274 24
1585004374026 0.8429816961288452 25
1585004406498 0.8414304256439209 26
1585004439034 0.8395265340805054 27
1585004471473 0.8462639451026917 28
1585004504465 0.8389304876327515 29
1585004537051 0.8445541858673096 30
1585004569589 0.8458762168884277 31
1585004602389 0.8469253182411194 32
1585004635086 0.8501789569854736 33
1585004668011 0.862375020980835 34
1585004700872 0.8526241779327393 35
1585004733427 0.8557478189468384 36
1585004765881 0.8631600141525269 37
1585004798483 0.8622373342514038 38
1585004831087 0.8687312602996826 39
1585004864112 0.8621090054512024 40
1585004896729 0.8656229972839355 41
1585004929111 0.8645972609519958 42
1585004961853 0.8646079897880554 43
1585004994820 0.87181556224823 44
1585005027553 0.8641568422317505 45
1585005060197 0.8660961389541626 46
1585005092887 0.863541305065155 47
1585005125372 0.8674930334091187 48
1585005157393 0.8694703578948975 49
1585005190165 0.8630408048629761 50
1585005223522 0.8769270181655884 51
1585005256023 0.8633998036384583 52
1585005291162 0.8730277419090271 53
1585005324214 0.8741322159767151 54
1585005356856 0.8665273785591125 55
1585005389780 0.8712639808654785 56
1585005422216 0.8775075674057007 57
1585005454620 0.8774157762527466 58
1585005487168 0.8796877861022949 59
1585005519911 0.8787628412246704 60
1585005552903 0.8812602758407593 61
1585005585408 0.8761934041976929 62
1585005617911 0.8709888458251953 63
1585005650691 0.8816362619400024 64
1585005683314 0.8835229277610779 65
1585005715780 0.8804676532745361 66
1585005748105 0.8838282823562622 67
1585005780737 0.8822886347770691 68
1585005813137 0.8828692436218262 69
1585005845598 0.8843706846237183 70
1585005878233 0.8811540603637695 71
1585005911039 0.8858696222305298 72
1585005943790 0.8905380964279175 73
1585005976486 0.8818628191947937 74
1585006008935 0.8880642652511597 75
1585006041675 0.8879895806312561 76
1585006074764 0.8860989809036255 77
1585006107263 0.8910336494445801 78
1585006139727 0.8856076002120972 79
1585006172481 0.8933436274528503 80
1585006204997 0.8890678882598877 81
1585006237433 0.8878271579742432 82
1585006270002 0.8834202289581299 83
1585006302924 0.8884613513946533 84
1585006335491 0.8912025690078735 85
1585006368255 0.891270637512207 86
1585006401281 0.8957464694976807 87
1585006434108 0.8954833149909973 88
1585006467473 0.8919283151626587 89
1585006499943 0.8958422541618347 90
1585006532483 0.8958855867385864 91
1585006564940 0.8996183276176453 92
1585006597713 0.9004803895950317 93
1585006630521 0.8991875648498535 94
1585006663282 0.8999157547950745 95
1585006696263 0.9005671143531799 96
1585006728942 0.9085205793380737 97
1585006761588 0.9018405675888062 98
1585006793571 0.8999854326248169 99
