1585003559852 0.03085637465119362 0
1585003592452 0.00690716877579689 1
1585003624787 0.004582756198942661 2
1585003657675 0.007683745585381985 3
1585003690239 0.01303008385002613 4
1585003723011 0.01931742951273918 5
1585003755410 0.01894308440387249 6
1585003788334 0.011511923745274544 7
1585003820856 0.008191276341676712 8
1585003853430 0.0032141604460775852 9
1585003886336 0.003730224911123514 10
1585003918680 0.0031464197672903538 11
1585003951481 0.005860237870365381 12
1585003983918 0.010482033714652061 13
1585004016500 0.014628369361162186 14
1585004049068 0.01766238734126091 15
1585004081516 0.019583478569984436 16
1585004114182 0.021120287477970123 17
1585004146596 0.021927833557128906 18
1585004179116 0.021720457822084427 19
1585004211534 0.021336272358894348 20
1585004244040 0.019999049603939056 21
1585004276859 0.018352825194597244 22
1585004309305 0.01773773692548275 23
1585004341591 0.016921792179346085 24
1585004374026 0.01592426747083664 25
1585004406498 0.014772229827940464 26
1585004439034 0.013616358861327171 27
1585004471473 0.01231473684310913 28
1585004504465 0.011787963099777699 29
1585004537051 0.011579049751162529 30
1585004569589 0.011374300345778465 31
1585004602389 0.010880514979362488 32
1585004635086 0.01130843535065651 33
1585004668011 0.011118250899016857 34
1585004700872 0.010502876713871956 35
1585004733427 0.010427212342619896 36
1585004765881 0.010958806611597538 37
1585004798483 0.010883680544793606 38
1585004831087 0.010672328993678093 39
1585004864112 0.009062716737389565 40
1585004896729 0.009738627821207047 41
1585004929111 0.008781492710113525 42
1585004961853 0.008154909126460552 43
1585004994820 0.008735603652894497 44
1585005027553 0.007851546630263329 45
1585005060197 0.007904980331659317 46
1585005092887 0.0072976769879460335 47
1585005125372 0.008613266982138157 48
1585005157393 0.007233981043100357 49
1585005190165 0.007192008197307587 50
1585005223522 0.007522818632423878 51
1585005256023 0.006860163062810898 52
1585005291162 0.007212668191641569 53
1585005324214 0.0070319026708602905 54
1585005356856 0.006738500669598579 55
1585005389780 0.007099054753780365 56
1585005422216 0.006846476346254349 57
1585005454620 0.0063678729347884655 58
1585005487168 0.006562238559126854 59
1585005519911 0.0073421308770775795 60
1585005552903 0.006455743685364723 61
1585005585408 0.006318976171314716 62
1585005617911 0.006042973138391972 63
1585005650691 0.0069491071626544 64
1585005683314 0.00670802965760231 65
1585005715780 0.006560207810252905 66
1585005748105 0.006156811490654945 67
1585005780737 0.00635990034788847 68
1585005813137 0.006324898451566696 69
1585005845598 0.006473586894571781 70
1585005878233 0.006478393450379372 71
1585005911039 0.005825419910252094 72
1585005943790 0.006572266109287739 73
1585005976486 0.006103686988353729 74
1585006008935 0.006458910182118416 75
1585006041675 0.006261194124817848 76
1585006074764 0.0062595391646027565 77
1585006107263 0.006198311224579811 78
1585006139727 0.006450287066400051 79
1585006172481 0.006403523497283459 80
1585006204997 0.005844092927873135 81
1585006237433 0.005461737047880888 82
1585006270002 0.006265898235142231 83
1585006302924 0.0062993373721838 84
1585006335491 0.0060867611318826675 85
1585006368255 0.007126340176910162 86
1585006401281 0.005838532000780106 87
1585006434108 0.006747465580701828 88
1585006467473 0.006040647625923157 89
1585006499943 0.006133435294032097 90
1585006532483 0.006283503957092762 91
1585006564940 0.006717909127473831 92
1585006597713 0.006935476791113615 93
1585006630521 0.0063477372750639915 94
1585006663282 0.007799386978149414 95
1585006696263 0.006574498489499092 96
1585006728942 0.007761519867926836 97
1585006761588 0.0067101432941854 98
1585006793571 0.006377714686095715 99
