1585003559852 0.8410864472389221 0
1585003592452 0.7483344078063965 1
1585003624787 0.6977862119674683 2
1585003657675 0.6698297262191772 3
1585003690239 0.6602188348770142 4
1585003723011 0.6494817733764648 5
1585003755410 0.6321892738342285 6
1585003788334 0.6042163968086243 7
1585003820856 0.5884312391281128 8
1585003853430 0.5623246431350708 9
1585003886336 0.5387529134750366 10
1585003918680 0.5187326669692993 11
1585003951481 0.4994678199291229 12
1585003983918 0.48268747329711914 13
1585004016500 0.46837735176086426 14
1585004049068 0.4578600525856018 15
1585004081516 0.44910675287246704 16
1585004114182 0.4388679265975952 17
1585004146596 0.4288784861564636 18
1585004179116 0.4161824584007263 19
1585004211534 0.4067646265029907 20
1585004244040 0.3971879184246063 21
1585004276859 0.39069533348083496 22
1585004309305 0.3792186379432678 23
1585004341591 0.3722110390663147 24
1585004374026 0.3644941449165344 25
1585004406498 0.3593063950538635 26
1585004439034 0.35456550121307373 27
1585004471473 0.3508132994174957 28
1585004504465 0.34696733951568604 29
1585004537051 0.3447633981704712 30
1585004569589 0.34036242961883545 31
1585004602389 0.3392491638660431 32
1585004635086 0.3314146399497986 33
1585004668011 0.32800111174583435 34
1585004700872 0.32715803384780884 35
1585004733427 0.32512664794921875 36
1585004765881 0.31829124689102173 37
1585004798483 0.3147316575050354 38
1585004831087 0.3127450942993164 39
1585004864112 0.31409701704978943 40
1585004896729 0.3076642155647278 41
1585004929111 0.30886223912239075 42
1585004961853 0.3090815842151642 43
1585004994820 0.30091392993927 44
1585005027553 0.3060399293899536 45
1585005060197 0.30175215005874634 46
1585005092887 0.30127936601638794 47
1585005125372 0.2939467132091522 48
1585005157393 0.2970406711101532 49
1585005190165 0.29643386602401733 50
1585005223522 0.2880420982837677 51
1585005256023 0.2913374602794647 52
1585005291162 0.2873893976211548 53
1585005324214 0.2876419425010681 54
1585005356856 0.2880994975566864 55
1585005389780 0.28658947348594666 56
1585005422216 0.283083975315094 57
1585005454620 0.28794050216674805 58
1585005487168 0.28330254554748535 59
1585005519911 0.28197813034057617 60
1585005552903 0.2793263792991638 61
1585005585408 0.2787446975708008 62
1585005617911 0.2826860845088959 63
1585005650691 0.2756420969963074 64
1585005683314 0.2728397846221924 65
1585005715780 0.27940359711647034 66
1585005748105 0.2742132842540741 67
1585005780737 0.2721046805381775 68
1585005813137 0.2698647975921631 69
1585005845598 0.2711983323097229 70
1585005878233 0.2662377953529358 71
1585005911039 0.2746317982673645 72
1585005943790 0.2674159109592438 73
1585005976486 0.2658312916755676 74
1585006008935 0.2622423768043518 75
1585006041675 0.26545870304107666 76
1585006074764 0.2661058306694031 77
1585006107263 0.26339638233184814 78
1585006139727 0.26233166456222534 79
1585006172481 0.2589564323425293 80
1585006204997 0.26470354199409485 81
1585006237433 0.2594054341316223 82
1585006270002 0.2692124843597412 83
1585006302924 0.2624722123146057 84
1585006335491 0.25846487283706665 85
1585006368255 0.24981752038002014 86
1585006401281 0.25445613265037537 87
1585006434108 0.2515326142311096 88
1585006467473 0.25207388401031494 89
1585006499943 0.25006628036499023 90
1585006532483 0.2552862763404846 91
1585006564940 0.2514592707157135 92
1585006597713 0.24510501325130463 93
1585006630521 0.25156837701797485 94
1585006663282 0.2431967556476593 95
1585006696263 0.2514307498931885 96
1585006728942 0.2425576001405716 97
1585006761588 0.24753573536872864 98
1585006793571 0.24876466393470764 99
