1585091003711 0.3327358365058899 0
1585091036657 0.45575475692749023 1
1585091069876 0.6072877049446106 2
1585091103155 0.6711556911468506 3
1585091136382 0.683089554309845 4
1585091170267 0.6742216944694519 5
1585091203789 0.677688717842102 6
1585091237319 0.6865566372871399 7
1585091270577 0.6810141801834106 8
1585091304047 0.6765801906585693 9
1585091337187 0.6876651048660278 10
1585091370434 0.6767216920852661 11
1585091403845 0.6981132626533508 12
1585091436999 0.7204481363296509 13
1585091470117 0.7607311010360718 14
1585091503022 0.7886556386947632 15
1585091535709 0.7928065657615662 16
1585091568621 0.8247405290603638 17
1585091601494 0.8241744637489319 18
1585091634653 0.8312735557556152 19
1585091667439 0.8280660510063171 20
1585091700497 0.8144810795783997 21
1585091732929 0.8050471544265747 22
1585091766036 0.8336321115493774 23
1585091799472 0.8021225929260254 24
1585091832413 0.8205659985542297 25
1585091865984 0.8126650452613831 26
1585091899184 0.8237736225128174 27
1585091932201 0.8175235986709595 28
1585091965200 0.832382082939148 29
1585091998284 0.8229480385780334 30
1585092031377 0.8364151120185852 31
1585092064488 0.8515565395355225 32
1585092097425 0.8695990443229675 33
1585092130684 0.8673820495605469 34
1585092163846 0.8484905958175659 35
1585092197287 0.8633490800857544 36
1585092230287 0.8694576025009155 37
1585092263423 0.8794574737548828 38
1585092296576 0.8683490753173828 39
1585092329741 0.8794574737548828 40
1585092362843 0.8768159747123718 41
1585092396115 0.8722405433654785 42
1585092429262 0.8709906339645386 43
1585092462375 0.8805660009384155 44
1585092495673 0.8775235414505005 45
1585092531654 0.8757075071334839 46
1585092564912 0.8784905076026917 47
1585092598323 0.8815329074859619 48
1585092631712 0.8770990371704102 49
1585092664925 0.860990583896637 50
1585092698189 0.8732075691223145 51
1585092731421 0.8782075643539429 52
1585092764611 0.8698820471763611 53
1585092797904 0.8741745352745056 54
1585092831271 0.8697406053543091 55
1585092864773 0.8709905743598938 56
1585092897882 0.8782075643539429 57
1585092931048 0.8725236058235168 58
1585092964443 0.8691745400428772 59
1585092997494 0.8798820376396179 60
1585093030728 0.8711320757865906 61
1585093063756 0.8723821043968201 62
1585093096898 0.8712735772132874 63
1585093130182 0.8848820924758911 64
1585093163934 0.8818159699440002 65
1585093196857 0.8770990967750549 66
1585093230119 0.8783490061759949 67
1585093263511 0.8844575881958008 68
1585093297146 0.8893160223960876 69
1585093330492 0.8868160247802734 70
1585093363725 0.8714150786399841 71
1585093398097 0.8797405362129211 72
1585093431301 0.8857074975967407 73
1585093464391 0.8737736344337463 74
1585093497425 0.8891745209693909 75
1585093530565 0.8801650404930115 76
1585093563688 0.8776650428771973 77
1585093597010 0.885565996170044 78
1585093630073 0.8757076263427734 79
1585093663047 0.8808490633964539 80
1585093696226 0.887099027633667 81
1585093729145 0.8854244947433472 82
1585093762824 0.8897405862808228 83
1585093796239 0.8740565180778503 84
1585093829393 0.885565996170044 85
1585093863188 0.8854245543479919 86
1585093896438 0.8919575214385986 87
1585093929896 0.8798820972442627 88
1585093963239 0.8834905624389648 89
1585093996584 0.8872405290603638 90
1585094029771 0.8834905624389648 91
1585094062951 0.8822405338287354 92
1585094096083 0.895424485206604 93
1585094129283 0.8844574689865112 94
1585094162635 0.8822405338287354 95
1585094195789 0.8772405982017517 96
1585094229183 0.8932075500488281 97
1585094262410 0.8954244256019592 98
1585094296103 0.8873820900917053 99
1585094330390 0.8857076168060303 100
1585094363867 0.8880659937858582 101
1585094396865 0.8905659914016724 102
1585094430243 0.891132116317749 103
1585094463469 0.8919575214385986 104
1585094497487 0.8941745162010193 105
1585094530583 0.895565927028656 106
1585094563601 0.8919575214385986 107
1585094597007 0.9019575119018555 108
1585094630311 0.8884905576705933 109
1585094663859 0.8883490562438965 110
1585094697215 0.8895990252494812 111
1585094730194 0.8945990204811096 112
1585094763281 0.8945990204811096 113
1585094796479 0.895424485206604 114
1585094829653 0.900707483291626 115
1585094863041 0.8952829837799072 116
1585094896397 0.892240583896637 117
1585094929670 0.8904244303703308 118
1585094962972 0.8966744542121887 119
1585094996662 0.896957516670227 120
1585095029902 0.8947405219078064 121
1585095063381 0.903207540512085 122
1585095096635 0.8945990204811096 123
1585095129712 0.896957516670227 124
1585095162822 0.8958490490913391 125
1585095196230 0.8943159580230713 126
1585095229312 0.9019575119018555 127
1585095262373 0.896957516670227 128
1585095295256 0.8979244828224182 129
1585095328802 0.896957516670227 130
1585095362124 0.9027829766273499 131
1585095395173 0.9019575119018555 132
1585095428447 0.892240583896637 133
1585095461570 0.8886319994926453 134
1585095494450 0.8929244875907898 135
1585095527419 0.8966744542121887 136
1585095560500 0.9008491039276123 137
1585095593484 0.8934905529022217 138
1585095626909 0.9023820161819458 139
1585095659972 0.896957516670227 140
1585095693952 0.8864151239395142 141
1585095727030 0.896957516670227 142
1585095760032 0.9076415300369263 143
1585095793654 0.9041745662689209 144
1585095826510 0.9054244756698608 145
1585095859491 0.9019575119018555 146
1585095892916 0.8958490490913391 147
1585095927275 0.907924473285675 148
1585095960333 0.9005659818649292 149
1585095993509 0.899457573890686 150
1585096026752 0.9040330052375793 151
1585096060346 0.9066745042800903 152
1585096093653 0.9018160104751587 153
1585096127009 0.9093160033226013 154
1585096160692 0.9009905457496643 155
1585096193614 0.8998820781707764 156
1585096226613 0.9090330004692078 157
1585096259895 0.9043160080909729 158
1585096292990 0.9104244709014893 159
1585096326186 0.903207540512085 160
1585096360522 0.9016744494438171 161
1585096393672 0.900707483291626 162
1585096427173 0.9030659794807434 163
1585096460226 0.910424530506134 164
1585096493215 0.9054245352745056 165
1585096526387 0.8975235819816589 166
1585096559555 0.9093160033226013 167
1585096592739 0.9008490443229675 168
1585096626034 0.8936321139335632 169
1585096659376 0.9045990705490112 170
1585096692957 0.9009905457496643 171
1585096725961 0.8987735509872437 172
1585096759626 0.8926650881767273 173
1585096792983 0.9044574499130249 174
1585096826514 0.9066744446754456 175
1585096859715 0.9020990133285522 176
1585096892914 0.9043159484863281 177
1585096926196 0.9068160057067871 178
1585096959583 0.9141745567321777 179
1585096992620 0.9055660367012024 180
1585097026110 0.9079245328903198 181
1585097059399 0.9140329957008362 182
1585097092783 0.9070990681648254 183
1585097126311 0.9107074737548828 184
1585097159424 0.904740571975708 185
1585097192698 0.9043159484863281 186
1585097225963 0.9141745567321777 187
1585097259417 0.9094574451446533 188
1585097292602 0.911674439907074 189
1585097325855 0.9069575071334839 190
1585097359983 0.909032940864563 191
1585097394198 0.8926650881767273 192
1585097427299 0.9083490967750549 193
1585097460539 0.9166744947433472 194
1585097493826 0.907382071018219 195
1585097526992 0.9093160033226013 196
1585097560134 0.9094574451446533 197
1585097593561 0.9229245185852051 198
1585097626569 0.9080660343170166 199
1585097659749 0.9068160057067871 200
1585097692930 0.9059906005859375 201
1585097725807 0.9093160033226013 202
1585097758897 0.905707597732544 203
1585097792534 0.9152829647064209 204
1585097825966 0.9154245257377625 205
1585097861060 0.9095990061759949 206
1585097894194 0.909882128238678 207
1585097927326 0.9080659747123718 208
1585097960677 0.9166744947433472 209
1585097994137 0.9004244804382324 210
1585098027533 0.9130659699440002 211
1585098060666 0.9094575643539429 212
1585098093781 0.9014151096343994 213
1585098126936 0.9061321020126343 214
1585098160020 0.9165329933166504 215
1585098193236 0.9080660343170166 216
1585098226967 0.905707597732544 217
1585098260173 0.9158490300178528 218
1585098293482 0.9165329933166504 219
1585098327393 0.9152829647064209 220
1585098360484 0.9120990633964539 221
1585098393569 0.9107074737548828 222
1585098426868 0.9159905910491943 223
1585098460432 0.9077829718589783 224
1585098493289 0.9011321067810059 225
1585098526431 0.916815996170044 226
1585098559715 0.9057074785232544 227
1585098593113 0.9095991253852844 228
1585098626398 0.9132075309753418 229
1585098659247 0.9091745018959045 230
1585098692623 0.9190329909324646 231
1585098725823 0.9077829718589783 232
1585098759039 0.9190329909324646 233
1585098792762 0.9095991253852844 234
1585098825904 0.9082075357437134 235
1585098859135 0.9111320972442627 236
1585098892822 0.9154244661331177 237
1585098926369 0.9218159914016724 238
1585098959737 0.9136320352554321 239
1585098992998 0.9169576168060303 240
1585099026090 0.9094575643539429 241
1585099059295 0.9140329957008362 242
1585099092421 0.9145990610122681 243
1585099125386 0.916815996170044 244
1585099158461 0.9107075929641724 245
1585099191576 0.9133490324020386 246
1585099224554 0.9182075262069702 247
1585099257811 0.9158490896224976 248
1585099290909 0.9133489727973938 249
1585099323829 0.9154244661331177 250
1585099356820 0.916815996170044 251
1585099389993 0.9205660223960876 252
1585099423220 0.9119575023651123 253
1585099456443 0.9144575595855713 254
1585099489693 0.9182075262069702 255
1585099522602 0.9229245185852051 256
1585099556648 0.9044575691223145 257
1585099589632 0.9145990610122681 258
1585099622859 0.9130659699440002 259
1585099656139 0.9119575023651123 260
1585099689478 0.9193159937858582 261
1585099722757 0.9158490896224976 262
1585099755979 0.9216744303703308 263
1585099789103 0.9158490300178528 264
1585099822204 0.9094575643539429 265
1585099857198 0.9279245138168335 266
1585099891200 0.9152830243110657 267
1585099924448 0.9134905338287354 268
1585099957612 0.9205660223960876 269
1585099990712 0.9169574975967407 270
1585100024248 0.9159905314445496 271
1585100059382 0.9194575548171997 272
1585100092591 0.9179244637489319 273
1585100125788 0.8998820781707764 274
1585100158719 0.9202829599380493 275
1585100191984 0.9169574975967407 276
1585100225212 0.9191744923591614 277
1585100258695 0.9132075309753418 278
1585100291948 0.916815996170044 279
1585100325508 0.9205659627914429 280
1585100358898 0.9169574975967407 281
1585100392389 0.9194575548171997 282
1585100426150 0.9241744875907898 283
1585100459347 0.9216744899749756 284
1585100492954 0.914315938949585 285
1585100526439 0.9220990538597107 286
1585100559862 0.9166744351387024 287
1585100594479 0.9155660271644592 288
1585100627899 0.9182075262069702 289
1585100661122 0.9179245233535767 290
1585100694330 0.9207075834274292 291
1585100727749 0.9170989990234375 292
1585100760971 0.9133490920066833 293
1585100794401 0.90488201379776 294
1585100827785 0.917240560054779 295
1585100860818 0.9265329837799072 296
1585100894617 0.9243159890174866 297
1585100927917 0.9288914799690247 298
1585100961587 0.9222405552864075 299
1585100995160 0.9025235772132874 300
1585101028159 0.9230660200119019 301
1585101061297 0.9191744923591614 302
1585101095531 0.9241744875907898 303
1585101128778 0.9215330481529236 304
1585101162309 0.9220989942550659 305
1585101195592 0.9180659651756287 306
1585101228646 0.9195991158485413 307
1585101261773 0.9229245185852051 308
1585101295044 0.9144575595855713 309
1585101328207 0.9230659604072571 310
1585101361437 0.9238914251327515 311
1585101394507 0.9170990586280823 312
1585101428021 0.920849084854126 313
1585101461448 0.9254244565963745 314
1585101494387 0.9204245209693909 315
1585101527773 0.9145990610122681 316
1585101560833 0.9230660200119019 317
1585101593842 0.9169574975967407 318
1585101626891 0.9119575023651123 319
1585101660408 0.9170989990234375 320
1585101693594 0.920849084854126 321
1585101726697 0.9204245209693909 322
1585101759573 0.9279245138168335 323
1585101793244 0.9169574975967407 324
1585101826504 0.918349027633667 325
1585101859585 0.9205660223960876 326
1585101893308 0.925000011920929 327
1585101927472 0.9198821187019348 328
1585101960608 0.9112735390663147 329
1585101993503 0.9162735939025879 330
1585102026575 0.9169574975967407 331
1585102060429 0.9227830171585083 332
1585102093265 0.9277829527854919 333
1585102126460 0.9245989918708801 334
1585102159718 0.9268159866333008 335
1585102192664 0.9269574880599976 336
1585102225674 0.9183490872383118 337
1585102258803 0.9184905886650085 338
1585102291678 0.9341744780540466 339
1585102324951 0.924032986164093 340
1585102357936 0.9238914847373962 341
1585102391073 0.9252829551696777 342
1585102424619 0.9279245138168335 343
1585102457791 0.9248820543289185 344
1585102491002 0.9112735986709595 345
1585102524620 0.9218159914016724 346
1585102557750 0.928207516670227 347
1585102590847 0.9277830123901367 348
1585102624548 0.9268159866333008 349
1585102657961 0.9254244565963745 350
1585102691452 0.9312499761581421 351
1585102724759 0.9183490872383118 352
1585102757866 0.9232075214385986 353
1585102790930 0.9234905242919922 354
1585102825325 0.9352829456329346 355
1585102858921 0.917240560054779 356
1585102892172 0.9302830100059509 357
1585102925425 0.9233490824699402 358
1585102958807 0.9313914775848389 359
1585102991896 0.9255659580230713 360
1585103026151 0.9222404956817627 361
1585103060083 0.9276414513587952 362
1585103093143 0.9219574928283691 363
1585103126536 0.9277829527854919 364
1585103159660 0.9280660152435303 365
1585103192967 0.9268159866333008 366
1585103226125 0.9388914704322815 367
1585103259266 0.9257074594497681 368
1585103292700 0.9230660200119019 369
1585103326050 0.9290330410003662 370
1585103359511 0.9313914775848389 371
1585103392560 0.9316744804382324 372
1585103425826 0.9301415085792542 373
1585103459223 0.9257074594497681 374
1585103493047 0.9302829504013062 375
1585103526507 0.9273821115493774 376
1585103559955 0.9268159866333008 377
1585103593204 0.9245990514755249 378
1585103626166 0.9222405552864075 379
1585103659366 0.9252829551696777 380
1585103693078 0.926674485206604 381
1585103726035 0.9315329790115356 382
1585103759075 0.926815927028656 383
1585103792336 0.9229244589805603 384
1585103826413 0.9229245185852051 385
1585103859673 0.9255659580230713 386
1585103892976 0.9268159866333008 387
1585103926118 0.9279245138168335 388
1585103959751 0.9182075262069702 389
1585103993070 0.9302830100059509 390
1585104026065 0.9338915348052979 391
1585104059184 0.9220991134643555 392
1585104092576 0.9230660200119019 393
1585104126037 0.9243159890174866 394
1585104163472 0.9327830076217651 395
1585104197122 0.9354245066642761 396
1585104230438 0.9316744804382324 397
1585104263765 0.9173820614814758 398
1585104296904 0.9283490777015686 399
1585104330050 0.9269576072692871 400
1585104363171 0.9280659556388855 401
1585104396264 0.9280660152435303 402
1585104429463 0.9254245162010193 403
1585104462345 0.9366745352745056 404
1585104495604 0.920849084854126 405
1585104529078 0.9269574880599976 406
1585104562451 0.9380659461021423 407
1585104595602 0.9304244518280029 408
1585104628723 0.9257074594497681 409
1585104662006 0.9327829480171204 410
1585104695344 0.9291744232177734 411
1585104728622 0.9255660176277161 412
1585104761652 0.9233490228652954 413
1585104794556 0.9315329790115356 414
1585104827776 0.9258490800857544 415
1585104860931 0.9219574928283691 416
1585104894261 0.9254245162010193 417
1585104927227 0.9280660152435303 418
1585104960113 0.9291744828224182 419
1585104993340 0.9230660200119019 420
1585105026690 0.9229244589805603 421
1585105059791 0.9279245138168335 422
1585105093167 0.9290330410003662 423
1585105126438 0.9244575500488281 424
1585105159586 0.9257075786590576 425
1585105192910 0.9294575452804565 426
1585105226095 0.9145990610122681 427
1585105259363 0.9255660176277161 428
1585105292964 0.9162735939025879 429
1585105327666 0.9291744828224182 430
1585105360922 0.9195991158485413 431
1585105395221 0.9180660247802734 432
1585105428211 0.9255659580230713 433
1585105463413 0.9219574928283691 434
1585105496866 0.9201414585113525 435
1585105530385 0.9229244589805603 436
1585105563552 0.9118159413337708 437
1585105597058 0.9243159294128418 438
1585105630238 0.9195989966392517 439
1585105663483 0.9180659651756287 440
1585105696625 0.9179244637489319 441
1585105729944 0.9194575548171997 442
1585105763137 0.9118160009384155 443
1585105796151 0.9177829623222351 444
1585105831429 0.9201414585113525 445
1585105864774 0.9179245233535767 446
1585105897954 0.9084905385971069 447
1585105931021 0.920849084854126 448
1585105964400 0.9145990610122681 449
1585105997470 0.9195989966392517 450
1585106030574 0.9161320924758911 451
1585106063928 0.9215330481529236 452
1585106097448 0.9155660271644592 453
1585106130606 0.9123820662498474 454
1585106164032 0.9179244637489319 455
1585106197271 0.9176415205001831 456
1585106230183 0.9118159413337708 457
1585106263302 0.924032986164093 458
1585106296495 0.9170990586280823 459
1585106329593 0.9087736010551453 460
1585106362548 0.9155660271644592 461
1585106395852 0.9144575595855713 462
1585106429553 0.9132075309753418 463
1585106462705 0.9154245257377625 464
1585106495717 0.9194575548171997 465
1585106528719 0.9119576215744019 466
1585106561934 0.9208490252494812 467
1585106594973 0.925141453742981 468
1585106628384 0.916815996170044 469
1585106661348 0.913066029548645 470
1585106694436 0.9227830171585083 471
1585106727346 0.9227829575538635 472
1585106760343 0.9133490324020386 473
1585106793568 0.9216744899749756 474
1585106826481 0.9165329933166504 475
1585106859572 0.9155659079551697 476
1585106893048 0.9157074689865112 477
1585106926653 0.9220990538597107 478
1585106959795 0.9204244613647461 479
1585106993777 0.9169576168060303 480
1585107028113 0.9119575023651123 481
1585107061240 0.9119575023651123 482
1585107094253 0.9180659651756287 483
1585107127631 0.9176414608955383 484
1585107161603 0.9118159413337708 485
1585107194995 0.9158490300178528 486
1585107228166 0.9170990586280823 487
1585107261303 0.9170990586280823 488
1585107294547 0.9193159937858582 489
1585107327964 0.9180660247802734 490
1585107361549 0.916815996170044 491
1585107394952 0.9191744327545166 492
1585107428172 0.921391487121582 493
1585107461307 0.9227830171585083 494
1585107494319 0.9108490943908691 495
1585107527710 0.9268159866333008 496
1585107560674 0.9218159914016724 497
1585107593841 0.9170990586280823 498
1585107626805 0.9108490347862244 499
1585107660234 0.9288914799690247 500
1585107693684 0.9226414561271667 501
1585107727250 0.9158490300178528 502
1585107760158 0.9144575595855713 503
1585107793243 0.9119575023651123 504
1585107827889 0.912523627281189 505
1585107861169 0.9227829575538635 506
1585107895273 0.9218159914016724 507
1585107928302 0.9205660223960876 508
1585107961601 0.9158490300178528 509
1585107994670 0.9169574975967407 510
1585108027884 0.9120990633964539 511
1585108062616 0.9084905385971069 512
1585108096039 0.9207074642181396 513
1585108129416 0.9141744375228882 514
1585108162658 0.9263915419578552 515
1585108195987 0.916815996170044 516
1585108229231 0.9145991206169128 517
1585108262152 0.9130659699440002 518
1585108295677 0.9227830171585083 519
1585108329252 0.9144575595855713 520
1585108362302 0.9158490896224976 521
1585108395273 0.9158490896224976 522
1585108428288 0.9152829647064209 523
1585108461865 0.9218159914016724 524
1585108494822 0.9155659675598145 525
1585108527666 0.9205660223960876 526
1585108560764 0.916815996170044 527
1585108593857 0.9230659604072571 528
1585108626962 0.9204245209693909 529
1585108660031 0.9169574975967407 530
1585108693326 0.9130659699440002 531
1585108726945 0.9144575595855713 532
1585108760348 0.9141745567321777 533
1585108793385 0.9119575023651123 534
1585108826724 0.9204245209693909 535
1585108859881 0.9132075309753418 536
1585108892981 0.9114151000976562 537
1585108927156 0.9083490371704102 538
1585108960381 0.9148820638656616 539
1585108993628 0.9226414561271667 540
1585109027309 0.9215330481529236 541
1585109060418 0.9202829599380493 542
1585109093938 0.9123820662498474 543
1585109127149 0.9134905338287354 544
1585109160496 0.9144574403762817 545
1585109193522 0.9119576215744019 546
1585109226947 0.9132075309753418 547
1585109260291 0.9155660271644592 548
1585109293576 0.9157075881958008 549
1585109328267 0.9195990562438965 550
1585109361745 0.9218159914016724 551
1585109394858 0.9215330481529236 552
1585109427832 0.9241744875907898 553
1585109461123 0.9134905934333801 554
1585109494181 0.9193159937858582 555
1585109527047 0.9183490872383118 556
1585109560134 0.916815996170044 557
1585109593451 0.9120990037918091 558
1585109627061 0.9191744327545166 559
1585109660671 0.9190329909324646 560
1585109693800 0.9130659699440002 561
1585109726705 0.9190329909324646 562
1585109760146 0.9204244613647461 563
1585109793487 0.9180660247802734 564
1585109826744 0.9145990610122681 565
1585109860148 0.9120990633964539 566
1585109893293 0.9133490324020386 567
1585109926395 0.9255659580230713 568
1585109960066 0.9144575595855713 569
1585109993300 0.9059905409812927 570
1585110026139 0.913066029548645 571
1585110060110 0.9166744947433472 572
1585110093264 0.914315938949585 573
1585110126668 0.9205659627914429 574
1585110159870 0.9172405004501343 575
1585110192668 0.9179245233535767 576
1585110225828 0.9219574928283691 577
1585110259037 0.9155660271644592 578
1585110292090 0.9180659651756287 579
1585110325183 0.9177830219268799 580
1585110358250 0.9191744923591614 581
1585110391183 0.9172405004501343 582
1585110424151 0.9144575595855713 583
1585110457202 0.9241744875907898 584
1585110490311 0.9166744947433472 585
1585110523343 0.918349027633667 586
1585110556398 0.9158490896224976 587
1585110590243 0.9177830219268799 588
1585110623407 0.9193159937858582 589
1585110656596 0.9136320948600769 590
1585110689861 0.9194575548171997 591
1585110723029 0.9166745543479919 592
1585110756315 0.9144575595855713 593
1585110789259 0.91002357006073 594
1585110822591 0.9154245257377625 595
1585110856324 0.9168160557746887 596
1585110889490 0.9184905290603638 597
1585110923027 0.9219574928283691 598
1585110956105 0.9179245233535767 599
1585110989119 0.9230660200119019 600
1585111022301 0.9182075262069702 601
1585111055414 0.9205659627914429 602
1585111088480 0.9166744947433472 603
1585111123085 0.9205659627914429 604
1585111156374 0.9183490872383118 605
1585111189286 0.9165329933166504 606
1585111222555 0.9157074689865112 607
1585111255703 0.9182075262069702 608
1585111288923 0.916815996170044 609
1585111322297 0.9227829575538635 610
1585111356528 0.9166745543479919 611
1585111389903 0.9218159914016724 612
1585111422830 0.9182075262069702 613
1585111455815 0.9202829599380493 614
1585111489273 0.9227829575538635 615
1585111523891 0.9220991134643555 616
1585111556908 0.9076650142669678 617
1585111590639 0.916815996170044 618
1585111623910 0.909882128238678 619
1585111657276 0.9166744947433472 620
1585111690619 0.9170990586280823 621
1585111724057 0.9193159937858582 622
1585111757662 0.9180660247802734 623
1585111790976 0.9195990562438965 624
1585111824341 0.9193160533905029 625
1585111858014 0.917240560054779 626
1585111891709 0.9216744899749756 627
1585111925414 0.9180660247802734 628
1585111959002 0.9147405624389648 629
1585111992926 0.9252829551696777 630
1585112027241 0.9122405648231506 631
1585112060544 0.9159905910491943 632
1585112094619 0.9166744947433472 633
1585112128910 0.9145991206169128 634
1585112162300 0.9195990562438965 635
1585112195551 0.9205659627914429 636
1585112228938 0.9180660247802734 637
1585112262366 0.918349027633667 638
1585112297163 0.9176415205001831 639
1585112330898 0.9191744923591614 640
1585112364574 0.9177830219268799 641
1585112397875 0.9130659699440002 642
1585112431823 0.9276415109634399 643
1585112466015 0.9133490324020386 644
1585112499676 0.9172406196594238 645
1585112534290 0.9180660247802734 646
1585112567867 0.9182075262069702 647
1585112601531 0.9158490896224976 648
1585112635544 0.9205659627914429 649
1585112668951 0.9133490324020386 650
1585112702224 0.9230659604072571 651
1585112735478 0.9205660223960876 652
1585112769514 0.9227828979492188 653
1585112803035 0.925141453742981 654
1585112836141 0.9157074689865112 655
1585112869908 0.9144574403762817 656
1585112903802 0.9177830219268799 657
1585112937685 0.9190329313278198 658
1585112971531 0.9169574975967407 659
1585113005067 0.918349027633667 660
1585113038450 0.9170989990234375 661
1585113071736 0.9154245257377625 662
1585113105114 0.9180659651756287 663
1585113139067 0.9132075309753418 664
1585113172383 0.9204244017601013 665
1585113206348 0.9188914895057678 666
1585113240484 0.9108490943908691 667
1585113273692 0.9166744947433472 668
1585113306949 0.9134905934333801 669
1585113340549 0.9218159317970276 670
1585113374089 0.9205660223960876 671
1585113407730 0.9180659055709839 672
1585113441085 0.9191744923591614 673
1585113474713 0.9193160533905029 674
1585113508316 0.9133490324020386 675
1585113541694 0.9145990610122681 676
1585113575230 0.9204245209693909 677
1585113608835 0.9133490324020386 678
1585113642091 0.916815996170044 679
1585113675949 0.9180660247802734 680
1585113710627 0.9176414608955383 681
1585113744253 0.9180659651756287 682
1585113777654 0.9191744923591614 683
1585113810996 0.9194575548171997 684
1585113844342 0.9155660271644592 685
1585113877765 0.9227829575538635 686
1585113911351 0.9215329885482788 687
1585113944941 0.9290329813957214 688
1585113979746 0.9184905886650085 689
1585114013241 0.9230659604072571 690
1585114046778 0.9132075309753418 691
1585114080207 0.9194575548171997 692
1585114113465 0.9122405648231506 693
1585114146809 0.9172405004501343 694
1585114180223 0.9170990586280823 695
1585114213720 0.9148821234703064 696
1585114247313 0.9157075881958008 697
1585114280381 0.9109905362129211 698
1585114314001 0.9145991206169128 699
1585114347487 0.9227830171585083 700
1585114380760 0.9132075309753418 701
1585114414078 0.9120990633964539 702
1585114447959 0.9168160557746887 703
1585114481279 0.9169574975967407 704
1585114515385 0.9155659675598145 705
1585114548868 0.9182075262069702 706
1585114582512 0.9051650762557983 707
1585114616110 0.9216745495796204 708
1585114650480 0.9169574975967407 709
1585114684099 0.9216744303703308 710
1585114717542 0.9215329885482788 711
1585114751969 0.9204244613647461 712
1585114785269 0.9207074642181396 713
1585114819604 0.920849084854126 714
1585114853483 0.9218159317970276 715
1585114886920 0.9179245233535767 716
1585114920605 0.9194575548171997 717
1585114954288 0.9155660271644592 718
1585114988059 0.9159905314445496 719
1585115021599 0.9195990562438965 720
1585115055220 0.9162735939025879 721
1585115089546 0.9252829551696777 722
1585115123638 0.9183490872383118 723
1585115158340 0.9154244661331177 724
1585115191603 0.9155659675598145 725
1585115225307 0.9204245209693909 726
1585115259717 0.924032986164093 727
1585115293138 0.9195990562438965 728
1585115326570 0.9194575548171997 729
1585115360906 0.9157074689865112 730
1585115394689 0.9144575595855713 731
1585115427987 0.9147405624389648 732
1585115462387 0.914174497127533 733
1585115496230 0.9129244685173035 734
1585115530459 0.9193159937858582 735
1585115564090 0.9155659675598145 736
1585115597763 0.9177829623222351 737
1585115631304 0.9207074642181396 738
1585115664860 0.9157075881958008 739
1585115698316 0.9118160009384155 740
1585115731556 0.9152829647064209 741
1585115765028 0.9157074689865112 742
1585115799235 0.921391487121582 743
1585115832749 0.9190329909324646 744
1585115866277 0.9188914895057678 745
1585115899460 0.9130659699440002 746
1585115932699 0.9107074737548828 747
1585115966145 0.9144575595855713 748
1585115999787 0.9191744923591614 749
1585116033441 0.9288914799690247 750
1585116066728 0.9180659651756287 751
1585116100228 0.9191745519638062 752
1585116133905 0.9190329313278198 753
1585116167167 0.9168160557746887 754
1585116201055 0.918349027633667 755
1585116234861 0.9158490896224976 756
1585116269400 0.9219574928283691 757
1585116303264 0.9158490300178528 758
1585116337577 0.9147406220436096 759
1585116371088 0.916815996170044 760
1585116404459 0.9109905362129211 761
1585116438010 0.9215329885482788 762
1585116471771 0.9205660223960876 763
1585116506122 0.9252830147743225 764
1585116540112 0.9179244637489319 765
1585116573597 0.9207074642181396 766
1585116607040 0.9182075262069702 767
1585116640620 0.9265329241752625 768
1585116675041 0.9136320948600769 769
1585116709390 0.9195991158485413 770
1585116743550 0.9161320328712463 771
1585116777276 0.9137735962867737 772
1585116811161 0.9147405624389648 773
1585116844699 0.9182075262069702 774
1585116878080 0.9227829575538635 775
1585116911967 0.9157074689865112 776
1585116945368 0.9147405624389648 777
1585116979232 0.9155659675598145 778
1585117013916 0.9154244661331177 779
1585117047054 0.9136320352554321 780
1585117080788 0.9218159317970276 781
1585117114048 0.9170990586280823 782
1585117147775 0.9237499833106995 783
1585117181145 0.9125235676765442 784
1585117214717 0.9190329313278198 785
1585117248355 0.9277829527854919 786
1585117281570 0.9182075262069702 787
1585117315100 0.9193159937858582 788
1585117349003 0.9170990586280823 789
1585117383014 0.9191744923591614 790
1585117416458 0.9147405624389648 791
1585117451094 0.9180660247802734 792
1585117486555 0.9218160510063171 793
1585117519771 0.9169576168060303 794
1585117553888 0.9205660223960876 795
1585117587630 0.9148820638656616 796
1585117620775 0.9157074689865112 797
1585117654091 0.9132075309753418 798
1585117687650 0.9202830195426941 799
1585117721186 0.9144575595855713 800
1585117754777 0.9227830171585083 801
1585117788675 0.9194574356079102 802
1585117822113 0.9218160510063171 803
1585117855535 0.9155660271644592 804
1585117888844 0.9119575023651123 805
1585117923244 0.9243159890174866 806
1585117956680 0.9301415085792542 807
1585117990121 0.9230659604072571 808
1585118023863 0.9219574928283691 809
1585118057701 0.9157075881958008 810
1585118091946 0.9216744899749756 811
1585118125501 0.913066029548645 812
1585118159910 0.9120990633964539 813
1585118193288 0.9143159985542297 814
1585118226759 0.9254245162010193 815
1585118260375 0.917240560054779 816
1585118293784 0.9159905910491943 817
1585118327418 0.9158490896224976 818
1585118360869 0.9216744899749756 819
1585118394251 0.9202829599380493 820
1585118427908 0.918349027633667 821
1585118461882 0.9129245281219482 822
1585118495152 0.9145990610122681 823
1585118528782 0.9194575548171997 824
1585118562742 0.9148820638656616 825
1585118596213 0.9204244613647461 826
1585118631324 0.9155659675598145 827
1585118665458 0.9144575595855713 828
1585118698991 0.9230660200119019 829
1585118732551 0.9180659651756287 830
1585118766115 0.9170990586280823 831
1585118800202 0.9240329265594482 832
1585118833745 0.9155660271644592 833
1585118867138 0.9169574975967407 834
1585118900643 0.9202829599380493 835
1585118934166 0.9179244637489319 836
1585118967468 0.9188914895057678 837
1585119000851 0.9158490896224976 838
1585119035189 0.9169574975967407 839
1585119068857 0.9169574975967407 840
1585119102088 0.9193159937858582 841
1585119135703 0.916815996170044 842
1585119169350 0.9144575595855713 843
1585119203570 0.9144574403762817 844
1585119236873 0.9114151000976562 845
1585119270250 0.9205660223960876 846
1585119304084 0.9170990586280823 847
1585119337529 0.9132075309753418 848
1585119370753 0.9129245281219482 849
1585119404050 0.9207075834274292 850
1585119437599 0.9202830195426941 851
1585119471102 0.9240330457687378 852
1585119504608 0.9202829599380493 853
1585119538270 0.9193159937858582 854
1585119571952 0.9215330481529236 855
1585119605809 0.9265329837799072 856
1585119639560 0.9176415205001831 857
1585119672731 0.9155659675598145 858
1585119707441 0.9194575548171997 859
1585119741580 0.917240560054779 860
1585119774894 0.9157074689865112 861
1585119809475 0.9179244637489319 862
1585119842973 0.9227829575538635 863
1585119876508 0.9255659580230713 864
1585119909966 0.9193160533905029 865
1585119943465 0.9122406244277954 866
1585119977430 0.9108490347862244 867
1585120011306 0.9215329885482788 868
1585120044913 0.9216744899749756 869
1585120078691 0.9169574975967407 870
1585120112481 0.9229245185852051 871
1585120146443 0.9218159914016724 872
1585120179792 0.921532928943634 873
1585120213053 0.9216744899749756 874
1585120246740 0.9194575548171997 875
1585120280038 0.926533043384552 876
1585120313763 0.9158490300178528 877
1585120347341 0.9182075262069702 878
1585120381576 0.9182075262069702 879
1585120415048 0.9111320376396179 880
1585120449447 0.9158490300178528 881
1585120484004 0.9194575548171997 882
1585120517705 0.9229245185852051 883
1585120551399 0.9265329837799072 884
1585120584956 0.9169574975967407 885
1585120618994 0.9182075262069702 886
1585120652984 0.9219574928283691 887
1585120686585 0.9182075262069702 888
1585120721356 0.9201415181159973 889
1585120755840 0.9166744947433472 890
1585120789364 0.9182075262069702 891
1585120822823 0.9194575548171997 892
1585120856265 0.9183490872383118 893
1585120889729 0.9159905314445496 894
1585120923288 0.9152829647064209 895
1585120956427 0.9158490300178528 896
1585120990910 0.9145990610122681 897
1585121024546 0.9190330505371094 898
1585121057929 0.9229245185852051 899
1585121091205 0.9215329885482788 900
1585121124490 0.9166744947433472 901
1585121158068 0.9227829575538635 902
1585121192573 0.9170990586280823 903
1585121228445 0.918891429901123 904
1585121261692 0.9226415157318115 905
1585121295312 0.9143159985542297 906
1585121328456 0.9163914322853088 907
1585121361742 0.916815996170044 908
1585121395632 0.9201414585113525 909
1585121429299 0.9216744899749756 910
1585121462726 0.9219576120376587 911
1585121496144 0.9277830123901367 912
1585121530285 0.9130659699440002 913
1585121566298 0.9145990610122681 914
1585121600267 0.9230660200119019 915
1585121633685 0.9254244565963745 916
1585121667431 0.9194575548171997 917
1585121701231 0.9176414608955383 918
1585121734499 0.9215330481529236 919
1585121768017 0.9169574975967407 920
1585121801444 0.9191744923591614 921
1585121835194 0.9201415181159973 922
1585121869163 0.9182075262069702 923
1585121903076 0.9170990586280823 924
1585121936593 0.9182075262069702 925
1585121970595 0.9193159341812134 926
1585122004859 0.9204245209693909 927
1585122038337 0.9133490324020386 928
1585122072389 0.923891544342041 929
1585122106264 0.9098820686340332 930
1585122139857 0.9158490896224976 931
1585122173873 0.9237499237060547 932
1585122208250 0.9179245233535767 933
1585122241437 0.921391487121582 934
1585122275810 0.9194575548171997 935
1585122309337 0.9150235056877136 936
1585122342800 0.9120991230010986 937
1585122376254 0.9180659651756287 938
1585122410523 0.9205660223960876 939
1585122444140 0.9205659627914429 940
1585122478014 0.9276414513587952 941
1585122511341 0.9180660247802734 942
1585122544813 0.9205660223960876 943
1585122579134 0.9204245209693909 944
1585122612858 0.9155659675598145 945
1585122646107 0.9254245162010193 946
1585122679838 0.916815996170044 947
1585122713109 0.916815996170044 948
1585122746977 0.9215329885482788 949
1585122780382 0.9227830171585083 950
1585122814779 0.9218159914016724 951
1585122849091 0.9179244637489319 952
1585122883954 0.9205660223960876 953
1585122917544 0.9205660223960876 954
1585122951276 0.9145990610122681 955
1585122986304 0.921391487121582 956
1585123019705 0.9120990633964539 957
1585123053440 0.9069575071334839 958
1585123086961 0.9249999523162842 959
1585123121425 0.9154245257377625 960
1585123155775 0.9204244613647461 961
1585123189343 0.9157074689865112 962
1585123223851 0.9193159937858582 963
1585123258797 0.9132075309753418 964
1585123292594 0.9108490943908691 965
1585123325914 0.9191744923591614 966
1585123359610 0.9177829623222351 967
1585123393267 0.9134905338287354 968
1585123427086 0.9218159914016724 969
1585123460426 0.9216744899749756 970
1585123494012 0.9208490252494812 971
1585123527443 0.9120990633964539 972
1585123560876 0.9145990610122681 973
1585123594247 0.9191744923591614 974
1585123628517 0.9204245209693909 975
1585123662301 0.9252829551696777 976
1585123696167 0.9182075262069702 977
1585123730386 0.9179244637489319 978
1585123763938 0.9227829575538635 979
1585123797491 0.9158490300178528 980
1585123831008 0.9194575548171997 981
1585123865260 0.9166744947433472 982
1585123898449 0.9204245209693909 983
1585123931780 0.9204245209693909 984
1585123965264 0.9182075262069702 985
1585123998667 0.9180659651756287 986
1585124032715 0.9191744923591614 987
1585124066064 0.9201415181159973 988
1585124099478 0.9157075881958008 989
1585124133840 0.9241744875907898 990
1585124167130 0.9191744923591614 991
1585124200534 0.9212499260902405 992
1585124235088 0.9158490300178528 993
1585124269763 0.9204245209693909 994
1585124303306 0.9145990610122681 995
1585124336910 0.9132075309753418 996
1585124370787 0.9157075881958008 997
1585124404431 0.9195990562438965 998
1585124437794 0.9155659675598145 999
1585124470927 0.9182075262069702 1000
