1585091003711 0.027248883619904518 0
1585091036657 0.0051950919441878796 1
1585091069876 0.002842918736860156 2
1585091103155 0.004186602775007486 3
1585091136382 0.007154326420277357 4
1585091170267 0.010270440019667149 5
1585091203789 0.00832584872841835 6
1585091237319 0.004029661882668734 7
1585091270577 0.0019249331671744585 8
1585091304047 0.0009818400721997023 9
1585091337187 0.004953898023813963 10
1585091370434 0.006399425212293863 11
1585091403845 0.009429310448467731 12
1585091436999 0.013539775274693966 13
1585091470117 0.01641278900206089 14
1585091503022 0.018537767231464386 15
1585091535709 0.019847970455884933 16
1585091568621 0.021075788885354996 17
1585091601494 0.022096728906035423 18
1585091634653 0.02001669816672802 19
1585091667439 0.01991729810833931 20
1585091700497 0.018058273941278458 21
1585091732929 0.01585688441991806 22
1585091766036 0.01554941013455391 23
1585091799472 0.014172178693115711 24
1585091832413 0.014581115916371346 25
1585091865984 0.012750016525387764 26
1585091899184 0.012444324791431427 27
1585091932201 0.010970319621264935 28
1585091965200 0.01060222927480936 29
1585091998284 0.010518212802708149 30
1585092031377 0.011320722289383411 31
1585092064488 0.010868648067116737 32
1585092097425 0.01207573153078556 33
1585092130684 0.012297844514250755 34
1585092163846 0.012236286886036396 35
1585092197287 0.0124254385009408 36
1585092230287 0.012696555815637112 37
1585092263423 0.01317288912832737 38
1585092296576 0.013088072650134563 39
1585092329741 0.011270119808614254 40
1585092362843 0.012119604274630547 41
1585092396115 0.010454549454152584 42
1585092429262 0.009341796860098839 43
1585092462375 0.010480038821697235 44
1585092495673 0.009135446511209011 45
1585092531654 0.00914155226200819 46
1585092564912 0.008418925106525421 47
1585092598323 0.010323945432901382 48
1585092631712 0.0078074028715491295 49
1585092664925 0.00757088465616107 50
1585092698189 0.007628224790096283 51
1585092731421 0.0071929628029465675 52
1585092764611 0.006396711803972721 53
1585092797904 0.007039188873022795 54
1585092831271 0.006761023309081793 55
1585092864773 0.006798975635319948 56
1585092897882 0.005687374155968428 57
1585092931048 0.004689912311732769 58
1585092964443 0.005509603768587112 59
1585092997494 0.005491021554917097 60
1585093030728 0.004176899325102568 61
1585093063756 0.004808308091014624 62
1585093096898 0.0041350107640028 63
1585093130182 0.0056777638383209705 64
1585093163934 0.005489458329975605 65
1585093196857 0.004810560029000044 66
1585093230119 0.0040435451082885265 67
1585093263511 0.0046602762304246426 68
1585093297146 0.004222570918500423 69
1585093330492 0.00500116404145956 70
1585093363725 0.0035348422825336456 71
1585093398097 0.003996832761913538 72
1585093431301 0.004627229645848274 73
1585093464391 0.003164001740515232 74
1585093497425 0.004120768513530493 75
1585093530565 0.0034500001929700375 76
1585093563688 0.0036305910907685757 77
1585093597010 0.004115355666726828 78
1585093630073 0.0038795117288827896 79
1585093663047 0.0032623205333948135 80
1585093696226 0.002892890013754368 81
1585093729145 0.003530407091602683 82
1585093762824 0.003585426602512598 83
1585093796239 0.0033755337353795767 84
1585093829393 0.003006315091624856 85
1585093863188 0.004625733941793442 86
1585093896438 0.0027033553924411535 87
1585093929896 0.003178482875227928 88
1585093963239 0.0026589371263980865 89
1585093996584 0.002355937846004963 90
1585094029771 0.0027783976402133703 91
1585094062951 0.0036936933174729347 92
1585094096083 0.0037995981983840466 93
1585094129283 0.0027219923213124275 94
1585094162635 0.00498835789039731 95
1585094195789 0.0028666136786341667 96
1585094229183 0.0037938659079372883 97
1585094262410 0.0035902708768844604 98
1585094296103 0.0027923337183892727 99
1585094330390 0.00235512456856668 100
1585094363867 0.002543121110647917 101
1585094396865 0.0025684537831693888 102
1585094430243 0.003869336098432541 103
1585094463469 0.003083520568907261 104
1585094497487 0.0029735632706433535 105
1585094530583 0.003051845822483301 106
1585094563601 0.0032347936648875475 107
1585094597007 0.002938321325927973 108
1585094630311 0.0021804054267704487 109
1585094663859 0.002919501392170787 110
1585094697215 0.0029152503702789545 111
1585094730194 0.00293433154001832 112
1585094763281 0.0030038179829716682 113
1585094796479 0.0030492213554680347 114
1585094829653 0.0028740426059812307 115
1585094863041 0.0031454316340386868 116
1585094896397 0.0031549965497106314 117
1585094929670 0.0019572365563362837 118
1585094962972 0.002435905858874321 119
1585094996662 0.0023907495196908712 120
1585095029902 0.0028573130257427692 121
1585095063381 0.0028553765732795 122
1585095096635 0.0024174260906875134 123
1585095129712 0.0031548268161714077 124
1585095162822 0.0037324607837945223 125
1585095196230 0.002409260952845216 126
1585095229312 0.0025148720014840364 127
1585095262373 0.002269600285217166 128
1585095295256 0.0031358925625681877 129
1585095328802 0.002937817480415106 130
1585095362124 0.004391731694340706 131
1585095395173 0.0032970632892102003 132
1585095428447 0.0034293073695153 133
1585095461570 0.0026283254846930504 134
1585095494450 0.0036489111371338367 135
1585095527419 0.004694143310189247 136
1585095560500 0.002504060510545969 137
1585095593484 0.004361466970294714 138
1585095626909 0.002054076176136732 139
1585095659972 0.0017836736515164375 140
1585095693952 0.0020583290606737137 141
1585095727030 0.0026841319631785154 142
1585095760032 0.003976227715611458 143
1585095793654 0.0030211175326257944 144
1585095826510 0.002138571348041296 145
1585095859491 0.0021999506279826164 146
1585095892916 0.0029936886858195066 147
1585095927275 0.0028806482441723347 148
1585095960333 0.0026475414633750916 149
1585095993509 0.0020526705775409937 150
1585096026752 0.0037868479266762733 151
1585096060346 0.00293838232755661 152
1585096093653 0.0022559433709830046 153
1585096127009 0.0021524534095078707 154
1585096160692 0.0033428657334297895 155
1585096193614 0.0030772406607866287 156
1585096226613 0.0028722642455250025 157
1585096259895 0.0019969127606600523 158
1585096292990 0.0030919029377400875 159
1585096326186 0.0018408449832350016 160
1585096360522 0.00248267175629735 161
1585096393672 0.0016968733398243785 162
1585096427173 0.0038397025782614946 163
1585096460226 0.0036368053406476974 164
1585096493215 0.003232621354982257 165
1585096526387 0.002254457212984562 166
1585096559555 0.003564360085874796 167
1585096592739 0.0021522475872188807 168
1585096626034 0.004579146392643452 169
1585096659376 0.00210641254670918 170
1585096692957 0.002497058594599366 171
1585096725961 0.0033079348504543304 172
1585096759626 0.0021897710394114256 173
1585096792983 0.0024619526229798794 174
1585096826514 0.0017398372292518616 175
1585096859715 0.002798676723614335 176
1585096892914 0.0019357085693627596 177
1585096926196 0.002507247030735016 178
1585096959583 0.0031030019745230675 179
1585096992620 0.0038181201089173555 180
1585097026110 0.0021704896353185177 181
1585097059399 0.003888725535944104 182
1585097092783 0.0022413923870772123 183
1585097126311 0.001709090662188828 184
1585097159424 0.0021344535052776337 185
1585097192698 0.0029102247208356857 186
1585097225963 0.003861161647364497 187
1585097259417 0.002518357941880822 188
1585097292602 0.004348774906247854 189
1585097325855 0.0020614536479115486 190
1585097359983 0.001834761118516326 191
1585097394198 0.003671218641102314 192
1585097427299 0.0021694283932447433 193
1585097460539 0.0020345954690128565 194
1585097493826 0.0023154334630817175 195
1585097526992 0.003625572193413973 196
1585097560134 0.0011618355056270957 197
1585097593561 0.0037904048804193735 198
1585097626569 0.0022886665537953377 199
1585097659749 0.002385971834883094 200
1585097692930 0.0024790887255221605 201
1585097725807 0.0038563075941056013 202
1585097758897 0.0023497857619076967 203
1585097792534 0.002174998866394162 204
1585097825966 0.0023881089873611927 205
1585097861060 0.0026142848655581474 206
1585097894194 0.0031869723461568356 207
1585097927326 0.0034601239021867514 208
1585097960677 0.002111805835738778 209
1585097994137 0.0028014355339109898 210
1585098027533 0.0028460330795496702 211
1585098060666 0.004554568789899349 212
1585098093781 0.004995493218302727 213
1585098126936 0.002090511377900839 214
1585098160020 0.002432580105960369 215
1585098193236 0.0030018892139196396 216
1585098226967 0.002087011933326721 217
1585098260173 0.0027746183332055807 218
1585098293482 0.003693100530654192 219
1585098327393 0.004922082647681236 220
1585098360484 0.003022995311766863 221
1585098393569 0.0019768434576690197 222
1585098426868 0.002921887906268239 223
1585098460432 0.003248502966016531 224
1585098493289 0.002017149468883872 225
1585098526431 0.003418317763134837 226
1585098559715 0.0033029066398739815 227
1585098593113 0.0023093402851372957 228
1585098626398 0.0033019105903804302 229
1585098659247 0.0021511639934033155 230
1585098692623 0.0024545169435441494 231
1585098725823 0.0028175755869597197 232
1585098759039 0.0037116273306310177 233
1585098792762 0.0031096909660845995 234
1585098825904 0.0028081147465854883 235
1585098859135 0.002364530460909009 236
1585098892822 0.0033030840568244457 237
1585098926369 0.0035650962963700294 238
1585098959737 0.005084133241325617 239
1585098992998 0.0024047251790761948 240
1585099026090 0.002118020551279187 241
1585099059295 0.0038115237839519978 242
1585099092421 0.0028315449599176645 243
1585099125386 0.0030663562938570976 244
1585099158461 0.0031255818903446198 245
1585099191576 0.0032700130250304937 246
1585099224554 0.0019311445066705346 247
1585099257811 0.0024192659184336662 248
1585099290909 0.0020338185131549835 249
1585099323829 0.003494683653116226 250
1585099356820 0.002489629667252302 251
1585099389993 0.0019047679379582405 252
1585099423220 0.004041679203510284 253
1585099456443 0.002643327694386244 254
1585099489693 0.002952630165964365 255
1585099522602 0.0033514765091240406 256
1585099556648 0.002889656461775303 257
1585099589632 0.00298304483294487 258
1585099622859 0.003127239877358079 259
1585099656139 0.0021219418849796057 260
1585099689478 0.0024578708689659834 261
1585099722757 0.0020356031600385904 262
1585099755979 0.0035090371966362 263
1585099789103 0.0026601660065352917 264
1585099822204 0.0022793018724769354 265
1585099857198 0.003129425924271345 266
1585099891200 0.0026294260751456022 267
1585099924448 0.005156459752470255 268
1585099957612 0.0031135189346969128 269
1585099990712 0.0029197265394032 270
1585100024248 0.0039186300709843636 271
1585100059382 0.0026100510731339455 272
1585100092591 0.003133320715278387 273
1585100125788 0.00444710161536932 274
1585100158719 0.0033147421199828386 275
1585100191984 0.0021168531384319067 276
1585100225212 0.0022668668534606695 277
1585100258695 0.0028473983984440565 278
1585100291948 0.002660387195646763 279
1585100325508 0.0023378159385174513 280
1585100358898 0.0019202068215236068 281
1585100392389 0.0021060777362436056 282
1585100426150 0.002848374657332897 283
1585100459347 0.0023690746165812016 284
1585100492954 0.003674689680337906 285
1585100526439 0.0027947579510509968 286
1585100559862 0.002212039427831769 287
1585100594479 0.0032177986577153206 288
1585100627899 0.0027644268702715635 289
1585100661122 0.0033346759155392647 290
1585100694330 0.0024321936070919037 291
1585100727749 0.002903226763010025 292
1585100760971 0.003818534780293703 293
1585100794401 0.002125820145010948 294
1585100827785 0.0026534111239016056 295
1585100860818 0.0032908967696130276 296
1585100894617 0.0025635219644755125 297
1585100927917 0.0034332931973040104 298
1585100961587 0.0035850435961037874 299
1585100995160 0.002460222691297531 300
1585101028159 0.002756677567958832 301
1585101061297 0.003027877304702997 302
1585101095531 0.0032229030039161444 303
1585101128778 0.002838308922946453 304
1585101162309 0.002457639668136835 305
1585101195592 0.003307467559352517 306
1585101228646 0.0025535430759191513 307
1585101261773 0.0028923340141773224 308
1585101295044 0.0025915727019309998 309
1585101328207 0.0022010088432580233 310
1585101361437 0.0025942218489944935 311
1585101394507 0.002769722370430827 312
1585101428021 0.004002688452601433 313
1585101461448 0.003204640466719866 314
1585101494387 0.003088798141106963 315
1585101527773 0.002197609283030033 316
1585101560833 0.0029445900581777096 317
1585101593842 0.0019889818504452705 318
1585101626891 0.0036806066054850817 319
1585101660408 0.002723152283579111 320
1585101693594 0.0028763669542968273 321
1585101726697 0.003912900574505329 322
1585101759573 0.003653472289443016 323
1585101793244 0.003575218841433525 324
1585101826504 0.0030803922563791275 325
1585101859585 0.004266540054231882 326
1585101893308 0.0043138195760548115 327
1585101927472 0.0024451250210404396 328
1585101960608 0.0017804937670007348 329
1585101993503 0.002715020440518856 330
1585102026575 0.0033045047894120216 331
1585102060429 0.00339927664026618 332
1585102093265 0.0028154044412076473 333
1585102126460 0.003269242588430643 334
1585102159718 0.0019426221260800958 335
1585102192664 0.001816612551920116 336
1585102225674 0.003214410739019513 337
1585102258803 0.002941293176263571 338
1585102291678 0.0028230207972228527 339
1585102324951 0.002463818993419409 340
1585102357936 0.002541773486882448 341
1585102391073 0.003057374618947506 342
1585102424619 0.0031725000590085983 343
1585102457791 0.002578923013061285 344
1585102491002 0.00365788908675313 345
1585102524620 0.002496739150956273 346
1585102557750 0.004641848150640726 347
1585102590847 0.00288121635094285 348
1585102624548 0.002200097544118762 349
1585102657961 0.0024729955475777388 350
1585102691452 0.00328510208055377 351
1585102724759 0.0022282914724200964 352
1585102757866 0.003215920412912965 353
1585102790930 0.0027505906764417887 354
1585102825325 0.003733669873327017 355
1585102858921 0.0025638837832957506 356
1585102892172 0.0024488281924277544 357
1585102925425 0.0018530766246840358 358
1585102958807 0.0035484523978084326 359
1585102991896 0.0027145284693688154 360
1585103026151 0.004723071586340666 361
1585103060083 0.003154205624014139 362
1585103093143 0.002281235298141837 363
1585103126536 0.0032983676064759493 364
1585103159660 0.00294640869833529 365
1585103192967 0.002822747454047203 366
1585103226125 0.004210580140352249 367
1585103259266 0.0023528875317424536 368
1585103292700 0.0029439162462949753 369
1585103326050 0.003447212977334857 370
1585103359511 0.0043582068756222725 371
1585103392560 0.003423564601689577 372
1585103425826 0.0035037207417190075 373
1585103459223 0.0023594466038048267 374
1585103493047 0.002708140527829528 375
1585103526507 0.0030837818048894405 376
1585103559955 0.0027944445610046387 377
1585103593204 0.00403569545596838 378
1585103626166 0.0027694934979081154 379
1585103659366 0.0025268378667533398 380
1585103693078 0.001872330205515027 381
1585103726035 0.003837175201624632 382
1585103759075 0.002724979305639863 383
1585103792336 0.002349907299503684 384
1585103826413 0.0022166927810758352 385
1585103859673 0.002184314653277397 386
1585103892976 0.0026573610957711935 387
1585103926118 0.0031969272531569004 388
1585103959751 0.002148468280211091 389
1585103993070 0.0030303560197353363 390
1585104026065 0.003571747336536646 391
1585104059184 0.0022931064013391733 392
1585104092576 0.002447693143039942 393
1585104126037 0.0035685445182025433 394
1585104163472 0.004194281063973904 395
1585104197122 0.002755390480160713 396
1585104230438 0.0025495951995253563 397
1585104263765 0.0022188450675457716 398
1585104296904 0.0037535675801336765 399
1585104330050 0.003936812747269869 400
1585104363171 0.0029449162539094687 401
1585104396264 0.0027254566084593534 402
1585104429463 0.0025802101008594036 403
1585104462345 0.0025943510700017214 404
1585104495604 0.0017350908601656556 405
1585104529078 0.0033678582403808832 406
1585104562451 0.0028555963654071093 407
1585104595602 0.003813277930021286 408
1585104628723 0.002855792874470353 409
1585104662006 0.0022262022830545902 410
1585104695344 0.0037575142923742533 411
1585104728622 0.002688033040612936 412
1585104761652 0.0018043764866888523 413
1585104794556 0.0025958437472581863 414
1585104827776 0.004682492930442095 415
1585104860931 0.00256896554492414 416
1585104894261 0.0017702279146760702 417
1585104927227 0.0023940226528793573 418
1585104960113 0.0019623367115855217 419
1585104993340 0.002031431533396244 420
1585105026690 0.0020768186077475548 421
1585105059791 0.0023160618729889393 422
1585105093167 0.0022366445045918226 423
1585105126438 0.0022187514696270227 424
1585105159586 0.0019006025977432728 425
1585105192910 0.0019365039188414812 426
1585105226095 0.0035434141755104065 427
1585105259363 0.0018657405162230134 428
1585105292964 0.004697140771895647 429
1585105327666 0.002895092125982046 430
1585105360922 0.0025417511351406574 431
1585105395221 0.0009090203675441444 432
1585105428211 0.0035621225833892822 433
1585105463413 0.0014479773817583919 434
1585105496866 0.0020503620617091656 435
1585105530385 0.00142265809699893 436
1585105563552 0.0013888671528548002 437
1585105597058 0.0021841509733349085 438
1585105630238 0.0017402158118784428 439
1585105663483 0.0009671532898209989 440
1585105696625 0.0034258407540619373 441
1585105729944 0.002215595683082938 442
1585105763137 0.001090459176339209 443
1585105796151 0.004033662378787994 444
1585105831429 0.001983188558369875 445
1585105864774 0.005470335949212313 446
1585105897954 0.002245236188173294 447
1585105931021 0.0030970382504165173 448
1585105964400 0.0030013439245522022 449
1585105997470 0.004925169982016087 450
1585106030574 0.0025975496973842382 451
1585106063928 0.0021222042851150036 452
1585106097448 0.0011483322596177459 453
1585106130606 0.009608201682567596 454
1585106164032 0.002052485244348645 455
1585106197271 0.002638841513544321 456
1585106230183 0.0033813065383583307 457
1585106263302 0.00228117685765028 458
1585106296495 0.003329157829284668 459
1585106329593 0.018330799415707588 460
1585106362548 0.0009591598645783961 461
1585106395852 0.002998044714331627 462
1585106429553 0.0015443929005414248 463
1585106462705 0.0019330002833157778 464
1585106495717 0.003979990258812904 465
1585106528719 0.0013925747480243444 466
1585106561934 0.0009739069500938058 467
1585106594973 0.0022616595961153507 468
1585106628384 0.0012775830691680312 469
1585106661348 0.0023293744307011366 470
1585106694436 0.0027276379987597466 471
1585106727346 0.001129822456277907 472
1585106760343 0.002124297432601452 473
1585106793568 0.0022104745730757713 474
1585106826481 0.0012228803243488073 475
1585106859572 0.0007699387497268617 476
1585106893048 0.002058787504211068 477
1585106926653 0.003929101396352053 478
1585106959795 0.0019386393250897527 479
1585106993777 0.0027751729357987642 480
1585107028113 0.003560540731996298 481
1585107061240 0.005584296770393848 482
1585107094253 0.0016940332716330886 483
1585107127631 0.0031414905097335577 484
1585107161603 0.0021066246554255486 485
1585107194995 0.0014265510253608227 486
1585107228166 0.002835957333445549 487
1585107261303 0.001191355986520648 488
1585107294547 0.002599547151476145 489
1585107327964 0.0035935097839683294 490
1585107361549 0.0030616025906056166 491
1585107394952 0.0032652535010129213 492
1585107428172 0.002746300306171179 493
1585107461307 0.0029165404848754406 494
1585107494319 0.0022698454558849335 495
1585107527710 0.001420952845364809 496
1585107560674 0.0009738160879351199 497
1585107593841 0.0017415082547813654 498
1585107626805 0.0023923844564706087 499
1585107660234 0.0017501118127256632 500
1585107693684 0.003185890382155776 501
1585107727250 0.0023471310269087553 502
1585107760158 0.002970163244754076 503
1585107793243 0.001631313469260931 504
1585107827889 0.0010944735258817673 505
1585107861169 0.00026607362087816 506
1585107895273 0.0021918185520917177 507
1585107928302 0.0011575411772355437 508
1585107961601 0.0017108928877860308 509
1585107994670 0.0010603307746350765 510
1585108027884 0.002019201871007681 511
1585108062616 0.0010495851747691631 512
1585108096039 0.001794908894225955 513
1585108129416 0.0009928132640197873 514
1585108162658 0.0022570407018065453 515
1585108195987 0.002581545151770115 516
1585108229231 0.0022132510785013437 517
1585108262152 0.0019357426790520549 518
1585108295677 0.0035771792754530907 519
1585108329252 0.003923633601516485 520
1585108362302 0.002344217849895358 521
1585108395273 0.0018506513442844152 522
1585108428288 0.0018981884932145476 523
1585108461865 0.003252452239394188 524
1585108494822 0.002190183848142624 525
1585108527666 0.003078748704865575 526
1585108560764 0.0015206353273242712 527
1585108593857 0.004289950244128704 528
1585108626962 0.002232118509709835 529
1585108660031 0.001983572728931904 530
1585108693326 0.0013837033184245229 531
1585108726945 0.0016445402288809419 532
1585108760348 0.004976258147507906 533
1585108793385 0.005634500179439783 534
1585108826724 0.0004322900203987956 535
1585108859881 0.0019319049315527081 536
1585108892981 0.011483519338071346 537
1585108927156 0.002640592399984598 538
1585108960381 0.002799185924232006 539
1585108993628 0.0036202725023031235 540
1585109027309 0.0039916387759149075 541
1585109060418 0.0024463366717100143 542
1585109093938 0.006703987717628479 543
1585109127149 0.0011511198244988918 544
1585109160496 0.0015743918484076858 545
1585109193522 0.0008187504718080163 546
1585109226947 0.002405477687716484 547
1585109260291 0.004364136140793562 548
1585109293576 0.004146943334490061 549
1585109328267 0.0022030831314623356 550
1585109361745 0.002905131783336401 551
1585109394858 0.0005978346453048289 552
1585109427832 0.002469309139996767 553
1585109461123 0.0006765450234524906 554
1585109494181 0.0010820329189300537 555
1585109527047 0.0012282364768907428 556
1585109560134 0.0012822472490370274 557
1585109593451 0.002234582556411624 558
1585109627061 0.0019763638265430927 559
1585109660671 0.002713989233598113 560
1585109693800 0.0037299992982298136 561
1585109726705 0.0024551129899919033 562
1585109760146 0.0014895693166181445 563
1585109793487 0.0035590450279414654 564
1585109826744 0.00666990177705884 565
1585109860148 0.001866925391368568 566
1585109893293 0.007000131066888571 567
1585109926395 0.0043176100589334965 568
1585109960066 0.0061228228732943535 569
1585109993300 0.0023317078594118357 570
1585110026139 0.0021547717042267323 571
1585110060110 0.0012735957279801369 572
1585110093264 0.0014778015902265906 573
1585110126668 0.0007814978016540408 574
1585110159870 0.0008751680725254118 575
1585110192668 0.0026106107980012894 576
1585110225828 0.0015419593546539545 577
1585110259037 0.0009445180767215788 578
1585110292090 0.0030733870808035135 579
1585110325183 0.00254341890104115 580
1585110358250 0.001673991559073329 581
1585110391183 0.004785182420164347 582
1585110424151 0.001573227345943451 583
1585110457202 0.0010658331448212266 584
1585110490311 0.002175914589315653 585
1585110523343 0.001331567415036261 586
1585110556398 0.002297469647601247 587
1585110590243 0.0010993375908583403 588
1585110623407 0.0008655706187710166 589
1585110656596 0.001655945903621614 590
1585110689861 0.004781089723110199 591
1585110723029 0.0028268378227949142 592
1585110756315 0.001639069989323616 593
1585110789259 0.004372761119157076 594
1585110822591 0.0012588753597810864 595
1585110856324 0.00045511461212299764 596
1585110889490 0.006956504657864571 597
1585110923027 0.0014964673900976777 598
1585110956105 0.0008456063224002719 599
1585110989119 0.0015654348535463214 600
1585111022301 0.0010667844908311963 601
1585111055414 0.0010669317562133074 602
1585111088480 0.0014070816105231643 603
1585111123085 0.0013398418668657541 604
1585111156374 0.0003715663915500045 605
1585111189286 0.0026041811797767878 606
1585111222555 0.001999189844354987 607
1585111255703 0.001853670459240675 608
1585111288923 0.0022611001040786505 609
1585111322297 0.002627737121656537 610
1585111356528 0.0007539319340139627 611
1585111389903 0.0016453956486657262 612
1585111422830 0.00515164015814662 613
1585111455815 0.0022033213172107935 614
1585111489273 0.00336317322216928 615
1585111523891 0.00240607769228518 616
1585111556908 0.006833077874034643 617
1585111590639 0.0036902171559631824 618
1585111623910 0.002950089517980814 619
1585111657276 0.0024577658623456955 620
1585111690619 0.002008723560720682 621
1585111724057 0.0024052427615970373 622
1585111757662 0.0032373671419918537 623
1585111790976 0.0025519821792840958 624
1585111824341 0.0019423234043642879 625
1585111858014 0.004182540345937014 626
1585111891709 0.003941564820706844 627
1585111925414 0.004238918889313936 628
1585111959002 0.008038933388888836 629
1585111992926 0.0016294966917484999 630
1585112027241 0.0018959339940920472 631
1585112060544 0.0016909271944314241 632
1585112094619 0.0012435904936864972 633
1585112128910 0.0020278985612094402 634
1585112162300 0.0018562274053692818 635
1585112195551 0.002156648086383939 636
1585112228938 0.0036180391907691956 637
1585112262366 0.0022430045064538717 638
1585112297163 0.0032725133933126926 639
1585112330898 0.0032839493360370398 640
1585112364574 0.0018834074726328254 641
1585112397875 0.0017456257482990623 642
1585112431823 0.0025518357288092375 643
1585112466015 0.002057452220469713 644
1585112499676 0.003548730630427599 645
1585112534290 0.0023382469080388546 646
1585112567867 0.00174797885119915 647
1585112601531 0.0031480886973440647 648
1585112635544 0.0006837330292910337 649
1585112668951 0.000767816265579313 650
1585112702224 0.002605790039524436 651
1585112735478 0.0016792622627690434 652
1585112769514 0.002978043630719185 653
1585112803035 0.0028333396185189486 654
1585112836141 0.0037285860162228346 655
1585112869908 0.002517116954550147 656
1585112903802 0.0016638245433568954 657
1585112937685 0.0009996616281569004 658
1585112971531 0.0022199139930307865 659
1585113005067 0.006146365776658058 660
1585113038450 0.002341921441257 661
1585113071736 0.0015383112477138638 662
1585113105114 0.0046171448193490505 663
1585113139067 0.006716563366353512 664
1585113172383 0.002382673090323806 665
1585113206348 0.002474652836099267 666
1585113240484 0.002214157022535801 667
1585113273692 0.0022368633653968573 668
1585113306949 0.0008324288064613938 669
1585113340549 0.0009304021950811148 670
1585113374089 0.001044026343151927 671
1585113407730 0.0015677640913054347 672
1585113441085 0.0019280390115454793 673
1585113474713 0.0017595868557691574 674
1585113508316 0.0017684800550341606 675
1585113541694 0.00036723449011333287 676
1585113575230 0.003500701393932104 677
1585113608835 0.00257143029011786 678
1585113642091 0.001688414253294468 679
1585113675949 0.003445253474637866 680
1585113710627 0.004891894292086363 681
1585113744253 0.0013648613821715117 682
1585113777654 0.0018407474271953106 683
1585113810996 0.001917529501952231 684
1585113844342 0.002992131980136037 685
1585113877765 0.0014202733291313052 686
1585113911351 0.0032731452956795692 687
1585113944941 0.0016737841069698334 688
1585113979746 0.00129138701595366 689
1585114013241 0.0020719252061098814 690
1585114046778 0.004585560876876116 691
1585114080207 0.0012509869411587715 692
1585114113465 0.004576734267175198 693
1585114146809 0.0026421439833939075 694
1585114180223 0.0036195055581629276 695
1585114213720 0.0033981853630393744 696
1585114247313 0.002605388406664133 697
1585114280381 0.00043225157423876226 698
1585114314001 0.002107223030179739 699
1585114347487 0.002560933120548725 700
1585114380760 0.0007207581656984985 701
1585114414078 0.0007832489209249616 702
1585114447959 0.0035624830052256584 703
1585114481279 0.0034783955197781324 704
1585114515385 0.002944057108834386 705
1585114548868 0.0018063199240714312 706
1585114582512 0.00798039510846138 707
1585114616110 0.0012026472249999642 708
1585114650480 0.001172803808003664 709
1585114684099 0.004003248643130064 710
1585114717542 0.002105452585965395 711
1585114751969 0.00128706987015903 712
1585114785269 0.0026324293576180935 713
1585114819604 0.0013523278757929802 714
1585114853483 0.0011750529520213604 715
1585114886920 0.001091735903173685 716
1585114920605 0.0011626825435087085 717
1585114954288 0.0011682672193273902 718
1585114988059 0.0034647705033421516 719
1585115021599 0.0013659349642693996 720
1585115055220 0.002897493541240692 721
1585115089546 0.0011710526887327433 722
1585115123638 0.0011013832408934832 723
1585115158340 0.0019299559062346816 724
1585115191603 0.0023737314622849226 725
1585115225307 0.001898186164908111 726
1585115259717 0.0017756985034793615 727
1585115293138 0.003570094471797347 728
1585115326570 0.002246685791760683 729
1585115360906 0.0012715066550299525 730
1585115394689 0.001660606823861599 731
1585115427987 0.002523539587855339 732
1585115462387 0.0016939855413511395 733
1585115496230 0.0011445526033639908 734
1585115530459 0.000516726344358176 735
1585115564090 0.0013023425126448274 736
1585115597763 0.003648032434284687 737
1585115631304 0.0030318526551127434 738
1585115664860 0.0027507415506988764 739
1585115698316 0.0022367830388247967 740
1585115731556 0.00243907212279737 741
1585115765028 0.0005949169280938804 742
1585115799235 0.0042031314224004745 743
1585115832749 0.0031880438327789307 744
1585115866277 0.0035166104789823294 745
1585115899460 0.002949265530332923 746
1585115932699 0.002275804989039898 747
1585115966145 0.001233433373272419 748
1585115999787 0.0022175454068928957 749
1585116033441 0.002493392676115036 750
1585116066728 0.0021838347893208265 751
1585116100228 0.0015438839327543974 752
1585116133905 0.0016540110809728503 753
1585116167167 0.0006586157833226025 754
1585116201055 0.00405209930613637 755
1585116234861 0.002007115399464965 756
1585116269400 0.0021864562295377254 757
1585116303264 0.003201601095497608 758
1585116337577 0.003935019485652447 759
1585116371088 0.003550419118255377 760
1585116404459 0.0040475716814398766 761
1585116438010 0.0033913494553416967 762
1585116471771 0.0017766040982678533 763
1585116506122 0.0008488020393997431 764
1585116540112 0.002084121573716402 765
1585116573597 0.0016087893163785338 766
1585116607040 0.0020757445599883795 767
1585116640620 0.002612782409414649 768
1585116675041 0.0034634212497621775 769
1585116709390 0.002605373738333583 770
1585116743550 0.0008046688744798303 771
1585116777276 0.003238361794501543 772
1585116811161 0.002420258242636919 773
1585116844699 0.003162103472277522 774
1585116878080 0.003091731108725071 775
1585116911967 0.0036737543996423483 776
1585116945368 0.003282139077782631 777
1585116979232 0.0011290593538433313 778
1585117013916 0.0036793979816138744 779
1585117047054 0.00556781142950058 780
1585117080788 0.0027264615055173635 781
1585117114048 0.0014251300599426031 782
1585117147775 0.0027014240622520447 783
1585117181145 0.003797810059040785 784
1585117214717 0.001519302953965962 785
1585117248355 0.0011757970787584782 786
1585117281570 0.0010667701717466116 787
1585117315100 0.0033305783290416002 788
1585117349003 0.0011286173248663545 789
1585117383014 0.0021419189870357513 790
1585117416458 0.003398292465135455 791
1585117451094 0.0019387872889637947 792
1585117486555 0.002802520990371704 793
1585117519771 0.0022542013321071863 794
1585117553888 0.0024000261910259724 795
1585117587630 0.0016884647775441408 796
1585117620775 0.0025673231575638056 797
1585117654091 0.0012134512653574347 798
1585117687650 0.0010181039106100798 799
1585117721186 0.0009350113105028868 800
1585117754777 0.0024942534510046244 801
1585117788675 0.005870429333299398 802
1585117822113 0.0013677115784958005 803
1585117855535 0.002030552364885807 804
1585117888844 0.0016573427710682154 805
1585117923244 0.0026773726567626 806
1585117956680 0.005544992629438639 807
1585117990121 0.0021053601521998644 808
1585118023863 0.0005414041806943715 809
1585118057701 0.0031884475611150265 810
1585118091946 0.001812304719351232 811
1585118125501 0.0018275169422850013 812
1585118159910 0.0010138980578631163 813
1585118193288 0.0020741682965308428 814
1585118226759 0.0034691940527409315 815
1585118260375 0.0021971489768475294 816
1585118293784 0.0009618423064239323 817
1585118327418 0.0037344552110880613 818
1585118360869 0.0017215049592778087 819
1585118394251 0.0020577185787260532 820
1585118427908 0.0012887603370472789 821
1585118461882 0.0024781106039881706 822
1585118495152 0.003315152833238244 823
1585118528782 0.0006864988245069981 824
1585118562742 0.0017933992203325033 825
1585118596213 0.0017063781851902604 826
1585118631324 0.0014024951960891485 827
1585118665458 0.0009395336383022368 828
1585118698991 0.0011678871233016253 829
1585118732551 0.001276958268135786 830
1585118766115 0.0011766627430915833 831
1585118800202 0.0018470147624611855 832
1585118833745 0.0014555011875927448 833
1585118867138 0.003663869807496667 834
1585118900643 0.0020432756282389164 835
1585118934166 0.001215585507452488 836
1585118967468 0.002919521415606141 837
1585119000851 0.001766009721904993 838
1585119035189 0.002070324495434761 839
1585119068857 0.0004370115348137915 840
1585119102088 0.003469933057203889 841
1585119135703 0.0014397255145013332 842
1585119169350 0.000981640536338091 843
1585119203570 0.0019039418548345566 844
1585119236873 0.004739942029118538 845
1585119270250 0.0022275885567069054 846
1585119304084 0.002330740913748741 847
1585119337529 0.0021348949521780014 848
1585119370753 0.0016298128757625818 849
1585119404050 0.001427873969078064 850
1585119437599 0.0019825880881398916 851
1585119471102 0.0028971468564122915 852
1585119504608 0.0012649331474676728 853
1585119538270 0.0012985081411898136 854
1585119571952 0.0020213210955262184 855
1585119605809 0.0015668384730815887 856
1585119639560 0.0026577096432447433 857
1585119672731 0.001057732617482543 858
1585119707441 0.0021750396117568016 859
1585119741580 0.0024361470714211464 860
1585119774894 0.003483155509456992 861
1585119809475 0.001555204507894814 862
1585119842973 0.0012709826696664095 863
1585119876508 0.004305664449930191 864
1585119909966 0.0033033404033631086 865
1585119943465 0.003279963042587042 866
1585119977430 0.003083789022639394 867
1585120011306 0.003535255789756775 868
1585120044913 0.0015098206931725144 869
1585120078691 0.005055009853094816 870
1585120112481 0.0019395481795072556 871
1585120146443 0.0021473902743309736 872
1585120179792 0.0016429376555606723 873
1585120213053 0.0020899311639368534 874
1585120246740 0.0023986645974218845 875
1585120280038 0.0017009915318340063 876
1585120313763 0.0018719477811828256 877
1585120347341 0.0013693233486264944 878
1585120381576 0.0016360743902623653 879
1585120415048 0.0013202617410570383 880
1585120449447 0.0018913226667791605 881
1585120484004 0.0005241086473688483 882
1585120517705 0.0006591256242245436 883
1585120551399 0.0031265700235962868 884
1585120584956 0.0011895832139998674 885
1585120618994 0.0011321724159643054 886
1585120652984 0.0022040216717869043 887
1585120686585 0.0011861545499414206 888
1585120721356 0.0023057188373059034 889
1585120755840 0.0020281358156353235 890
1585120789364 0.0009519575396552682 891
1585120822823 0.0026199889834970236 892
1585120856265 0.0014200606383383274 893
1585120889729 0.00827394425868988 894
1585120923288 0.001939169829711318 895
1585120956427 0.0022638970986008644 896
1585120990910 0.0014851265586912632 897
1585121024546 0.003589701373130083 898
1585121057929 0.0014303900534287095 899
1585121091205 0.002042697975412011 900
1585121124490 0.0008103258442133665 901
1585121158068 0.0007552007446065545 902
1585121192573 0.003038391936570406 903
1585121228445 0.0026109619066119194 904
1585121261692 0.0023928575683385134 905
1585121295312 0.0036716251634061337 906
1585121328456 0.0009372217464260757 907
1585121361742 0.004608191549777985 908
1585121395632 0.0013372399844229221 909
1585121429299 0.0014673947589471936 910
1585121462726 0.0015959913143888116 911
1585121496144 0.003678710898384452 912
1585121530285 0.0008865909767337143 913
1585121566298 0.0018267749110236764 914
1585121600267 0.001188772264868021 915
1585121633685 0.0007277068216353655 916
1585121667431 0.0024744209367781878 917
1585121701231 0.0035410188138484955 918
1585121734499 0.0029469106812030077 919
1585121768017 0.0010527247795835137 920
1585121801444 0.0006471840897575021 921
1585121835194 0.0025808250065892935 922
1585121869163 0.0010563982650637627 923
1585121903076 0.001944428775459528 924
1585121936593 0.0025206711143255234 925
1585121970595 0.0028737150132656097 926
1585122004859 0.002978069009259343 927
1585122038337 0.001127480762079358 928
1585122072389 0.003623235272243619 929
1585122106264 0.0036118412390351295 930
1585122139857 0.0018539909506216645 931
1585122173873 0.001969823380932212 932
1585122208250 0.00266538979485631 933
1585122241437 0.0033435123041272163 934
1585122275810 0.003492548130452633 935
1585122309337 0.004295700695365667 936
1585122342800 0.0011664439225569367 937
1585122376254 0.0015244520036503673 938
1585122410523 0.002242361195385456 939
1585122444140 0.002194638131186366 940
1585122478014 0.001910794759169221 941
1585122511341 0.0008342678193002939 942
1585122544813 0.0017072991468012333 943
1585122579134 0.0009123909985646605 944
1585122612858 0.0023330170661211014 945
1585122646107 0.0029634928796440363 946
1585122679838 0.0031380613800138235 947
1585122713109 0.0025244816206395626 948
1585122746977 0.0012723705731332302 949
1585122780382 0.004102728329598904 950
1585122814779 0.0022892383858561516 951
1585122849091 0.0009031878435052931 952
1585122883954 0.0006710341549478471 953
1585122917544 0.002221712376922369 954
1585122951276 0.0011748293181881309 955
1585122986304 0.009118004702031612 956
1585123019705 0.00206729001365602 957
1585123053440 0.004243073053658009 958
1585123086961 0.002415873110294342 959
1585123121425 0.00189869140740484 960
1585123155775 0.0032058197539299726 961
1585123189343 0.0013560592196881771 962
1585123223851 0.0007746672490611672 963
1585123258797 0.001096048392355442 964
1585123292594 0.002433838089928031 965
1585123325914 0.0037581035867333412 966
1585123359610 0.0024857621174305677 967
1585123393267 0.0022758087143301964 968
1585123427086 0.0014395019970834255 969
1585123460426 0.004262962378561497 970
1585123494012 0.0021287607960402966 971
1585123527443 0.002063203137367964 972
1585123560876 0.002178305760025978 973
1585123594247 0.0022575620096176863 974
1585123628517 0.0026595958042889833 975
1585123662301 0.002393592381849885 976
1585123696167 0.0011292695999145508 977
1585123730386 0.001475742319598794 978
1585123763938 0.002189692808315158 979
1585123797491 0.0017003791872411966 980
1585123831008 0.0017245312919840217 981
1585123865260 0.0038650636561214924 982
1585123898449 0.0009598939795978367 983
1585123931780 0.0026597038377076387 984
1585123965264 0.0010560565860942006 985
1585123998667 0.003847735468298197 986
1585124032715 0.0006580624030902982 987
1585124066064 0.0028657843358814716 988
1585124099478 0.0024150721728801727 989
1585124133840 0.0012881946749985218 990
1585124167130 0.001769749098457396 991
1585124200534 0.0017510720063000917 992
1585124235088 0.001425742288120091 993
1585124269763 0.0006727756117470562 994
1585124303306 0.001685128198005259 995
1585124336910 0.002019783714786172 996
1585124370787 0.0025677827652543783 997
1585124404431 0.001104848925024271 998
1585124437794 0.0010618743253871799 999
1585124470927 0.0008491246844641864 1000
