1585090992160 0.8505749702453613 0
1585091025127 0.7585116624832153 1
1585091058364 0.7089470028877258 2
1585091091495 0.6807082295417786 3
1585091124835 0.674106240272522 4
1585091158715 0.6565452218055725 5
1585091192180 0.6397882103919983 6
1585091225649 0.6151897311210632 7
1585091258976 0.5986522436141968 8
1585091292289 0.5684323906898499 9
1585091325564 0.5553660988807678 10
1585091358694 0.5339029431343079 11
1585091392131 0.5198601484298706 12
1585091425288 0.506274938583374 13
1585091458429 0.49064505100250244 14
1585091491425 0.47962135076522827 15
1585091524348 0.46864187717437744 16
1585091557118 0.4581456780433655 17
1585091589949 0.4508223533630371 18
1585091623170 0.43744340538978577 19
1585091656055 0.43292465806007385 20
1585091688996 0.42328906059265137 21
1585091721518 0.4203903079032898 22
1585091754438 0.41304123401641846 23
1585091787770 0.40301600098609924 24
1585091820753 0.4023699164390564 25
1585091854360 0.395912766456604 26
1585091887504 0.39316362142562866 27
1585091920542 0.38746052980422974 28
1585091953608 0.38242197036743164 29
1585091986682 0.3762267827987671 30
1585092019736 0.37420931458473206 31
1585092052809 0.37446290254592896 32
1585092085863 0.36484843492507935 33
1585092118961 0.3601154088973999 34
1585092152252 0.35502317547798157 35
1585092185585 0.35827669501304626 36
1585092218748 0.3489896357059479 37
1585092251782 0.3458871841430664 38
1585092284838 0.3422679007053375 39
1585092318080 0.34353354573249817 40
1585092351214 0.3382980525493622 41
1585092384410 0.3376993238925934 42
1585092417564 0.33540070056915283 43
1585092450726 0.3308297395706177 44
1585092483997 0.3343588411808014 45
1585092519948 0.33038637042045593 46
1585092553335 0.3291611671447754 47
1585092586545 0.3226153552532196 48
1585092620080 0.32156455516815186 49
1585092653247 0.3195078670978546 50
1585092686402 0.31381145119667053 51
1585092719618 0.3191184103488922 52
1585092753049 0.3081303536891937 53
1585092786070 0.3160495162010193 54
1585092819679 0.3167838454246521 55
1585092852930 0.3127155303955078 56
1585092886216 0.30751457810401917 57
1585092919435 0.30614227056503296 58
1585092952644 0.3068097233772278 59
1585092985843 0.3005777597427368 60
1585093019053 0.29562801122665405 61
1585093052083 0.30122101306915283 62
1585093085191 0.30908674001693726 63
1585093118530 0.2952113747596741 64
1585093152249 0.29817306995391846 65
1585093185217 0.29869046807289124 66
1585093218321 0.2924498915672302 67
1585093251952 0.29492369294166565 68
1585093285198 0.292421817779541 69
1585093318714 0.2972448766231537 70
1585093352153 0.2850879728794098 71
1585093385530 0.2958301305770874 72
1585093419644 0.28702569007873535 73
1585093452807 0.2851393222808838 74
1585093485913 0.28526487946510315 75
1585093518905 0.283735454082489 76
1585093552136 0.28335607051849365 77
1585093585184 0.28834620118141174 78
1585093618423 0.2822336256504059 79
1585093651423 0.2740473449230194 80
1585093684495 0.2852817177772522 81
1585093717581 0.2858244478702545 82
1585093750622 0.29982271790504456 83
1585093784330 0.2788596451282501 84
1585093817779 0.281220018863678 85
1585093851348 0.27034834027290344 86
1585093884607 0.2763844132423401 87
1585093918181 0.26524409651756287 88
1585093951393 0.26969268918037415 89
1585093984917 0.2690460681915283 90
1585094018088 0.268048495054245 91
1585094051255 0.27022531628608704 92
1585094084403 0.265137642621994 93
1585094117574 0.26501789689064026 94
1585094150885 0.25868913531303406 95
1585094184061 0.26041385531425476 96
1585094217395 0.2588098347187042 97
1585094250599 0.2667805254459381 98
1585094284066 0.2633778750896454 99
1585094318511 0.2558611035346985 100
1585094352320 0.2617504894733429 101
1585094385282 0.2573777437210083 102
1585094418610 0.25960150361061096 103
1585094451886 0.255907267332077 104
1585094484895 0.2634381651878357 105
1585094518886 0.2538539469242096 106
1585094551851 0.2597220242023468 107
1585094585348 0.25407376885414124 108
1585094618388 0.2503386437892914 109
1585094651984 0.25771963596343994 110
1585094685344 0.24545341730117798 111
1585094718480 0.250066876411438 112
1585094751730 0.25559890270233154 113
1585094784595 0.24428124725818634 114
1585094817914 0.2521357536315918 115
1585094851359 0.2538955509662628 116
1585094884646 0.24501486122608185 117
1585094918000 0.25325241684913635 118
1585094951272 0.24794915318489075 119
1585094984716 0.24150843918323517 120
1585095018101 0.24525509774684906 121
1585095051614 0.24650724232196808 122
1585095085093 0.2452543079853058 123
1585095118046 0.23746763169765472 124
1585095151055 0.24677014350891113 125
1585095184246 0.23610994219779968 126
1585095217688 0.239680215716362 127
1585095250785 0.24245044589042664 128
1585095283699 0.23529767990112305 129
1585095317162 0.24294893443584442 130
1585095350497 0.24420438706874847 131
1585095383518 0.23606514930725098 132
1585095416856 0.25170743465423584 133
1585095449866 0.24031133949756622 134
1585095482905 0.23346087336540222 135
1585095515887 0.23591531813144684 136
1585095548970 0.2362593561410904 137
1585095581744 0.23270665109157562 138
1585095615128 0.23646217584609985 139
1585095648409 0.23113025724887848 140
1585095682294 0.22770781815052032 141
1585095715449 0.2271091639995575 142
1585095748461 0.23353701829910278 143
1585095782036 0.2296711653470993 144
1585095814978 0.2260664850473404 145
1585095847936 0.2266826629638672 146
1585095881213 0.22987845540046692 147
1585095915696 0.22543202340602875 148
1585095948827 0.24465587735176086 149
1585095981861 0.22509776055812836 150
1585096015077 0.22412607073783875 151
1585096048593 0.2210356444120407 152
1585096081951 0.22501464188098907 153
1585096115218 0.22285862267017365 154
1585096148505 0.22120290994644165 155
1585096182070 0.22466236352920532 156
1585096214925 0.22298328578472137 157
1585096248145 0.2169332504272461 158
1585096281336 0.22314678132534027 159
1585096314447 0.21094119548797607 160
1585096348858 0.2164091169834137 161
1585096381938 0.21733589470386505 162
1585096415540 0.2167031615972519 163
1585096448670 0.22239303588867188 164
1585096481650 0.2116880714893341 165
1585096514718 0.2145088016986847 166
1585096547817 0.2178882509469986 167
1585096581078 0.21758992969989777 168
1585096614384 0.21380002796649933 169
1585096647676 0.2159767895936966 170
1585096681161 0.20903904736042023 171
1585096714445 0.2123795747756958 172
1585096747513 0.20950636267662048 173
1585096781247 0.21115779876708984 174
1585096814780 0.20407401025295258 175
1585096847958 0.20744113624095917 176
1585096881342 0.2150789350271225 177
1585096914480 0.214619442820549 178
1585096947864 0.21264706552028656 179
1585096980890 0.20805877447128296 180
1585097014260 0.20838691294193268 181
1585097047836 0.2066405564546585 182
1585097081120 0.214046910405159 183
1585097114802 0.2048168033361435 184
1585097147672 0.21365587413311005 185
1585097180929 0.20386812090873718 186
1585097214264 0.2059227079153061 187
1585097247855 0.202987939119339 188
1585097280861 0.20373393595218658 189
1585097313955 0.2094685286283493 190
1585097348226 0.20327283442020416 191
1585097382484 0.20311705768108368 192
1585097415528 0.20364639163017273 193
1585097448980 0.2004295438528061 194
1585097482070 0.19699521362781525 195
1585097515371 0.20445755124092102 196
1585097548577 0.2059190720319748 197
1585097581895 0.20190690457820892 198
1585097615039 0.19852201640605927 199
1585097647959 0.20329873263835907 200
1585097681262 0.1953892707824707 201
1585097714293 0.21094542741775513 202
1585097747242 0.19773298501968384 203
1585097780277 0.1896674484014511 204
1585097814193 0.2022387534379959 205
1585097849263 0.19467143714427948 206
1585097882650 0.2030561864376068 207
1585097915748 0.19632482528686523 208
1585097949019 0.19322316348552704 209
1585097982256 0.1932648867368698 210
1585098015921 0.19809038937091827 211
1585098049028 0.19429832696914673 212
1585098082141 0.19405236840248108 213
1585098115341 0.19984860718250275 214
1585098148489 0.19248519837856293 215
1585098181607 0.19118671119213104 216
1585098214975 0.19299918413162231 217
1585098248465 0.19252809882164001 218
1585098281942 0.1873050481081009 219
1585098315646 0.20310822129249573 220
1585098348833 0.19103892147541046 221
1585098381916 0.18452021479606628 222
1585098415031 0.19598457217216492 223
1585098448810 0.18754559755325317 224
1585098481747 0.18933068215847015 225
1585098514862 0.18395689129829407 226
1585098547995 0.19397999346256256 227
1585098581162 0.19019143283367157 228
1585098614663 0.19072046875953674 229
1585098647703 0.19885577261447906 230
1585098680901 0.18504667282104492 231
1585098714079 0.19361639022827148 232
1585098747389 0.19310422241687775 233
1585098780536 0.1927836835384369 234
1585098814259 0.1859363615512848 235
1585098847341 0.1899498552083969 236
1585098880529 0.1887371689081192 237
1585098914487 0.18812455236911774 238
1585098948227 0.18002843856811523 239
1585098981264 0.1923554390668869 240
1585099014420 0.17979177832603455 241
1585099047624 0.18336625397205353 242
1585099080857 0.1817442625761032 243
1585099113824 0.1846904158592224 244
1585099146903 0.18176761269569397 245
1585099180017 0.18032975494861603 246
1585099212986 0.17747944593429565 247
1585099246165 0.174085333943367 248
1585099279348 0.1869076043367386 249
1585099312199 0.1809038668870926 250
1585099345209 0.1791248619556427 251
1585099378338 0.18925905227661133 252
1585099411534 0.18830779194831848 253
1585099444779 0.1811595857143402 254
1585099478042 0.18006201088428497 255
1585099511083 0.18425869941711426 256
1585099545092 0.17409515380859375 257
1585099577999 0.20013359189033508 258
1585099611206 0.1767071634531021 259
1585099644574 0.18465721607208252 260
1585099677776 0.181376650929451 261
1585099710973 0.1822519749403 262
1585099744407 0.1763189136981964 263
1585099777454 0.17280882596969604 264
1585099810480 0.1796373873949051 265
1585099845520 0.17496474087238312 266
1585099878587 0.1727561503648758 267
1585099912864 0.17309942841529846 268
1585099945902 0.1797850877046585 269
1585099979029 0.17086465656757355 270
1585100012618 0.16903166472911835 271
1585100046720 0.1853356957435608 272
1585100080926 0.16989189386367798 273
1585100113958 0.16997572779655457 274
1585100147163 0.1710641235113144 275
1585100180439 0.17873163521289825 276
1585100213532 0.17577888071537018 277
1585100246836 0.18184469640254974 278
1585100280141 0.1756519228219986 279
1585100313474 0.170832097530365 280
1585100347224 0.17272071540355682 281
1585100380819 0.17419694364070892 282
1585100414501 0.17649656534194946 283
1585100447706 0.1686151623725891 284
1585100480981 0.1765040010213852 285
1585100514385 0.17115497589111328 286
1585100548170 0.16492962837219238 287
1585100582948 0.18429142236709595 288
1585100616180 0.1697552502155304 289
1585100649461 0.16905908286571503 290
1585100682635 0.18157801032066345 291
1585100715935 0.17111451923847198 292
1585100749321 0.17129309475421906 293
1585100782518 0.1681567281484604 294
1585100816170 0.1625022441148758 295
1585100849237 0.1730099618434906 296
1585100883001 0.16210658848285675 297
1585100916234 0.17731614410877228 298
1585100949740 0.18079954385757446 299
1585100983333 0.16029836237430573 300
1585101016534 0.1658308506011963 301
1585101049692 0.17527131736278534 302
1585101083804 0.17046807706356049 303
1585101117081 0.1765730232000351 304
1585101150511 0.159926638007164 305
1585101183836 0.16429753601551056 306
1585101217061 0.16205424070358276 307
1585101250100 0.16969025135040283 308
1585101283300 0.17353098094463348 309
1585101316487 0.1713295727968216 310
1585101349763 0.16553020477294922 311
1585101382951 0.16662509739398956 312
1585101416192 0.16293685138225555 313
1585101449634 0.16036692261695862 314
1585101482674 0.1613987237215042 315
1585101515936 0.15854500234127045 316
1585101549167 0.16059128940105438 317
1585101582291 0.17186588048934937 318
1585101615344 0.1711588054895401 319
1585101648532 0.15812654793262482 320
1585101682029 0.1611262857913971 321
1585101714904 0.16222374141216278 322
1585101748047 0.1625438928604126 323
1585101781506 0.15780779719352722 324
1585101814862 0.16669519245624542 325
1585101847981 0.15981602668762207 326
1585101881132 0.167917862534523 327
1585101915132 0.1578216850757599 328
1585101948972 0.16139380633831024 329
1585101981963 0.15472395718097687 330
1585102014929 0.15584318339824677 331
1585102048700 0.1648997664451599 332
1585102081711 0.15758562088012695 333
1585102114684 0.15853548049926758 334
1585102148066 0.15252825617790222 335
1585102181043 0.1775912046432495 336
1585102214128 0.16630811989307404 337
1585102247140 0.17426122725009918 338
1585102280139 0.16002710163593292 339
1585102313160 0.16927413642406464 340
1585102346343 0.1673642098903656 341
1585102379506 0.15816214680671692 342
1585102412683 0.1606443077325821 343
1585102446112 0.16546320915222168 344
1585102479338 0.1554083675146103 345
1585102512890 0.1852395236492157 346
1585102546214 0.15963339805603027 347
1585102579222 0.15646572411060333 348
1585102612875 0.16086439788341522 349
1585102646232 0.1521705687046051 350
1585102679533 0.1496746838092804 351
1585102713095 0.15584149956703186 352
1585102746244 0.15315832197666168 353
1585102779334 0.15408162772655487 354
1585102812706 0.15851260721683502 355
1585102847068 0.16176441311836243 356
1585102880566 0.15297776460647583 357
1585102913546 0.148004949092865 358
1585102947020 0.1533304750919342 359
1585102980333 0.14582963287830353 360
1585103014330 0.1501714289188385 361
1585103048457 0.14655405282974243 362
1585103081441 0.14896662533283234 363
1585103114831 0.14625482261180878 364
1585103147955 0.1551656723022461 365
1585103181296 0.16247577965259552 366
1585103214520 0.14943739771842957 367
1585103247626 0.14885754883289337 368
1585103280764 0.1549629122018814 369
1585103314480 0.15831221640110016 370
1585103347847 0.14777034521102905 371
1585103380981 0.16798584163188934 372
1585103414022 0.140208438038826 373
1585103447553 0.15296721458435059 374
1585103481329 0.14702357351779938 375
1585103514512 0.15283694863319397 376
1585103548034 0.15742714703083038 377
1585103581395 0.15230697393417358 378
1585103614542 0.15005362033843994 379
1585103647724 0.15124139189720154 380
1585103680940 0.15112650394439697 381
1585103714416 0.14427702128887177 382
1585103747458 0.14899711310863495 383
1585103780416 0.14134341478347778 384
1585103814671 0.15166111290454865 385
1585103847926 0.144357830286026 386
1585103881111 0.14470893144607544 387
1585103914552 0.14465543627738953 388
1585103947875 0.1444108933210373 389
1585103981449 0.15244033932685852 390
1585104014487 0.15397270023822784 391
1585104047510 0.15292949974536896 392
1585104080846 0.1484244018793106 393
1585104114262 0.14793534576892853 394
1585104151790 0.1394934207201004 395
1585104185429 0.14475612342357635 396
1585104218872 0.1490873545408249 397
1585104252121 0.15708641707897186 398
1585104285166 0.1489894539117813 399
1585104318502 0.14479981362819672 400
1585104351519 0.14969144761562347 401
1585104384682 0.14857375621795654 402
1585104417904 0.1447843462228775 403
1585104450797 0.1404929906129837 404
1585104483747 0.1440386027097702 405
1585104517341 0.14702405035495758 406
1585104550975 0.15426698327064514 407
1585104583891 0.15481263399124146 408
1585104617064 0.14292390644550323 409
1585104650370 0.13667523860931396 410
1585104683681 0.14152978360652924 411
1585104716777 0.13995422422885895 412
1585104749942 0.15326948463916779 413
1585104782942 0.13953059911727905 414
1585104815963 0.14877845346927643 415
1585104849368 0.14954181015491486 416
1585104882406 0.15655767917633057 417
1585104915659 0.1443554311990738 418
1585104948583 0.1589643955230713 419
1585104981566 0.14801804721355438 420
1585105014762 0.1364172399044037 421
1585105048055 0.1414923071861267 422
1585105081353 0.14121873676776886 423
1585105114780 0.14667080342769623 424
1585105147955 0.15276865661144257 425
1585105181365 0.1497519314289093 426
1585105214491 0.15286128222942352 427
1585105247567 0.15181851387023926 428
1585105281015 0.1431109756231308 429
1585105316037 0.14875072240829468 430
1585105349212 0.15283308923244476 431
1585105382440 0.15972907841205597 432
1585105416563 0.15013949573040009 433
1585105451324 0.154348686337471 434
1585105485135 0.1503610759973526 435
1585105518556 0.154625803232193 436
1585105551941 0.15782949328422546 437
1585105585373 0.16176314651966095 438
1585105618615 0.1580258458852768 439
1585105651801 0.15563848614692688 440
1585105684882 0.17028309404850006 441
1585105718140 0.16148395836353302 442
1585105751353 0.1653006672859192 443
1585105784483 0.17095515131950378 444
1585105818722 0.16629815101623535 445
1585105853100 0.1757744997739792 446
1585105886271 0.17377521097660065 447
1585105919468 0.18327003717422485 448
1585105952617 0.17578403651714325 449
1585105985863 0.188324972987175 450
1585106018836 0.17449349164962769 451
1585106052232 0.17491848766803741 452
1585106085827 0.16986462473869324 453
1585106118971 0.1710212677717209 454
1585106152073 0.17008832097053528 455
1585106185545 0.17822672426700592 456
1585106218619 0.17333899438381195 457
1585106251629 0.17573776841163635 458
1585106284942 0.1863972395658493 459
1585106317892 0.17078231275081635 460
1585106350920 0.16871076822280884 461
1585106384100 0.1761038899421692 462
1585106417791 0.1699729710817337 463
1585106450973 0.17133788764476776 464
1585106484153 0.1735607087612152 465
1585106517013 0.17083995044231415 466
1585106550124 0.1658903807401657 467
1585106583383 0.16662783920764923 468
1585106616870 0.18168611824512482 469
1585106649699 0.1723431497812271 470
1585106682828 0.1659422516822815 471
1585106715766 0.1617998480796814 472
1585106748663 0.17359943687915802 473
1585106781734 0.1723514348268509 474
1585106814980 0.18084610998630524 475
1585106847794 0.16152004897594452 476
1585106881151 0.16975456476211548 477
1585106914896 0.16771982610225677 478
1585106948176 0.17530253529548645 479
1585106981336 0.17115040123462677 480
1585107016478 0.17376606166362762 481
1585107049623 0.17337219417095184 482
1585107082574 0.18165703117847443 483
1585107116052 0.1928548812866211 484
1585107149889 0.17276686429977417 485
1585107183243 0.16552826762199402 486
1585107216409 0.16704338788986206 487
1585107249562 0.15969674289226532 488
1585107282826 0.16466538608074188 489
1585107316237 0.16738076508045197 490
1585107349974 0.16500531136989594 491
1585107383171 0.16530515253543854 492
1585107416479 0.17557166516780853 493
1585107449597 0.161667600274086 494
1585107482693 0.1749648153781891 495
1585107515924 0.16431714594364166 496
1585107548996 0.16572748124599457 497
1585107582212 0.16359978914260864 498
1585107615219 0.1689121127128601 499
1585107648324 0.1711919605731964 500
1585107682044 0.1626633256673813 501
1585107715117 0.17924584448337555 502
1585107748541 0.1730225831270218 503
1585107781628 0.1653885543346405 504
1585107816179 0.16683489084243774 505
1585107849319 0.16920442879199982 506
1585107882759 0.16941125690937042 507
1585107916760 0.17246697843074799 508
1585107949763 0.17091211676597595 509
1585107982990 0.16922278702259064 510
1585108015932 0.16349947452545166 511
1585108049331 0.1718340963125229 512
1585108084193 0.1777506172657013 513
1585108117562 0.17002297937870026 514
1585108150932 0.18640205264091492 515
1585108184311 0.18148377537727356 516
1585108217616 0.17618004977703094 517
1585108250624 0.16959431767463684 518
1585108284100 0.1713847666978836 519
1585108317485 0.17400629818439484 520
1585108350516 0.17222394049167633 521
1585108383595 0.19538263976573944 522
1585108416675 0.16916434466838837 523
1585108449945 0.17280277609825134 524
1585108483259 0.17532627284526825 525
1585108516080 0.16734308004379272 526
1585108549091 0.17559215426445007 527
1585108582255 0.1714756041765213 528
1585108615235 0.1704980581998825 529
1585108648290 0.1702888309955597 530
1585108681643 0.17338857054710388 531
1585108714882 0.18372859060764313 532
1585108748509 0.17208771407604218 533
1585108781703 0.18214772641658783 534
1585108815008 0.17090147733688354 535
1585108848291 0.16648541390895844 536
1585108881392 0.17860567569732666 537
1585108915374 0.17457644641399384 538
1585108948513 0.17502477765083313 539
1585108982016 0.16590234637260437 540
1585109015494 0.18977484107017517 541
1585109048805 0.18229548633098602 542
1585109082242 0.16797582805156708 543
1585109115528 0.17984668910503387 544
1585109148734 0.16897036135196686 545
1585109181867 0.17085833847522736 546
1585109215311 0.16175058484077454 547
1585109248459 0.16947422921657562 548
1585109281881 0.1733270138502121 549
1585109316492 0.16413187980651855 550
1585109349647 0.15974220633506775 551
1585109383036 0.15999439358711243 552
1585109416177 0.16736626625061035 553
1585109449342 0.16662736237049103 554
1585109482670 0.17604771256446838 555
1585109515567 0.1763557493686676 556
1585109548399 0.16554830968379974 557
1585109581776 0.17213213443756104 558
1585109615023 0.1708056479692459 559
1585109648913 0.17357748746871948 560
1585109682025 0.1717553734779358 561
1585109715173 0.17576999962329865 562
1585109748258 0.1688786894083023 563
1585109781925 0.1717279851436615 564
1585109815045 0.1706620305776596 565
1585109848560 0.16859576106071472 566
1585109881675 0.17866849899291992 567
1585109914854 0.18911318480968475 568
1585109948386 0.1832236796617508 569
1585109981566 0.17659525573253632 570
1585110014602 0.1679006665945053 571
1585110048566 0.18403328955173492 572
1585110081575 0.1798938810825348 573
1585110115009 0.1726057231426239 574
1585110148170 0.1721641570329666 575
1585110181137 0.16314180195331573 576
1585110214316 0.16405488550662994 577
1585110247356 0.16771356761455536 578
1585110280392 0.1683381199836731 579
1585110313578 0.17899975180625916 580
1585110346644 0.1691908985376358 581
1585110379598 0.1798112392425537 582
1585110412529 0.1747087687253952 583
1585110445661 0.17504355311393738 584
1585110478664 0.17603811621665955 585
1585110511820 0.18556486070156097 586
1585110544844 0.16716648638248444 587
1585110578351 0.1736849993467331 588
1585110611778 0.1674126386642456 589
1585110644825 0.16475991904735565 590
1585110678160 0.16961124539375305 591
1585110711284 0.18176165223121643 592
1585110744512 0.17596328258514404 593
1585110777667 0.1696573942899704 594
1585110810812 0.17510588467121124 595
1585110844666 0.18445345759391785 596
1585110877793 0.17545606195926666 597
1585110911124 0.18692408502101898 598
1585110944499 0.17137666046619415 599
1585110977551 0.1730891317129135 600
1585111010367 0.17511790990829468 601
1585111043889 0.16860134899616241 602
1585111076864 0.1780923306941986 603
1585111111125 0.18038634955883026 604
1585111144750 0.16614456474781036 605
1585111177740 0.18348075449466705 606
1585111210806 0.16958969831466675 607
1585111244040 0.17026154696941376 608
1585111277132 0.1719275861978531 609
1585111310425 0.17339862883090973 610
1585111344951 0.1755216270685196 611
1585111378265 0.1629481464624405 612
1585111411261 0.1697436273097992 613
1585111444285 0.17845889925956726 614
1585111477273 0.17392371594905853 615
1585111512167 0.17409542202949524 616
1585111545334 0.1748407632112503 617
1585111578652 0.17241939902305603 618
1585111612256 0.17849476635456085 619
1585111645581 0.16645361483097076 620
1585111678971 0.16950887441635132 621
1585111712143 0.17162521183490753 622
1585111745882 0.18330338597297668 623
1585111779273 0.16725893318653107 624
1585111812690 0.16884048283100128 625
1585111846228 0.16848595440387726 626
1585111879566 0.16499674320220947 627
1585111913571 0.1762298047542572 628
1585111947198 0.16802296042442322 629
1585111981043 0.1757153570652008 630
1585112015474 0.17307476699352264 631
1585112048852 0.17579379677772522 632
1585112082936 0.1763424128293991 633
1585112117262 0.17075230181217194 634
1585112150661 0.17106014490127563 635
1585112183910 0.18332992494106293 636
1585112217273 0.17448073625564575 637
1585112250606 0.17169664800167084 638
1585112285294 0.16987091302871704 639
1585112319283 0.17159517109394073 640
1585112352772 0.17372587323188782 641
1585112386157 0.16835162043571472 642
1585112419771 0.17275942862033844 643
1585112453686 0.17152701318264008 644
1585112487889 0.17841708660125732 645
1585112521548 0.17803111672401428 646
1585112556187 0.1792794167995453 647
1585112589703 0.16597206890583038 648
1585112623747 0.17630182206630707 649
1585112657246 0.17209988832473755 650
1585112690527 0.17441295087337494 651
1585112723815 0.17210713028907776 652
1585112757714 0.17972798645496368 653
1585112791051 0.18094280362129211 654
1585112824596 0.18657715618610382 655
1585112858142 0.17566445469856262 656
1585112892147 0.1782548725605011 657
1585112926025 0.17236563563346863 658
1585112959666 0.17602834105491638 659
1585112993284 0.19175726175308228 660
1585113026700 0.18162095546722412 661
1585113059981 0.17521746456623077 662
1585113093473 0.1748213768005371 663
1585113127301 0.17642731964588165 664
1585113160691 0.1773560792207718 665
1585113194671 0.1812177449464798 666
1585113228792 0.17068272829055786 667
1585113262056 0.1727045625448227 668
1585113295312 0.18625296652317047 669
1585113328727 0.1701250672340393 670
1585113362253 0.16832980513572693 671
1585113396002 0.17055149376392365 672
1585113429452 0.16543419659137726 673
1585113463074 0.17374198138713837 674
1585113496576 0.1732635796070099 675
1585113529952 0.1681188941001892 676
1585113563567 0.17242896556854248 677
1585113597176 0.16734935343265533 678
1585113630465 0.16880403459072113 679
1585113664013 0.17255808413028717 680
1585113698993 0.17997868359088898 681
1585113732529 0.17835655808448792 682
1585113766017 0.17439024150371552 683
1585113799187 0.17308634519577026 684
1585113832567 0.17927786707878113 685
1585113865995 0.17574316263198853 686
1585113899532 0.18154770135879517 687
1585113933218 0.17544667422771454 688
1585113966606 0.1679869443178177 689
1585114001380 0.1712704300880432 690
1585114034829 0.17214690148830414 691
1585114068526 0.1726037710905075 692
1585114101778 0.1810980886220932 693
1585114135161 0.1967475712299347 694
1585114168587 0.1750243455171585 695
1585114201796 0.17872993648052216 696
1585114235554 0.17716564238071442 697
1585114268765 0.18170545995235443 698
1585114302149 0.182530477643013 699
1585114335716 0.17545689642429352 700
1585114368953 0.17127154767513275 701
1585114402408 0.17587490379810333 702
1585114436249 0.17663736641407013 703
1585114469577 0.18019385635852814 704
1585114503742 0.17504417896270752 705
1585114537124 0.18576566874980927 706
1585114570881 0.1871212273836136 707
1585114604226 0.17083124816417694 708
1585114638779 0.17900681495666504 709
1585114672409 0.1889793425798416 710
1585114705846 0.19952526688575745 711
1585114740276 0.1713169664144516 712
1585114773600 0.18805302679538727 713
1585114806968 0.16885723173618317 714
1585114841388 0.16512854397296906 715
1585114875126 0.17378942668437958 716
1585114908644 0.16595332324504852 717
1585114942307 0.1665337085723877 718
1585114976153 0.17156150937080383 719
1585115009924 0.16588923335075378 720
1585115043405 0.16729435324668884 721
1585115077625 0.17721597850322723 722
1585115111764 0.17048931121826172 723
1585115145476 0.16469891369342804 724
1585115179889 0.17755572497844696 725
1585115213273 0.17245714366436005 726
1585115247197 0.17396043241024017 727
1585115281488 0.17236599326133728 728
1585115314790 0.17062129080295563 729
1585115348745 0.17078442871570587 730
1585115382939 0.17771728336811066 731
1585115416255 0.18910256028175354 732
1585115450444 0.1755765825510025 733
1585115484275 0.17599421739578247 734
1585115518452 0.17768138647079468 735
1585115552414 0.1861914098262787 736
1585115586142 0.17177893221378326 737
1585115619550 0.17568182945251465 738
1585115652807 0.1770426332950592 739
1585115686332 0.17881010472774506 740
1585115719846 0.17734810709953308 741
1585115753304 0.17396529018878937 742
1585115787288 0.17532512545585632 743
1585115821055 0.18130198121070862 744
1585115854566 0.17292135953903198 745
1585115887718 0.17807887494564056 746
1585115920965 0.1871717870235443 747
1585115954527 0.16863292455673218 748
1585115988028 0.17698152363300323 749
1585116021643 0.17880673706531525 750
1585116055093 0.18403589725494385 751
1585116088318 0.17433243989944458 752
1585116122280 0.18506912887096405 753
1585116155517 0.1744692474603653 754
1585116189183 0.16970786452293396 755
1585116223009 0.18256796896457672 756
1585116256490 0.17237603664398193 757
1585116291355 0.1755635142326355 758
1585116325754 0.17200244963169098 759
1585116359204 0.17133790254592896 760
1585116392823 0.16767650842666626 761
1585116426097 0.16543696820735931 762
1585116460122 0.1699705868959427 763
1585116494475 0.174807608127594 764
1585116527675 0.18040741980075836 765
1585116561710 0.1757938116788864 766
1585116595403 0.1650066375732422 767
1585116628833 0.1728879064321518 768
1585116663271 0.16387929022312164 769
1585116697635 0.17297475039958954 770
1585116731542 0.16515426337718964 771
1585116765524 0.17488236725330353 772
1585116799336 0.18883734941482544 773
1585116832931 0.17462284862995148 774
1585116866346 0.19300730526447296 775
1585116899967 0.1775307059288025 776
1585116933516 0.17413431406021118 777
1585116967119 0.17168445885181427 778
1585117001498 0.16959410905838013 779
1585117035398 0.17879532277584076 780
1585117069045 0.16994206607341766 781
1585117102270 0.17246875166893005 782
1585117136034 0.18035276234149933 783
1585117169377 0.18185476958751678 784
1585117202868 0.1745213121175766 785
1585117236684 0.17189018428325653 786
1585117269903 0.16980934143066406 787
1585117303329 0.17354178428649902 788
1585117337507 0.17792506515979767 789
1585117370979 0.17494112253189087 790
1585117404575 0.17507849633693695 791
1585117439240 0.18138302862644196 792
1585117474787 0.16918398439884186 793
1585117508122 0.1740982085466385 794
1585117541757 0.17663896083831787 795
1585117575908 0.1759335845708847 796
1585117609102 0.17496776580810547 797
1585117642294 0.18869778513908386 798
1585117676031 0.17725442349910736 799
1585117709555 0.17134936153888702 800
1585117742970 0.17995329201221466 801
1585117776520 0.18041004240512848 802
1585117810434 0.1767183095216751 803
1585117843760 0.1698792278766632 804
1585117877106 0.17595088481903076 805
1585117911482 0.16913601756095886 806
1585117944931 0.17542853951454163 807
1585117978248 0.17525789141654968 808
1585118012117 0.1751319319009781 809
1585118045763 0.18388216197490692 810
1585118080232 0.17187245190143585 811
1585118113897 0.1726900041103363 812
1585118148224 0.17467905580997467 813
1585118181427 0.17537005245685577 814
1585118214773 0.17668016254901886 815
1585118248365 0.17694558203220367 816
1585118281932 0.17919670045375824 817
1585118315678 0.1750965565443039 818
1585118349150 0.18180795013904572 819
1585118382578 0.1730469912290573 820
1585118415908 0.17771126329898834 821
1585118450151 0.17784090340137482 822
1585118483476 0.1775941550731659 823
1585118516997 0.18280856311321259 824
1585118551096 0.17856699228286743 825
1585118584472 0.17296169698238373 826
1585118619423 0.17785269021987915 827
1585118653508 0.17573614418506622 828
1585118687116 0.18047696352005005 829
1585118720719 0.1782323569059372 830
1585118754176 0.1794651299715042 831
1585118788533 0.17612938582897186 832
1585118821974 0.17488062381744385 833
1585118855442 0.1822483241558075 834
1585118888962 0.17854191362857819 835
1585118922399 0.18444129824638367 836
1585118955699 0.172819584608078 837
1585118989130 0.17897790670394897 838
1585119023495 0.18491634726524353 839
1585119057019 0.17347541451454163 840
1585119090309 0.17396537959575653 841
1585119123940 0.18126165866851807 842
1585119157666 0.17428253591060638 843
1585119191625 0.1741420179605484 844
1585119225237 0.1768694669008255 845
1585119258616 0.16487164795398712 846
1585119292054 0.17214691638946533 847
1585119325720 0.17935490608215332 848
1585119358996 0.17163769900798798 849
1585119392302 0.17619800567626953 850
1585119425978 0.1669204831123352 851
1585119459160 0.1746388077735901 852
1585119492760 0.17810697853565216 853
1585119526608 0.17154820263385773 854
1585119559855 0.16806897521018982 855
1585119593944 0.17651669681072235 856
1585119627669 0.1697559654712677 857
1585119661016 0.18218180537223816 858
1585119695704 0.16822507977485657 859
1585119729922 0.1788671761751175 860
1585119763247 0.16800887882709503 861
1585119797736 0.17951861023902893 862
1585119831162 0.1673462837934494 863
1585119864845 0.18522080779075623 864
1585119898183 0.17619021236896515 865
1585119931718 0.19159914553165436 866
1585119965750 0.17375443875789642 867
1585119999580 0.17078717052936554 868
1585120032973 0.18177743256092072 869
1585120066659 0.17586614191532135 870
1585120100621 0.1710282266139984 871
1585120134699 0.17365236580371857 872
1585120167982 0.18007877469062805 873
1585120201405 0.1689949929714203 874
1585120235024 0.18589913845062256 875
1585120268275 0.1716865599155426 876
1585120301676 0.17958517372608185 877
1585120335566 0.175936758518219 878
1585120369731 0.17453312873840332 879
1585120403236 0.16779077053070068 880
1585120437606 0.16561532020568848 881
1585120472345 0.17580865323543549 882
1585120506055 0.17084428668022156 883
1585120539775 0.17482811212539673 884
1585120573134 0.17133091390132904 885
1585120606961 0.1703622192144394 886
1585120641193 0.16623353958129883 887
1585120674947 0.181613951921463 888
1585120709450 0.18240860104560852 889
1585120743935 0.17463503777980804 890
1585120777600 0.17012736201286316 891
1585120810882 0.1694347858428955 892
1585120844521 0.1904277354478836 893
1585120878051 0.18491476774215698 894
1585120911535 0.18999020755290985 895
1585120944786 0.18383176624774933 896
1585120978124 0.18104039132595062 897
1585121012747 0.17472565174102783 898
1585121046267 0.1751079112291336 899
1585121079420 0.16770046949386597 900
1585121112681 0.17823298275470734 901
1585121146270 0.17296159267425537 902
1585121180849 0.17305316030979156 903
1585121216663 0.1723089963197708 904
1585121249967 0.1822824478149414 905
1585121283410 0.17725053429603577 906
1585121316801 0.1716960072517395 907
1585121349958 0.1802283078432083 908
1585121383729 0.17598095536231995 909
1585121417638 0.17484800517559052 910
1585121450984 0.1752769500017166 911
1585121484226 0.1616678535938263 912
1585121518628 0.17673012614250183 913
1585121554564 0.16985401511192322 914
1585121588513 0.17591755092144012 915
1585121621865 0.1721784770488739 916
1585121655581 0.17738686501979828 917
1585121689502 0.17053115367889404 918
1585121722772 0.1732335388660431 919
1585121756094 0.17433370649814606 920
1585121789569 0.18011119961738586 921
1585121823386 0.17299707233905792 922
1585121856675 0.17249435186386108 923
1585121891007 0.17953787744045258 924
1585121924907 0.17624838650226593 925
1585121958925 0.1760522425174713 926
1585121992978 0.17354919016361237 927
1585122026628 0.1725112646818161 928
1585122060465 0.17120856046676636 929
1585122094398 0.16911736130714417 930
1585122128164 0.18139298260211945 931
1585122162047 0.17119789123535156 932
1585122196309 0.1763831526041031 933
1585122229711 0.18049244582653046 934
1585122264115 0.18140897154808044 935
1585122297515 0.1704382449388504 936
1585122331080 0.16647285223007202 937
1585122364462 0.16769345104694366 938
1585122398680 0.18513400852680206 939
1585122431960 0.1681392937898636 940
1585122465996 0.16771262884140015 941
1585122499668 0.1657947450876236 942
1585122532909 0.1833488941192627 943
1585122566745 0.17395244538784027 944
1585122601035 0.17142264544963837 945
1585122634306 0.18277035653591156 946
1585122668014 0.1761668473482132 947
1585122701388 0.16943642497062683 948
1585122735130 0.17256315052509308 949
1585122768594 0.19209152460098267 950
1585122801831 0.16921430826187134 951
1585122836946 0.17092265188694 952
1585122871067 0.1694183498620987 953
1585122905878 0.17237214744091034 954
1585122939272 0.17483803629875183 955
1585122974511 0.17636238038539886 956
1585123008046 0.17434170842170715 957
1585123041825 0.18373173475265503 958
1585123075145 0.178471639752388 959
1585123108839 0.17534954845905304 960
1585123143743 0.1829221397638321 961
1585123177523 0.17493103444576263 962
1585123211164 0.17271018028259277 963
1585123247168 0.17108996212482452 964
1585123280590 0.18384802341461182 965
1585123314099 0.18006914854049683 966
1585123347602 0.17024776339530945 967
1585123381379 0.17813648283481598 968
1585123414855 0.17448139190673828 969
1585123448708 0.18496178090572357 970
1585123482088 0.1703941822052002 971
1585123515763 0.16464515030384064 972
1585123549204 0.17315146327018738 973
1585123582586 0.17278224229812622 974
1585123616838 0.17098768055438995 975
1585123650536 0.17869873344898224 976
1585123684004 0.16633489727973938 977
1585123717892 0.16711214184761047 978
1585123752170 0.1697666049003601 979
1585123785779 0.17026253044605255 980
1585123819260 0.16995279490947723 981
1585123853385 0.17126014828681946 982
1585123886785 0.17111587524414062 983
1585123920122 0.17450390756130219 984
1585123953446 0.16390740871429443 985
1585123986988 0.17536935210227966 986
1585124020253 0.17251506447792053 987
1585124054397 0.18440715968608856 988
1585124087586 0.1829860806465149 989
1585124121170 0.20127148926258087 990
1585124155436 0.1796000748872757 991
1585124188741 0.1725955307483673 992
1585124223154 0.1788169890642166 993
1585124257924 0.17745210230350494 994
1585124291485 0.18453359603881836 995
1585124325200 0.17771749198436737 996
1585124358960 0.17227883636951447 997
1585124392700 0.16971684992313385 998
1585124425901 0.18790754675865173 999
1585124459305 0.17016638815402985 1000
