1585090992160 0.28348657488822937 0
1585091025127 0.42678162455558777 1
1585091058364 0.6097701191902161 2
1585091091495 0.6762068867683411 3
1585091124835 0.676436722278595 4
1585091158715 0.6772413849830627 5
1585091192180 0.677241325378418 6
1585091225649 0.6796551942825317 7
1585091258976 0.676436722278595 8
1585091292289 0.6812644004821777 9
1585091325564 0.6756321787834167 10
1585091358694 0.6852107644081116 11
1585091392131 0.700766384601593 12
1585091425288 0.6980459690093994 13
1585091458429 0.7150958180427551 14
1585091491425 0.7324903607368469 15
1585091524348 0.7373180389404297 16
1585091557118 0.7441762089729309 17
1585091589949 0.7490421533584595 18
1585091623170 0.7568965554237366 19
1585091656055 0.7641761898994446 20
1585091688996 0.7600383758544922 21
1585091721518 0.7397701740264893 22
1585091754438 0.7590421438217163 23
1585091787770 0.7633715867996216 24
1585091820753 0.7601532340049744 25
1585091854360 0.7651723623275757 26
1585091887504 0.7642912268638611 27
1585091920542 0.7654022574424744 28
1585091953608 0.7844827771186829 29
1585091986682 0.8032566905021667 30
1585092019736 0.8059003949165344 31
1585092052809 0.7986589670181274 32
1585092085863 0.8205364346504211 33
1585092118961 0.8203448057174683 34
1585092152252 0.8346743583679199 35
1585092185585 0.8294252753257751 36
1585092218748 0.8286206722259521 37
1585092251782 0.8384292125701904 38
1585092284838 0.837011456489563 39
1585092318080 0.8311493992805481 40
1585092351214 0.8385440111160278 41
1585092384410 0.8463984727859497 42
1585092417564 0.8394253253936768 43
1585092450726 0.8525670170783997 44
1585092483997 0.8376244902610779 45
1585092519948 0.8420689702033997 46
1585092553335 0.8394253253936768 47
1585092586545 0.8386207222938538 48
1585092620080 0.8446743488311768 49
1585092653247 0.8472030758857727 50
1585092686402 0.8694252967834473 51
1585092719618 0.8419540524482727 52
1585092753049 0.8632566928863525 53
1585092786070 0.8607279658317566 54
1585092819679 0.8483141660690308 55
1585092852930 0.8486207127571106 56
1585092886216 0.8648658990859985 57
1585092919435 0.8594252467155457 58
1585092952644 0.8721455335617065 59
1585092985843 0.8693103790283203 60
1585093019053 0.8685057759284973 61
1585093052083 0.8548658490180969 62
1585093085191 0.8560920357704163 63
1585093118530 0.8677011132240295 64
1585093152249 0.8649808764457703 65
1585093185217 0.8664751648902893 66
1585093218321 0.8670881390571594 67
1585093251952 0.8649808764457703 68
1585093285198 0.8585057258605957 69
1585093318714 0.8597318530082703 70
1585093352153 0.8721455335617065 71
1585093385530 0.8621456623077393 72
1585093419644 0.8713410496711731 73
1585093452807 0.8702298998832703 74
1585093485913 0.8622605800628662 75
1585093518905 0.8694252967834473 76
1585093552136 0.870229959487915 77
1585093585184 0.8665900826454163 78
1585093618423 0.8724520802497864 79
1585093651423 0.8837547898292542 80
1585093684495 0.8706514239311218 81
1585093717581 0.8602299094200134 82
1585093750622 0.8486589193344116 83
1585093784330 0.880842924118042 84
1585093817779 0.8777011036872864 85
1585093851348 0.8751724362373352 86
1585093884607 0.881647527217865 87
1585093918181 0.8823371529579163 88
1585093951393 0.8760919570922852 89
1585093984917 0.8829501271247864 90
1585094018088 0.8790038228034973 91
1585094051255 0.8788122534751892 92
1585094084403 0.8830651044845581 93
1585094117574 0.882337212562561 94
1585094150885 0.8935631513595581 95
1585094184061 0.8813410401344299 96
1585094217395 0.896475076675415 97
1585094250599 0.8846743106842041 98
1585094284066 0.890421450138092 99
1585094318511 0.891226053237915 100
1585094352320 0.89091956615448 101
1585094385282 0.8881992101669312 102
1585094418610 0.8943678736686707 103
1585094451886 0.8926436305046082 104
1585094484895 0.8946743011474609 105
1585094518886 0.8862835764884949 106
1585094551851 0.8891188502311707 107
1585094585348 0.8910344243049622 108
1585094618388 0.8970881700515747 109
1585094651984 0.890421450138092 110
1585094685344 0.9035632014274597 111
1585094718480 0.8949808478355408 112
1585094751730 0.8821455836296082 113
1585094784595 0.8954789042472839 114
1585094817914 0.897394597530365 115
1585094851359 0.893754780292511 116
1585094884646 0.8993103504180908 117
1585094918000 0.881647527217865 118
1585094951272 0.891647458076477 119
1585094984716 0.902643620967865 120
1585095018101 0.9095019102096558 121
1585095051614 0.8799232840538025 122
1585095085093 0.9048659205436707 123
1585095118046 0.9016474485397339 124
1585095151055 0.8954790234565735 125
1585095184246 0.9048659205436707 126
1585095217688 0.900114893913269 127
1585095250785 0.8957854509353638 128
1585095283699 0.9123371839523315 129
1585095317162 0.900919497013092 130
1585095350497 0.8927586078643799 131
1585095383518 0.9113409519195557 132
1585095416856 0.8868198990821838 133
1585095449866 0.8951724171638489 134
1585095482905 0.9057854413986206 135
1585095515887 0.9018390774726868 136
1585095548970 0.8929502964019775 137
1585095581744 0.895670473575592 138
1585095615128 0.9073946475982666 139
1585095648409 0.9131417870521545 140
1585095682294 0.9215325117111206 141
1585095715449 0.9150574803352356 142
1585095748461 0.9023371934890747 143
1585095782036 0.9129502177238464 144
1585095814978 0.9088122248649597 145
1585095847936 0.9126436710357666 146
1585095881213 0.9101148247718811 147
1585095915696 0.9060919284820557 148
1585095948827 0.8963218331336975 149
1585095981861 0.9068964719772339 150
1585096015077 0.9175862073898315 151
1585096048593 0.9142528176307678 152
1585096081951 0.9229502081871033 153
1585096115218 0.9164749979972839 154
1585096148505 0.9015324711799622 155
1585096182070 0.9059770703315735 156
1585096214925 0.9126436710357666 157
1585096248145 0.9193102717399597 158
1585096281336 0.902643620967865 159
1585096314447 0.9228352308273315 160
1585096348858 0.9234482645988464 161
1585096381938 0.9146743416786194 162
1585096415540 0.9212260842323303 163
1585096448670 0.9104213714599609 164
1585096481650 0.9204214215278625 165
1585096514718 0.9248658418655396 166
1585096547817 0.9293102622032166 167
1585096581078 0.9248658418655396 168
1585096614384 0.9218390583992004 169
1585096647676 0.9162834882736206 170
1585096681161 0.9229502081871033 171
1585096714445 0.9190037846565247 172
1585096747513 0.9229502081871033 173
1585096781247 0.9201148152351379 174
1585096814780 0.9209195375442505 175
1585096847958 0.9264751076698303 176
1585096881342 0.9198083877563477 177
1585096914480 0.9181225895881653 178
1585096947864 0.90386962890625 179
1585096980890 0.9237548112869263 180
1585097014260 0.9183908104896545 181
1585097047836 0.9248658418655396 182
1585097081120 0.9099233746528625 183
1585097114802 0.9226436614990234 184
1585097147672 0.9154789447784424 185
1585097180929 0.9199233651161194 186
1585097214264 0.9262835383415222 187
1585097247855 0.9237548112869263 188
1585097280861 0.9267815351486206 189
1585097313955 0.9223371148109436 190
1585097348226 0.9170880913734436 191
1585097382484 0.9253639578819275 192
1585097415528 0.9280842542648315 193
1585097448980 0.9345592856407166 194
1585097482070 0.9250574111938477 195
1585097515371 0.9232566952705383 196
1585097548577 0.9164751172065735 197
1585097581895 0.9217241406440735 198
1585097615039 0.9245594143867493 199
1585097647959 0.9267815351486206 200
1585097681262 0.9356704354286194 201
1585097714293 0.9178926944732666 202
1585097747242 0.9262835383415222 203
1585097780277 0.9355555772781372 204
1585097814193 0.9137547612190247 205
1585097849263 0.9309195280075073 206
1585097882650 0.9196168184280396 207
1585097915748 0.9301148653030396 208
1585097949019 0.9234482645988464 209
1585097982256 0.9232566952705383 210
1585098015921 0.9232566952705383 211
1585098049028 0.9239463806152344 212
1585098082141 0.9272797107696533 213
1585098115341 0.9159769415855408 214
1585098148489 0.9312260150909424 215
1585098181607 0.9340612888336182 216
1585098214975 0.9281992316246033 217
1585098248465 0.9295018315315247 218
1585098281942 0.9317241311073303 219
1585098315646 0.9132567644119263 220
1585098348833 0.9337548017501831 221
1585098381916 0.9350574612617493 222
1585098415031 0.9248659610748291 223
1585098448810 0.9323371052742004 224
1585098481747 0.9296169281005859 225
1585098514862 0.9428351521492004 226
1585098547995 0.9265899658203125 227
1585098581162 0.9278926849365234 228
1585098614663 0.9251723885536194 229
1585098647703 0.9213409423828125 230
1585098680901 0.9337548017501831 231
1585098714079 0.9223371148109436 232
1585098747389 0.9259770512580872 233
1585098780536 0.9298084378242493 234
1585098814259 0.9290038347244263 235
1585098847341 0.9345592856407166 236
1585098880529 0.931839108467102 237
1585098914487 0.9202299118041992 238
1585098948227 0.9372795820236206 239
1585098981264 0.9207279682159424 240
1585099014420 0.9395018815994263 241
1585099047624 0.9320305585861206 242
1585099080857 0.9356704354286194 243
1585099113824 0.9303065538406372 244
1585099146903 0.9313409924507141 245
1585099180017 0.9380843043327332 246
1585099212986 0.9386972784996033 247
1585099246165 0.9406130313873291 248
1585099279348 0.9298084378242493 249
1585099312199 0.9414175748825073 250
1585099345209 0.9367815852165222 251
1585099378338 0.9270880222320557 252
1585099411534 0.931839108467102 253
1585099444779 0.9372797012329102 254
1585099478042 0.9304214119911194 255
1585099511083 0.9320306777954102 256
1585099545092 0.9404214024543762 257
1585099577999 0.9202299118041992 258
1585099611206 0.933946430683136 259
1585099644574 0.9307279586791992 260
1585099677776 0.9353640079498291 261
1585099710973 0.9173946380615234 262
1585099744407 0.93141770362854 263
1585099777454 0.938390851020813 264
1585099810480 0.9401149749755859 265
1585099845520 0.9398084282875061 266
1585099878587 0.9312260150909424 267
1585099912864 0.943141758441925 268
1585099945902 0.9353640079498291 269
1585099979029 0.9337548017501831 270
1585100012618 0.944444477558136 271
1585100046720 0.9272030591964722 272
1585100080926 0.947586178779602 273
1585100113958 0.9388888478279114 274
1585100147163 0.9337548017501831 275
1585100180439 0.9270880222320557 276
1585100213532 0.926590085029602 277
1585100246836 0.931839108467102 278
1585100280141 0.932643711566925 279
1585100313474 0.9386972784996033 280
1585100347224 0.9386972784996033 281
1585100380819 0.9381991624832153 282
1585100414501 0.9372797012329102 283
1585100447706 0.94283527135849 284
1585100480981 0.942337155342102 285
1585100514385 0.9342528581619263 286
1585100548170 0.943141758441925 287
1585100582948 0.9324520826339722 288
1585100616180 0.9390038251876831 289
1585100649461 0.9375861287117004 290
1585100682635 0.9293103814125061 291
1585100715935 0.9336398243904114 292
1585100749321 0.9347509741783142 293
1585100782518 0.9367815852165222 294
1585100816170 0.944865882396698 295
1585100849237 0.9420306086540222 296
1585100883001 0.9531417489051819 297
1585100916234 0.9334482550621033 298
1585100949740 0.9310343861579895 299
1585100983333 0.9453638792037964 300
1585101016534 0.938812255859375 301
1585101049692 0.9364750981330872 302
1585101083804 0.9383907318115234 303
1585101117081 0.9278926849365234 304
1585101150511 0.9439463019371033 305
1585101183836 0.9420306086540222 306
1585101217061 0.9409194588661194 307
1585101250100 0.9350574612617493 308
1585101283300 0.9275095462799072 309
1585101316487 0.9367815852165222 310
1585101349763 0.9337548017501831 311
1585101382951 0.9410344362258911 312
1585101416192 0.9409194588661194 313
1585101449634 0.9464750289916992 314
1585101482674 0.9409195780754089 315
1585101515936 0.9401148557662964 316
1585101549167 0.9478926062583923 317
1585101582291 0.9393103122711182 318
1585101615344 0.941532552242279 319
1585101648532 0.9458620548248291 320
1585101682029 0.942337155342102 321
1585101714904 0.9434483051300049 322
1585101748047 0.9393103122711182 323
1585101781506 0.9414175748825073 324
1585101814862 0.9367815852165222 325
1585101847981 0.9486973285675049 326
1585101881132 0.9445593357086182 327
1585101915132 0.943141758441925 328
1585101948972 0.9401148557662964 329
1585101981963 0.9506130218505859 330
1585102014929 0.9495018720626831 331
1585102048700 0.9466667175292969 332
1585102081711 0.9428351521492004 333
1585102114684 0.9450574517250061 334
1585102148066 0.9445593357086182 335
1585102181043 0.927394688129425 336
1585102214128 0.9370880126953125 337
1585102247140 0.9380075931549072 338
1585102280139 0.9401149749755859 339
1585102313160 0.9414175748825073 340
1585102346343 0.9393103122711182 341
1585102379506 0.9464750289916992 342
1585102412683 0.9369731545448303 343
1585102446112 0.9437548518180847 344
1585102479338 0.9486973285675049 345
1585102512890 0.9245976209640503 346
1585102546214 0.9486973285675049 347
1585102579222 0.9525287747383118 348
1585102612875 0.9406130313873291 349
1585102646232 0.9470880627632141 350
1585102679533 0.9523371458053589 351
1585102713095 0.9498084187507629 352
1585102746244 0.9459769129753113 353
1585102779334 0.9445593357086182 354
1585102812706 0.9372795820236206 355
1585102847068 0.9393103122711182 356
1585102880566 0.94808429479599 357
1585102913546 0.9490037560462952 358
1585102947020 0.9498084187507629 359
1585102980333 0.9583907723426819 360
1585103014330 0.9495018720626831 361
1585103048457 0.9472796320915222 362
1585103081441 0.9542527794837952 363
1585103114831 0.9461684823036194 364
1585103147955 0.947586178779602 365
1585103181296 0.9356704354286194 366
1585103214520 0.9542528986930847 367
1585103247626 0.9470880627632141 368
1585103280764 0.947586178779602 369
1585103314480 0.9434481859207153 370
1585103347847 0.9495018720626831 371
1585103380981 0.933563232421875 372
1585103414022 0.9491954445838928 373
1585103447553 0.9509194493293762 374
1585103481329 0.9472797513008118 375
1585103514512 0.95333331823349 376
1585103548034 0.938812255859375 377
1585103581395 0.9509194493293762 378
1585103614542 0.9412260055541992 379
1585103647724 0.9480841755867004 380
1585103680940 0.9483908414840698 381
1585103714416 0.9550574421882629 382
1585103747458 0.9509194493293762 383
1585103780416 0.9558620452880859 384
1585103814671 0.9486973285675049 385
1585103847926 0.9523371458053589 386
1585103881111 0.9445593357086182 387
1585103914552 0.952835202217102 388
1585103947875 0.9591954350471497 389
1585103981449 0.9442527890205383 390
1585104014487 0.9437547326087952 391
1585104047510 0.9439463019371033 392
1585104080846 0.9491954445838928 393
1585104114262 0.9506130218505859 394
1585104151790 0.9542528986930847 395
1585104185429 0.954559326171875 396
1585104218872 0.950114905834198 397
1585104252121 0.9523371458053589 398
1585104285166 0.9506129026412964 399
1585104318502 0.9525287747383118 400
1585104351519 0.9495018720626831 401
1585104384682 0.9427585601806641 402
1585104417904 0.9509194493293762 403
1585104450797 0.9506130218505859 404
1585104483747 0.9469731450080872 405
1585104517341 0.9486973285675049 406
1585104550975 0.9453639984130859 407
1585104583891 0.943639874458313 408
1585104617064 0.9523371458053589 409
1585104650370 0.9566666483879089 410
1585104683681 0.9506130218505859 411
1585104716777 0.957279622554779 412
1585104749942 0.9429501295089722 413
1585104782942 0.9523370862007141 414
1585104815963 0.9478927254676819 415
1585104849368 0.9512260556221008 416
1585104882406 0.944865882396698 417
1585104915659 0.9553640484809875 418
1585104948583 0.9381991624832153 419
1585104981566 0.9515326023101807 420
1585105014762 0.9544444680213928 421
1585105048055 0.947586178779602 422
1585105081353 0.952030599117279 423
1585105114780 0.9472796320915222 424
1585105147955 0.9393103122711182 425
1585105181365 0.9481991529464722 426
1585105214491 0.9445593357086182 427
1585105247567 0.9434483051300049 428
1585105281015 0.9491953253746033 429
1585105316037 0.948505699634552 430
1585105349212 0.939616858959198 431
1585105382440 0.9420306086540222 432
1585105416563 0.9490037560462952 433
1585105451324 0.9512260556221008 434
1585105485135 0.9433333277702332 435
1585105518556 0.9404214024543762 436
1585105551941 0.9356704354286194 437
1585105585373 0.9334482550621033 438
1585105618615 0.9359769821166992 439
1585105651801 0.9403064846992493 440
1585105684882 0.9312260150909424 441
1585105718140 0.931839108467102 442
1585105751353 0.9317241311073303 443
1585105784483 0.9298084378242493 444
1585105818722 0.9248659610748291 445
1585105853100 0.9305363893508911 446
1585105886271 0.9195019602775574 447
1585105919468 0.9232566952705383 448
1585105952617 0.9213409423828125 449
1585105985863 0.9088123440742493 450
1585106018836 0.9165899753570557 451
1585106052232 0.9178926944732666 452
1585106085827 0.9132566452026367 453
1585106118971 0.9217241406440735 454
1585106152073 0.9245594143867493 455
1585106185545 0.9175094962120056 456
1585106218619 0.9234482645988464 457
1585106251629 0.9251723885536194 458
1585106284942 0.9188122153282166 459
1585106317892 0.9245592951774597 460
1585106350920 0.9256705045700073 461
1585106384100 0.9207279682159424 462
1585106417791 0.9253639578819275 463
1585106450973 0.931034505367279 464
1585106484153 0.9210343956947327 465
1585106517013 0.9328352808952332 466
1585106550124 0.9278926849365234 467
1585106583383 0.9234482645988464 468
1585106616870 0.9207279682159424 469
1585106649699 0.9207279682159424 470
1585106682828 0.9291954040527344 471
1585106715766 0.9256704449653625 472
1585106748663 0.9286972880363464 473
1585106781734 0.9264751076698303 474
1585106814980 0.9243677854537964 475
1585106847794 0.9314175844192505 476
1585106881151 0.9205363392829895 477
1585106914896 0.9251723885536194 478
1585106948176 0.9191187620162964 479
1585106981336 0.922145664691925 480
1585107016478 0.9227585196495056 481
1585107049623 0.9251723885536194 482
1585107082574 0.9188122153282166 483
1585107116052 0.91904217004776 484
1585107149889 0.9272797107696533 485
1585107183243 0.9286972880363464 486
1585107216409 0.9269731640815735 487
1585107249562 0.9309195280075073 488
1585107282826 0.9240612387657166 489
1585107316237 0.9229502081871033 490
1585107349974 0.9309195280075073 491
1585107383171 0.9309195280075073 492
1585107416479 0.9237548112869263 493
1585107449597 0.9334482550621033 494
1585107482693 0.9234482645988464 495
1585107515924 0.9277012348175049 496
1585107548996 0.9296168088912964 497
1585107582212 0.9299233555793762 498
1585107615219 0.9262835383415222 499
1585107648324 0.9301148653030396 500
1585107682044 0.9312260150909424 501
1585107715117 0.9245594143867493 502
1585107748541 0.9286972880363464 503
1585107781628 0.9280842542648315 504
1585107816179 0.9304214119911194 505
1585107849319 0.9331417083740234 506
1585107882759 0.9242528080940247 507
1585107916760 0.9248659610748291 508
1585107949763 0.9237546920776367 509
1585107982990 0.9253639578819275 510
1585108015932 0.9261685609817505 511
1585108049331 0.9237546920776367 512
1585108084193 0.9177011847496033 513
1585108117562 0.9229500889778137 514
1585108150932 0.9178926944732666 515
1585108184311 0.9186206459999084 516
1585108217616 0.9264751076698303 517
1585108250624 0.9226436614990234 518
1585108284100 0.9193103909492493 519
1585108317485 0.9320305585861206 520
1585108350516 0.9315325617790222 521
1585108383595 0.9154788255691528 522
1585108416675 0.9240612387657166 523
1585108449945 0.9234482645988464 524
1585108483259 0.9162834882736206 525
1585108516080 0.9283907413482666 526
1585108549091 0.9159770607948303 527
1585108582255 0.9231417179107666 528
1585108615235 0.9178926944732666 529
1585108648290 0.9245592951774597 530
1585108681643 0.9307279586791992 531
1585108714882 0.9206129908561707 532
1585108748509 0.9220306873321533 533
1585108781703 0.9204214215278625 534
1585108815008 0.9245594143867493 535
1585108848291 0.9272797107696533 536
1585108881392 0.9261685609817505 537
1585108915374 0.9148657917976379 538
1585108948513 0.9215325117111206 539
1585108982016 0.9264751076698303 540
1585109015494 0.9122222065925598 541
1585109048805 0.9170882105827332 542
1585109082242 0.9268965125083923 543
1585109115528 0.9222605228424072 544
1585109148734 0.9237548112869263 545
1585109181867 0.9278925657272339 546
1585109215311 0.9264751076698303 547
1585109248459 0.9251723885536194 548
1585109281881 0.9264749884605408 549
1585109316492 0.9331417083740234 550
1585109349647 0.9300000071525574 551
1585109383036 0.9339463114738464 552
1585109416177 0.9226436614990234 553
1585109449342 0.9301148653030396 554
1585109482670 0.9296168088912964 555
1585109515567 0.9246742725372314 556
1585109548399 0.9293102622032166 557
1585109581776 0.9223371148109436 558
1585109615023 0.9298084378242493 559
1585109648913 0.9247509837150574 560
1585109682025 0.9270880818367004 561
1585109715173 0.9210345149040222 562
1585109748258 0.9278926849365234 563
1585109781925 0.9285057187080383 564
1585109815045 0.9267815351486206 565
1585109848560 0.9237548112869263 566
1585109881675 0.9281991124153137 567
1585109914854 0.9147893190383911 568
1585109948386 0.9157854914665222 569
1585109981566 0.9223371148109436 570
1585110014602 0.9403064846992493 571
1585110048566 0.9148657917976379 572
1585110081575 0.9210343956947327 573
1585110115009 0.9234482645988464 574
1585110148170 0.9290038347244263 575
1585110181137 0.9237548112869263 576
1585110214316 0.9295018315315247 577
1585110247356 0.9309194684028625 578
1585110280392 0.9242528080940247 579
1585110313578 0.9219540357589722 580
1585110346644 0.9298084378242493 581
1585110379598 0.9224520921707153 582
1585110412529 0.9250574111938477 583
1585110445661 0.9240612387657166 584
1585110478664 0.9207279682159424 585
1585110511820 0.9234482645988464 586
1585110544844 0.9245594143867493 587
1585110578351 0.9228352308273315 588
1585110611778 0.9309195280075073 589
1585110644825 0.9336398243904114 590
1585110678160 0.9298084378242493 591
1585110711284 0.9168965220451355 592
1585110744512 0.9157853722572327 593
1585110777667 0.9347509741783142 594
1585110810812 0.9262835383415222 595
1585110844666 0.9237548112869263 596
1585110877793 0.9167815446853638 597
1585110911124 0.9205363392829895 598
1585110944499 0.9237548112869263 599
1585110977551 0.9198083877563477 600
1585111010367 0.9163983464241028 601
1585111043889 0.9320305585861206 602
1585111076864 0.9180842638015747 603
1585111111125 0.9170882105827332 604
1585111144750 0.9312260150909424 605
1585111177740 0.9192336201667786 606
1585111210806 0.9309195280075073 607
1585111244040 0.9218390583992004 608
1585111277132 0.9281991124153137 609
1585111310425 0.9245594143867493 610
1585111344951 0.9232566952705383 611
1585111378265 0.9328352808952332 612
1585111411261 0.9272797107696533 613
1585111444285 0.9160919189453125 614
1585111477273 0.9220306873321533 615
1585111512167 0.9250574111938477 616
1585111545334 0.9204214215278625 617
1585111578652 0.9240613579750061 618
1585111612256 0.9204214215278625 619
1585111645581 0.9250574111938477 620
1585111678971 0.9275861382484436 621
1585111712143 0.9201149344444275 622
1585111745882 0.9143677949905396 623
1585111779273 0.9256705045700073 624
1585111812690 0.9261685609817505 625
1585111846228 0.9303064346313477 626
1585111879566 0.9301148653030396 627
1585111913571 0.9286972880363464 628
1585111947198 0.9245592951774597 629
1585111981043 0.9212260842323303 630
1585112015474 0.9234482645988464 631
1585112048852 0.9272797107696533 632
1585112082936 0.9243677258491516 633
1585112117262 0.9207279682159424 634
1585112150661 0.9256704449653625 635
1585112183910 0.9178926944732666 636
1585112217273 0.9226436614990234 637
1585112250606 0.9251723885536194 638
1585112285294 0.9306129813194275 639
1585112319283 0.9232566952705383 640
1585112352772 0.9231417775154114 641
1585112386157 0.9253639578819275 642
1585112419771 0.9168965220451355 643
1585112453686 0.9201148152351379 644
1585112487889 0.9146743416786194 645
1585112521548 0.9242528080940247 646
1585112556187 0.9196169376373291 647
1585112589703 0.9267815351486206 648
1585112623747 0.9234482645988464 649
1585112657246 0.9272795915603638 650
1585112690527 0.9239462614059448 651
1585112723815 0.9253639578819275 652
1585112757714 0.9181992411613464 653
1585112791051 0.9198083877563477 654
1585112824596 0.9157853722572327 655
1585112858142 0.9177010655403137 656
1585112892147 0.9250574111938477 657
1585112926025 0.9261685609817505 658
1585112959666 0.9207279682159424 659
1585112993284 0.9137547612190247 660
1585113026700 0.9188122153282166 661
1585113059981 0.9242528080940247 662
1585113093473 0.9212259650230408 663
1585113127301 0.9173945188522339 664
1585113160691 0.9259770512580872 665
1585113194671 0.9185056686401367 666
1585113228792 0.9267816543579102 667
1585113262056 0.9225288033485413 668
1585113295312 0.9234482645988464 669
1585113328727 0.9304214119911194 670
1585113362253 0.9312260150909424 671
1585113396002 0.9313409924507141 672
1585113429452 0.9306129813194275 673
1585113463074 0.9259769916534424 674
1585113496576 0.9314175844192505 675
1585113529952 0.9314175844192505 676
1585113563567 0.9190037846565247 677
1585113597176 0.932643711566925 678
1585113630465 0.9301149845123291 679
1585113664013 0.9253639578819275 680
1585113698993 0.9209195375442505 681
1585113732529 0.9248659610748291 682
1585113766017 0.9242528080940247 683
1585113799187 0.9234482645988464 684
1585113832567 0.9193102717399597 685
1585113865995 0.9232566952705383 686
1585113899532 0.9173945188522339 687
1585113933218 0.9256705045700073 688
1585113966606 0.9258621335029602 689
1585114001380 0.9298084378242493 690
1585114034829 0.9275861382484436 691
1585114068526 0.9256704449653625 692
1585114101778 0.9188122153282166 693
1585114135161 0.9143677949905396 694
1585114168587 0.9220306873321533 695
1585114201796 0.9212260842323303 696
1585114235554 0.9275861382484436 697
1585114268765 0.9165900349617004 698
1585114302149 0.9054788947105408 699
1585114335716 0.9236398339271545 700
1585114368953 0.9278926849365234 701
1585114402408 0.9167816638946533 702
1585114436249 0.9250575304031372 703
1585114469577 0.9277011156082153 704
1585114503742 0.9288122653961182 705
1585114537124 0.9118390679359436 706
1585114570881 0.9175862073898315 707
1585114604226 0.9295019507408142 708
1585114638779 0.9226436614990234 709
1585114672409 0.9252872467041016 710
1585114705846 0.9056704044342041 711
1585114740276 0.9217241406440735 712
1585114773600 0.9183140993118286 713
1585114806968 0.9283908009529114 714
1585114841388 0.9298084378242493 715
1585114875126 0.9254789352416992 716
1585114908644 0.9277011156082153 717
1585114942307 0.9320306777954102 718
1585114976153 0.9248659610748291 719
1585115009924 0.9298084378242493 720
1585115043405 0.9312260150909424 721
1585115077625 0.9196168184280396 722
1585115111764 0.9223371148109436 723
1585115145476 0.9334482550621033 724
1585115179889 0.9186973571777344 725
1585115213273 0.9245594143867493 726
1585115247197 0.9278926849365234 727
1585115281488 0.9248658418655396 728
1585115314790 0.9339463114738464 729
1585115348745 0.9245592951774597 730
1585115382939 0.9273945689201355 731
1585115416255 0.9194252490997314 732
1585115450444 0.9250575304031372 733
1585115484275 0.9151724576950073 734
1585115518452 0.9167815446853638 735
1585115552414 0.9173946380615234 736
1585115586142 0.9322221875190735 737
1585115619550 0.9229502081871033 738
1585115652807 0.9253639578819275 739
1585115686332 0.9162834882736206 740
1585115719846 0.9245594143867493 741
1585115753304 0.9291954040527344 742
1585115787288 0.9220306873321533 743
1585115821055 0.9118390679359436 744
1585115854566 0.9204214215278625 745
1585115887718 0.9198083877563477 746
1585115920965 0.9116474986076355 747
1585115954527 0.9290037155151367 748
1585115988028 0.9206129908561707 749
1585116021643 0.9251723885536194 750
1585116055093 0.9185056686401367 751
1585116088318 0.9317240118980408 752
1585116122280 0.9191954135894775 753
1585116155517 0.9215325117111206 754
1585116189183 0.9248659610748291 755
1585116223009 0.9234482645988464 756
1585116256490 0.9234482645988464 757
1585116291355 0.9204214215278625 758
1585116325754 0.9234482645988464 759
1585116359204 0.9303064346313477 760
1585116392823 0.9301149845123291 761
1585116426097 0.9278926849365234 762
1585116460122 0.9369731545448303 763
1585116494475 0.9237548112869263 764
1585116527675 0.9236398339271545 765
1585116561710 0.9348659515380859 766
1585116595403 0.9264751076698303 767
1585116628833 0.9278926849365234 768
1585116663271 0.9345592856407166 769
1585116697635 0.9229502081871033 770
1585116731542 0.9264751076698303 771
1585116765524 0.9210345149040222 772
1585116799336 0.9207279682159424 773
1585116832931 0.9258621335029602 774
1585116866346 0.915287435054779 775
1585116899967 0.9256704449653625 776
1585116933516 0.9253639578819275 777
1585116967119 0.9293102622032166 778
1585117001498 0.9304214119911194 779
1585117035398 0.9223371148109436 780
1585117069045 0.9269731640815735 781
1585117102270 0.9264749884605408 782
1585117136034 0.9110344648361206 783
1585117169377 0.9168965220451355 784
1585117202868 0.9162834882736206 785
1585117236684 0.9269731640815735 786
1585117269903 0.9237548112869263 787
1585117303329 0.9251723885536194 788
1585117337507 0.9223371148109436 789
1585117370979 0.9226436614990234 790
1585117404575 0.9258621335029602 791
1585117439240 0.9270880222320557 792
1585117474787 0.9253639578819275 793
1585117508122 0.9201149344444275 794
1585117541757 0.9183140993118286 795
1585117575908 0.9309195280075073 796
1585117609102 0.9250575304031372 797
1585117642294 0.9140613675117493 798
1585117676031 0.9264749884605408 799
1585117709555 0.9264751076698303 800
1585117742970 0.9194252490997314 801
1585117776520 0.9157854914665222 802
1585117810434 0.9259769916534424 803
1585117843760 0.9264751076698303 804
1585117877106 0.9173946380615234 805
1585117911482 0.9291954040527344 806
1585117944931 0.9237548112869263 807
1585117978248 0.9234482645988464 808
1585118012117 0.9312260150909424 809
1585118045763 0.9172796607017517 810
1585118080232 0.9237548112869263 811
1585118113897 0.9193102717399597 812
1585118148224 0.9220306873321533 813
1585118181427 0.9223371148109436 814
1585118214773 0.9231417179107666 815
1585118248365 0.9226436614990234 816
1585118281932 0.9207279682159424 817
1585118315678 0.9253639578819275 818
1585118349150 0.9132566452026367 819
1585118382578 0.9288888573646545 820
1585118415908 0.9245592951774597 821
1585118450151 0.9215325117111206 822
1585118483476 0.9234482645988464 823
1585118516997 0.9239463806152344 824
1585118551096 0.9185057878494263 825
1585118584472 0.9217241406440735 826
1585118619423 0.929118812084198 827
1585118653508 0.9220306873321533 828
1585118687116 0.9193102717399597 829
1585118720719 0.9245594143867493 830
1585118754176 0.9218390583992004 831
1585118788533 0.9281991124153137 832
1585118821974 0.9170880913734436 833
1585118855442 0.9183908104896545 834
1585118888962 0.9199233651161194 835
1585118922399 0.9177010655403137 836
1585118955699 0.9220305681228638 837
1585118989130 0.9286972880363464 838
1585119023495 0.9239462614059448 839
1585119057019 0.9167815446853638 840
1585119090309 0.9237548112869263 841
1585119123940 0.9146743416786194 842
1585119157666 0.9247509837150574 843
1585119191625 0.9225286841392517 844
1585119225237 0.9281991124153137 845
1585119258616 0.9314175844192505 846
1585119292054 0.9211111068725586 847
1585119325720 0.9236398339271545 848
1585119358996 0.9278926849365234 849
1585119392302 0.9225286841392517 850
1585119425978 0.9301149845123291 851
1585119459160 0.9260919690132141 852
1585119492760 0.9178926944732666 853
1585119526608 0.9304214119911194 854
1585119559855 0.9309195280075073 855
1585119593944 0.9210345149040222 856
1585119627669 0.9264751076698303 857
1585119661016 0.9089272022247314 858
1585119695704 0.9220306873321533 859
1585119729922 0.9334482550621033 860
1585119763247 0.9280842542648315 861
1585119797736 0.9210345149040222 862
1585119831162 0.9325287342071533 863
1585119864845 0.9196168184280396 864
1585119898183 0.9278926849365234 865
1585119931718 0.9218390583992004 866
1585119965750 0.9228352308273315 867
1585119999580 0.9275861382484436 868
1585120032973 0.9250574111938477 869
1585120066659 0.9207279682159424 870
1585120100621 0.9280842542648315 871
1585120134699 0.9290038347244263 872
1585120167982 0.9190037846565247 873
1585120201405 0.9204214215278625 874
1585120235024 0.9188122153282166 875
1585120268275 0.9185057878494263 876
1585120301676 0.9265899658203125 877
1585120335566 0.9167816638946533 878
1585120369731 0.931034505367279 879
1585120403236 0.9253639578819275 880
1585120437606 0.9328352808952332 881
1585120472345 0.9290038347244263 882
1585120506055 0.9226436614990234 883
1585120539775 0.9267815351486206 884
1585120573134 0.9309194684028625 885
1585120606961 0.9242528080940247 886
1585120641193 0.9242528080940247 887
1585120674947 0.9199233651161194 888
1585120709450 0.9243677854537964 889
1585120743935 0.9267815351486206 890
1585120777600 0.9272797107696533 891
1585120810882 0.9278926849365234 892
1585120844521 0.9165900349617004 893
1585120878051 0.9110344648361206 894
1585120911535 0.9142528176307678 895
1585120944786 0.9170882105827332 896
1585120978124 0.9242528080940247 897
1585121012747 0.9215325117111206 898
1585121046267 0.9181992411613464 899
1585121079420 0.9303065538406372 900
1585121112681 0.9275861382484436 901
1585121146270 0.9231417775154114 902
1585121180849 0.9298083186149597 903
1585121216663 0.9275862574577332 904
1585121249967 0.9215325117111206 905
1585121283410 0.9234482645988464 906
1585121316801 0.9240612387657166 907
1585121349958 0.9194252490997314 908
1585121383729 0.9293102622032166 909
1585121417638 0.9250575304031372 910
1585121450984 0.9226436614990234 911
1585121484226 0.9337548017501831 912
1585121518628 0.9240613579750061 913
1585121554564 0.9201148152351379 914
1585121588513 0.9309195280075073 915
1585121621865 0.9285057187080383 916
1585121655581 0.9275861382484436 917
1585121689502 0.9280842542648315 918
1585121722772 0.9312260150909424 919
1585121756094 0.9245592951774597 920
1585121789569 0.9226436614990234 921
1585121823386 0.9231417179107666 922
1585121856675 0.9280842542648315 923
1585121891007 0.9258621335029602 924
1585121924907 0.9293102622032166 925
1585121958925 0.9256705045700073 926
1585121992978 0.9226436614990234 927
1585122026628 0.9234481453895569 928
1585122060465 0.9253639578819275 929
1585122094398 0.9317241311073303 930
1585122128164 0.9162834882736206 931
1585122162047 0.9267815351486206 932
1585122196309 0.9267815351486206 933
1585122229711 0.9240613579750061 934
1585122264115 0.9215325117111206 935
1585122297515 0.9304214119911194 936
1585122331080 0.9264751076698303 937
1585122364462 0.9275861382484436 938
1585122398680 0.9190037846565247 939
1585122431960 0.9315325617790222 940
1585122465996 0.9275861382484436 941
1585122499668 0.9315325617790222 942
1585122532909 0.9181991219520569 943
1585122566745 0.9281991124153137 944
1585122601035 0.9320306777954102 945
1585122634306 0.9199233651161194 946
1585122668014 0.9202297925949097 947
1585122701388 0.9239463806152344 948
1585122735130 0.9226436614990234 949
1585122768594 0.9129502177238464 950
1585122801831 0.9312260150909424 951
1585122836946 0.9301149845123291 952
1585122871067 0.9251723885536194 953
1585122905878 0.9201149344444275 954
1585122939272 0.9223371148109436 955
1585122974511 0.9209195375442505 956
1585123008046 0.9201149344444275 957
1585123041825 0.9212259650230408 958
1585123075145 0.9223371148109436 959
1585123108839 0.9209195375442505 960
1585123143743 0.9156705141067505 961
1585123177523 0.9209195375442505 962
1585123211164 0.9303065538406372 963
1585123247168 0.9328352808952332 964
1585123280590 0.9172030687332153 965
1585123314099 0.9190037846565247 966
1585123347602 0.9293102622032166 967
1585123381379 0.9278926849365234 968
1585123414855 0.9185057878494263 969
1585123448708 0.9185057878494263 970
1585123482088 0.9283908009529114 971
1585123515763 0.9309194684028625 972
1585123549204 0.9202299118041992 973
1585123582586 0.9293102622032166 974
1585123616838 0.9307279586791992 975
1585123650536 0.9251723885536194 976
1585123684004 0.9309195280075073 977
1585123717892 0.9262834191322327 978
1585123752170 0.9334481358528137 979
1585123785779 0.9218390583992004 980
1585123819260 0.9278926849365234 981
1585123853385 0.9272797107696533 982
1585123886785 0.9226436614990234 983
1585123920122 0.927394688129425 984
1585123953446 0.9298084378242493 985
1585123986988 0.9162834882736206 986
1585124020253 0.9223371148109436 987
1585124054397 0.9178926944732666 988
1585124087586 0.9193102717399597 989
1585124121170 0.9151723980903625 990
1585124155436 0.9295018315315247 991
1585124188741 0.9315325617790222 992
1585124223154 0.9272797107696533 993
1585124257924 0.9223371148109436 994
1585124291485 0.9221455454826355 995
1585124325200 0.9223371148109436 996
1585124358960 0.9242528080940247 997
1585124392700 0.9248658418655396 998
1585124425901 0.9160919189453125 999
1585124459305 0.9288122653961182 1000
