1585090992160 0.03446386754512787 0
1585091025127 0.00872707087546587 1
1585091058364 0.006109172012656927 2
1585091091495 0.009392562322318554 3
1585091124835 0.013821033760905266 4
1585091158715 0.018103163689374924 5
1585091192180 0.015930524095892906 6
1585091225649 0.007306827697902918 7
1585091258976 0.004953581374138594 8
1585091292289 0.0018094953848049045 9
1585091325564 0.0023316810838878155 10
1585091358694 0.003064873395487666 11
1585091392131 0.0052277385257184505 12
1585091425288 0.007812274154275656 13
1585091458429 0.010297452099621296 14
1585091491425 0.011695245280861855 15
1585091524348 0.012949653901159763 16
1585091557118 0.013875805772840977 17
1585091589949 0.013529224321246147 18
1585091623170 0.013809174299240112 19
1585091656055 0.013000774197280407 20
1585091688996 0.011601967737078667 21
1585091721518 0.010426986031234264 22
1585091754438 0.009490149095654488 23
1585091787770 0.009379999712109566 24
1585091820753 0.008078070357441902 25
1585091854360 0.008551022969186306 26
1585091887504 0.007102102041244507 27
1585091920542 0.0069264802150428295 28
1585091953608 0.007523783482611179 29
1585091986682 0.008011101745069027 30
1585092019736 0.0073691862635314465 31
1585092052809 0.007983947172760963 32
1585092085863 0.008677252568304539 33
1585092118961 0.00844729132950306 34
1585092152252 0.008928847499191761 35
1585092185585 0.009093505330383778 36
1585092218748 0.009765650145709515 37
1585092251782 0.009889734908938408 38
1585092284838 0.009583169594407082 39
1585092318080 0.008667975664138794 40
1585092351214 0.009186615236103535 41
1585092384410 0.008691108785569668 42
1585092417564 0.008584202267229557 43
1585092450726 0.008565892465412617 44
1585092483997 0.007885967381298542 45
1585092519948 0.007763449568301439 46
1585092553335 0.007197942119091749 47
1585092586545 0.007639019750058651 48
1585092620080 0.007214932236820459 49
1585092653247 0.007113994099199772 50
1585092686402 0.007560888770967722 51
1585092719618 0.006522777024656534 52
1585092753049 0.007721784058958292 53
1585092786070 0.006622991058975458 54
1585092819679 0.005997329950332642 55
1585092852930 0.006468732375651598 56
1585092886216 0.006845509167760611 57
1585092919435 0.006980483885854483 58
1585092952644 0.006298707332462072 59
1585092985843 0.0077872127294540405 60
1585093019053 0.007293241564184427 61
1585093052083 0.00638680811971426 62
1585093085191 0.006400935351848602 63
1585093118530 0.006564890034496784 64
1585093152249 0.006144935265183449 65
1585093185217 0.006507599726319313 66
1585093218321 0.006380527745932341 67
1585093251952 0.0060562449507415295 68
1585093285198 0.006234399043023586 69
1585093318714 0.005779231432825327 70
1585093352153 0.006748563144356012 71
1585093385530 0.0054476018995046616 72
1585093419644 0.006077335216104984 73
1585093452807 0.006469224579632282 74
1585093485913 0.006057916674762964 75
1585093518905 0.00640485156327486 76
1585093552136 0.006159146782010794 77
1585093585184 0.005708979908376932 78
1585093618423 0.006376019213348627 79
1585093651423 0.00687275268137455 80
1585093684495 0.006176142953336239 81
1585093717581 0.004752997308969498 82
1585093750622 0.006825790274888277 83
1585093784330 0.006323898211121559 84
1585093817779 0.006387100089341402 85
1585093851348 0.006622685585170984 86
1585093884607 0.0061365761794149876 87
1585093918181 0.0072903078980743885 88
1585093951393 0.006207938771694899 89
1585093984917 0.0065185376442968845 90
1585094018088 0.006798023357987404 91
1585094051255 0.00661506550386548 92
1585094084403 0.006642597261816263 93
1585094117574 0.006912834011018276 94
1585094150885 0.00727895088493824 95
1585094184061 0.007063187658786774 96
1585094217395 0.008457435294985771 97
1585094250599 0.006633954122662544 98
1585094284066 0.00691843731328845 99
1585094318511 0.00721076549962163 100
1585094352320 0.006895536556839943 101
1585094385282 0.00763314962387085 102
1585094418610 0.006716987118124962 103
1585094451886 0.00683361804112792 104
1585094484895 0.007158571854233742 105
1585094518886 0.0064658368937671185 106
1585094551851 0.005979383829981089 107
1585094585348 0.007279766257852316 108
1585094618388 0.006975790951400995 109
1585094651984 0.006552644539624453 110
1585094685344 0.008014839142560959 111
1585094718480 0.0073515125550329685 112
1585094751730 0.006599550135433674 113
1585094784595 0.007582091726362705 114
1585094817914 0.007111618295311928 115
1585094851359 0.007021707016974688 116
1585094884646 0.006676629651337862 117
1585094918000 0.006379841361194849 118
1585094951272 0.006714446935802698 119
1585094984716 0.00721022067591548 120
1585095018101 0.00779590243473649 121
1585095051614 0.006849652621895075 122
1585095085093 0.007459580898284912 123
1585095118046 0.007745184004306793 124
1585095151055 0.006821210030466318 125
1585095184246 0.007501157466322184 126
1585095217688 0.006611919496208429 127
1585095250785 0.006844468414783478 128
1585095283699 0.00785412359982729 129
1585095317162 0.00633981404826045 130
1585095350497 0.0064954739063978195 131
1585095383518 0.007621682249009609 132
1585095416856 0.0064316801726818085 133
1585095449866 0.006327747367322445 134
1585095482905 0.007288982626050711 135
1585095515887 0.007015522103756666 136
1585095548970 0.006614624988287687 137
1585095581744 0.0066139791160821915 138
1585095615128 0.0073585412465035915 139
1585095648409 0.007841933518648148 140
1585095682294 0.007640439551323652 141
1585095715449 0.008259967900812626 142
1585095748461 0.0070626456290483475 143
1585095782036 0.00693411473184824 144
1585095814978 0.007301530335098505 145
1585095847936 0.007960883900523186 146
1585095881213 0.007753133773803711 147
1585095915696 0.007661381736397743 148
1585095948827 0.00700198020786047 149
1585095981861 0.007295174989849329 150
1585096015077 0.008264036849141121 151
1585096048593 0.007684366777539253 152
1585096081951 0.00753168435767293 153
1585096115218 0.007772733923047781 154
1585096148505 0.007609723601490259 155
1585096182070 0.007333910558372736 156
1585096214925 0.00733815785497427 157
1585096248145 0.007989930920302868 158
1585096281336 0.007264335174113512 159
1585096314447 0.00823755469173193 160
1585096348858 0.008346770890057087 161
1585096381938 0.0076395017094910145 162
1585096415540 0.007670403458178043 163
1585096448670 0.007720951456576586 164
1585096481650 0.008172950707376003 165
1585096514718 0.007619529031217098 166
1585096547817 0.007108209189027548 167
1585096581078 0.007292970083653927 168
1585096614384 0.007724787574261427 169
1585096647676 0.007819178514182568 170
1585096681161 0.007810384035110474 171
1585096714445 0.007539698854088783 172
1585096747513 0.008406040258705616 173
1585096781247 0.007292559836059809 174
1585096814780 0.00843117292970419 175
1585096847958 0.008126256056129932 176
1585096881342 0.007435316685587168 177
1585096914480 0.008495006710290909 178
1585096947864 0.007030936423689127 179
1585096980890 0.00795223843306303 180
1585097014260 0.00715062627568841 181
1585097047836 0.008077510632574558 182
1585097081120 0.006865599658340216 183
1585097114802 0.007520830724388361 184
1585097147672 0.007063745521008968 185
1585097180929 0.007835024036467075 186
1585097214264 0.008112814277410507 187
1585097247855 0.007588735315948725 188
1585097280861 0.00791331846266985 189
1585097313955 0.006970010697841644 190
1585097348226 0.007392429746687412 191
1585097382484 0.007567261811345816 192
1585097415528 0.007523289881646633 193
1585097448980 0.00817068386822939 194
1585097482070 0.008121106773614883 195
1585097515371 0.007340507581830025 196
1585097548577 0.006938340608030558 197
1585097581895 0.007548520807176828 198
1585097615039 0.007756369188427925 199
1585097647959 0.0073695373721420765 200
1585097681262 0.008128013461828232 201
1585097714293 0.00732784578576684 202
1585097747242 0.007594790775328875 203
1585097780277 0.008715657517313957 204
1585097814193 0.007315624039620161 205
1585097849263 0.007800617255270481 206
1585097882650 0.007606173399835825 207
1585097915748 0.007524392567574978 208
1585097949019 0.007757002953439951 209
1585097982256 0.007825975306332111 210
1585098015921 0.007925949990749359 211
1585098049028 0.00674691516906023 212
1585098082141 0.007775546982884407 213
1585098115341 0.006732305511832237 214
1585098148489 0.008096249774098396 215
1585098181607 0.007729590870440006 216
1585098214975 0.007433487568050623 217
1585098248465 0.007079519331455231 218
1585098281942 0.008402425795793533 219
1585098315646 0.0062815654091537 220
1585098348833 0.0076761445961892605 221
1585098381916 0.007980618625879288 222
1585098415031 0.0070314789190888405 223
1585098448810 0.007451650220900774 224
1585098481747 0.007304767612367868 225
1585098514862 0.00826789066195488 226
1585098547995 0.007162182591855526 227
1585098581162 0.007015363313257694 228
1585098614663 0.0070763216353952885 229
1585098647703 0.006639959290623665 230
1585098680901 0.007743731141090393 231
1585098714079 0.006460792850703001 232
1585098747389 0.006889092270284891 233
1585098780536 0.006763941142708063 234
1585098814259 0.007392621599137783 235
1585098847341 0.006919321604073048 236
1585098880529 0.007303724531084299 237
1585098914487 0.007103438954800367 238
1585098948227 0.008435930125415325 239
1585098981264 0.006812714505940676 240
1585099014420 0.007658681832253933 241
1585099047624 0.006799628026783466 242
1585099080857 0.007773467339575291 243
1585099113824 0.007043254096060991 244
1585099146903 0.00762840686365962 245
1585099180017 0.0074112252332270145 246
1585099212986 0.00729060685262084 247
1585099246165 0.008236543275415897 248
1585099279348 0.006514416076242924 249
1585099312199 0.008188499137759209 250
1585099345209 0.007452815771102905 251
1585099378338 0.00709557393565774 252
1585099411534 0.006837781984359026 253
1585099444779 0.007177356164902449 254
1585099478042 0.007338214199990034 255
1585099511083 0.007142407353967428 256
1585099545092 0.0077098519541323185 257
1585099577999 0.0061338054947555065 258
1585099611206 0.007894090376794338 259
1585099644574 0.00640786113217473 260
1585099677776 0.007008690852671862 261
1585099710973 0.006399900186806917 262
1585099744407 0.007666646037250757 263
1585099777454 0.0077202278189361095 264
1585099810480 0.0070410314947366714 265
1585099845520 0.007027730345726013 266
1585099878587 0.00704580545425415 267
1585099912864 0.007717940490692854 268
1585099945902 0.007516554556787014 269
1585099979029 0.007564265746623278 270
1585100012618 0.007828330621123314 271
1585100046720 0.006553831975907087 272
1585100080926 0.007620129268616438 273
1585100113958 0.007747093215584755 274
1585100147163 0.007599677424877882 275
1585100180439 0.006546507123857737 276
1585100213532 0.0076313316822052 277
1585100246836 0.006367058958858252 278
1585100280141 0.007417496759444475 279
1585100313474 0.006998627446591854 280
1585100347224 0.0072982884012162685 281
1585100380819 0.007012532092630863 282
1585100414501 0.006475398782640696 283
1585100447706 0.006869798991829157 284
1585100480981 0.006899998523294926 285
1585100514385 0.006661603692919016 286
1585100548170 0.007585169747471809 287
1585100582948 0.006904769688844681 288
1585100616180 0.007398961577564478 289
1585100649461 0.00708808982744813 290
1585100682635 0.006008506752550602 291
1585100715935 0.006751974578946829 292
1585100749321 0.006666959263384342 293
1585100782518 0.007039309479296207 294
1585100816170 0.007348932325839996 295
1585100849237 0.007400305010378361 296
1585100883001 0.007562877610325813 297
1585100916234 0.006224148906767368 298
1585100949740 0.007535430137068033 299
1585100983333 0.007621270138770342 300
1585101016534 0.007296914234757423 301
1585101049692 0.00642834696918726 302
1585101083804 0.0067084855400025845 303
1585101117081 0.006632103584706783 304
1585101150511 0.007877228781580925 305
1585101183836 0.007482493296265602 306
1585101217061 0.006665315944701433 307
1585101250100 0.006689290050417185 308
1585101283300 0.006215574685484171 309
1585101316487 0.005908438935875893 310
1585101349763 0.006358830723911524 311
1585101382951 0.006789783947169781 312
1585101416192 0.006709205452352762 313
1585101449634 0.007807018235325813 314
1585101482674 0.00695941923186183 315
1585101515936 0.0075476872734725475 316
1585101549167 0.006842711474746466 317
1585101582291 0.005837153643369675 318
1585101615344 0.005073537118732929 319
1585101648532 0.007393256761133671 320
1585101682029 0.007012973073869944 321
1585101714904 0.00714729493483901 322
1585101748047 0.006644644308835268 323
1585101781506 0.007013990543782711 324
1585101814862 0.006302818190306425 325
1585101847981 0.006504472810775042 326
1585101881132 0.006500069051980972 327
1585101915132 0.006948880851268768 328
1585101948972 0.0062424601055681705 329
1585101981963 0.007015421986579895 330
1585102014929 0.00664110342040658 331
1585102048700 0.006268712226301432 332
1585102081711 0.006403621286153793 333
1585102114684 0.006979646161198616 334
1585102148066 0.007001031655818224 335
1585102181043 0.004908740520477295 336
1585102214128 0.006189408246427774 337
1585102247140 0.0061916159465909 338
1585102280139 0.006220173556357622 339
1585102313160 0.006582638714462519 340
1585102346343 0.005704405251890421 341
1585102379506 0.006972997449338436 342
1585102412683 0.0069679743610322475 343
1585102446112 0.0063818758353590965 344
1585102479338 0.006880854722112417 345
1585102512890 0.00596312340348959 346
1585102546214 0.006802283693104982 347
1585102579222 0.006454125512391329 348
1585102612875 0.006125445012003183 349
1585102646232 0.006553189363330603 350
1585102679533 0.007035464979708195 351
1585102713095 0.0068895542062819 352
1585102746244 0.006464107893407345 353
1585102779334 0.007301829755306244 354
1585102812706 0.0055282264947891235 355
1585102847068 0.006136611104011536 356
1585102880566 0.0066874283365905285 357
1585102913546 0.0075164735317230225 358
1585102947020 0.006810528226196766 359
1585102980333 0.007526479661464691 360
1585103014330 0.006983517203480005 361
1585103048457 0.007816658355295658 362
1585103081441 0.007007556036114693 363
1585103114831 0.007097966969013214 364
1585103147955 0.006382049061357975 365
1585103181296 0.005379480309784412 366
1585103214520 0.006775090470910072 367
1585103247626 0.00678546167910099 368
1585103280764 0.0066866399720311165 369
1585103314480 0.00645210687071085 370
1585103347847 0.007378123700618744 371
1585103380981 0.006125648971647024 372
1585103414022 0.007154655177146196 373
1585103447553 0.00626062136143446 374
1585103481329 0.006935207173228264 375
1585103514512 0.007329069077968597 376
1585103548034 0.005635182373225689 377
1585103581395 0.005850017536431551 378
1585103614542 0.007196544203907251 379
1585103647724 0.006646838039159775 380
1585103680940 0.006811968516558409 381
1585103714416 0.006901497486978769 382
1585103747458 0.0065534706227481365 383
1585103780416 0.007532571908086538 384
1585103814671 0.006063605193048716 385
1585103847926 0.00706447334960103 386
1585103881111 0.006799895782023668 387
1585103914552 0.006689743138849735 388
1585103947875 0.006622935179620981 389
1585103981449 0.005453734192997217 390
1585104014487 0.005723615176975727 391
1585104047510 0.006713900249451399 392
1585104080846 0.006132066249847412 393
1585104114262 0.006276287604123354 394
1585104151790 0.00689174747094512 395
1585104185429 0.005974933505058289 396
1585104218872 0.006110307294875383 397
1585104252121 0.006094429176300764 398
1585104285166 0.006390504073351622 399
1585104318502 0.006451171822845936 400
1585104351519 0.006013953126966953 401
1585104384682 0.006250881124287844 402
1585104417904 0.006471032276749611 403
1585104450797 0.00653033098205924 404
1585104483747 0.006636592093855143 405
1585104517341 0.005991083104163408 406
1585104550975 0.005501005798578262 407
1585104583891 0.004877676721662283 408
1585104617064 0.0059059695340693 409
1585104650370 0.007157443556934595 410
1585104683681 0.006233650725334883 411
1585104716777 0.006508416961878538 412
1585104749942 0.005517436191439629 413
1585104782942 0.006293594371527433 414
1585104815963 0.0053113531321287155 415
1585104849368 0.006481405813246965 416
1585104882406 0.005351159255951643 417
1585104915659 0.006450888700783253 418
1585104948583 0.004291777033358812 419
1585104981566 0.005797280464321375 420
1585105014762 0.0063464646227657795 421
1585105048055 0.0058906772173941135 422
1585105081353 0.0056246193125844 423
1585105114780 0.005987129639834166 424
1585105147955 0.004970713052898645 425
1585105181365 0.004803507588803768 426
1585105214491 0.004749676678329706 427
1585105247567 0.005661486182361841 428
1585105281015 0.005435264203697443 429
1585105316037 0.00517401983961463 430
1585105349212 0.005084008909761906 431
1585105382440 0.00541639095172286 432
1585105416563 0.005849153734743595 433
1585105451324 0.005398534703999758 434
1585105485135 0.004121772479265928 435
1585105518556 0.003943923395127058 436
1585105551941 0.0042365738190710545 437
1585105585373 0.0038203292060643435 438
1585105618615 0.0030110646039247513 439
1585105651801 0.0036433273926377296 440
1585105684882 0.002987129846587777 441
1585105718140 0.0026413113810122013 442
1585105751353 0.0036846951115876436 443
1585105784483 0.003778217127546668 444
1585105818722 0.002771432278677821 445
1585105853100 0.004027165472507477 446
1585105886271 0.0027832796331495047 447
1585105919468 0.0031571651343256235 448
1585105952617 0.0035531718749552965 449
1585105985863 0.003958819899708033 450
1585106018836 0.0013431009138002992 451
1585106052232 0.0023480558302253485 452
1585106085827 0.0019954408053308725 453
1585106118971 0.002946566790342331 454
1585106152073 0.0018796069780364633 455
1585106185545 0.0036673687864094973 456
1585106218619 0.0025000493042171 457
1585106251629 0.0029893808532506227 458
1585106284942 0.0027242761570960283 459
1585106317892 0.002220168709754944 460
1585106350920 0.0021605875808745623 461
1585106384100 0.001649451325647533 462
1585106417791 0.003309516469016671 463
1585106450973 0.002606139285489917 464
1585106484153 0.0037301559932529926 465
1585106517013 0.0064284005202353 466
1585106550124 0.003140950808301568 467
1585106583383 0.0024481769651174545 468
1585106616870 0.00514433067291975 469
1585106649699 0.0029196287505328655 470
1585106682828 0.004168568179011345 471
1585106715766 0.002295491751283407 472
1585106748663 0.006708044558763504 473
1585106781734 0.002090208698064089 474
1585106814980 0.004380948841571808 475
1585106847794 0.003293857676908374 476
1585106881151 0.002470114268362522 477
1585106914896 0.0026719714514911175 478
1585106948176 0.004939703270792961 479
1585106981336 0.0017333091236650944 480
1585107016478 0.002613313030451536 481
1585107049623 0.0044479710049927235 482
1585107082574 0.0023312801495194435 483
1585107116052 0.011422103270888329 484
1585107149889 0.004474965389817953 485
1585107183243 0.004154575522989035 486
1585107216409 0.0027581071481108665 487
1585107249562 0.0032069117296487093 488
1585107282826 0.0023463668767362833 489
1585107316237 0.003136006183922291 490
1585107349974 0.004293493926525116 491
1585107383171 0.002791445469483733 492
1585107416479 0.0033259589690715075 493
1585107449597 0.0030457035172730684 494
1585107482693 0.003505408065393567 495
1585107515924 0.0030075181275606155 496
1585107548996 0.002862821565940976 497
1585107582212 0.004130086395889521 498
1585107615219 0.002681068377569318 499
1585107648324 0.002848205855116248 500
1585107682044 0.003058004193007946 501
1585107715117 0.008884565904736519 502
1585107748541 0.004922180436551571 503
1585107781628 0.0027882077265530825 504
1585107816179 0.0028048253152519464 505
1585107849319 0.0027946755290031433 506
1585107882759 0.003588992403820157 507
1585107916760 0.004152312409132719 508
1585107949763 0.002789942314848304 509
1585107982990 0.00222354126162827 510
1585108015932 0.0018194416770711541 511
1585108049331 0.002070711925625801 512
1585108084193 0.003966338932514191 513
1585108117562 0.0016805098857730627 514
1585108150932 0.002677923534065485 515
1585108184311 0.0049793957732617855 516
1585108217616 0.0035141343250870705 517
1585108250624 0.002194329397752881 518
1585108284100 0.0017281812615692616 519
1585108317485 0.004487129393965006 520
1585108350516 0.0014804049860686064 521
1585108383595 0.00863422080874443 522
1585108416675 0.0015674508176743984 523
1585108449945 0.003603624412789941 524
1585108483259 0.0022723928559571505 525
1585108516080 0.002000069245696068 526
1585108549091 0.0020297931041568518 527
1585108582255 0.0025315016973763704 528
1585108615235 0.0019745344761759043 529
1585108648290 0.0031279565300792456 530
1585108681643 0.0028775916434824467 531
1585108714882 0.004609751049429178 532
1585108748509 0.0011565834283828735 533
1585108781703 0.0029113099444657564 534
1585108815008 0.001386911259032786 535
1585108848291 0.0024651088751852512 536
1585108881392 0.005023278761655092 537
1585108915374 0.0019760294817388058 538
1585108948513 0.00272708130069077 539
1585108982016 0.0021044863387942314 540
1585109015494 0.005383465904742479 541
1585109048805 0.0032600616104900837 542
1585109082242 0.002024287823587656 543
1585109115528 0.005171228665858507 544
1585109148734 0.0031574938911944628 545
1585109181867 0.0025315682869404554 546
1585109215311 0.002127795945852995 547
1585109248459 0.002935967640951276 548
1585109281881 0.004063148982822895 549
1585109316492 0.002714901464059949 550
1585109349647 0.0030382180120795965 551
1585109383036 0.0037148045375943184 552
1585109416177 0.0018428885377943516 553
1585109449342 0.0030827492009848356 554
1585109482670 0.00527720944955945 555
1585109515567 0.004826539196074009 556
1585109548399 0.0017674737609922886 557
1585109581776 0.002094457158818841 558
1585109615023 0.003281837096437812 559
1585109648913 0.0035525644198060036 560
1585109682025 0.00310645904392004 561
1585109715173 0.0018032719381153584 562
1585109748258 0.00183421082329005 563
1585109781925 0.0037989530246704817 564
1585109815045 0.001830868422985077 565
1585109848560 0.0020704108756035566 566
1585109881675 0.003584204940125346 567
1585109914854 0.005351704079657793 568
1585109948386 0.0028229483868926764 569
1585109981566 0.005072371568530798 570
1585110014602 0.004109795670956373 571
1585110048566 0.004982398822903633 572
1585110081575 0.002255854429677129 573
1585110115009 0.002476772991940379 574
1585110148170 0.003866948653012514 575
1585110181137 0.0025911193806678057 576
1585110214316 0.0016975703183561563 577
1585110247356 0.0021663415245711803 578
1585110280392 0.0025731015484780073 579
1585110313578 0.0037222031969577074 580
1585110346644 0.0015346857253462076 581
1585110379598 0.006572631653398275 582
1585110412529 0.0037434857804328203 583
1585110445661 0.003601575968787074 584
1585110478664 0.0035726656205952168 585
1585110511820 0.005083916708827019 586
1585110544844 0.002177594928070903 587
1585110578351 0.0034318624529987574 588
1585110611778 0.0017289106035605073 589
1585110644825 0.0022454315330833197 590
1585110678160 0.001756915240548551 591
1585110711284 0.004348068032413721 592
1585110744512 0.0020913376938551664 593
1585110777667 0.003454639343544841 594
1585110810812 0.0032691562082618475 595
1585110844666 0.004373776726424694 596
1585110877793 0.0023669973015785217 597
1585110911124 0.004064949695020914 598
1585110944499 0.002306777983903885 599
1585110977551 0.004631191957741976 600
1585111010367 0.002932011615484953 601
1585111043889 0.0018968951189890504 602
1585111076864 0.003127762582153082 603
1585111111125 0.005420539062470198 604
1585111144750 0.0020335291046649218 605
1585111177740 0.00518635381013155 606
1585111210806 0.0029231752268970013 607
1585111244040 0.0015118225710466504 608
1585111277132 0.003533018520101905 609
1585111310425 0.0029790077824145555 610
1585111344951 0.0033143218606710434 611
1585111378265 0.0019528886768966913 612
1585111411261 0.005328986328095198 613
1585111444285 0.0027385528665035963 614
1585111477273 0.0023342680651694536 615
1585111512167 0.003323660232126713 616
1585111545334 0.002384160878136754 617
1585111578652 0.002797499531880021 618
1585111612256 0.004319245461374521 619
1585111645581 0.002327990485355258 620
1585111678971 0.0018989129457622766 621
1585111712143 0.0022433516569435596 622
1585111745882 0.004451504442840815 623
1585111779273 0.0015807496383786201 624
1585111812690 0.0031591197475790977 625
1585111846228 0.0017997348913922906 626
1585111879566 0.0016897355671972036 627
1585111913571 0.005087054334580898 628
1585111947198 0.001518459990620613 629
1585111981043 0.0015409454936161637 630
1585112015474 0.0026697474531829357 631
1585112048852 0.004488617181777954 632
1585112082936 0.003522914368659258 633
1585112117262 0.0013909016270190477 634
1585112150661 0.0023020212538540363 635
1585112183910 0.0037750129122287035 636
1585112217273 0.0025322807487100363 637
1585112250606 0.002341978484764695 638
1585112285294 0.0028643023688346148 639
1585112319283 0.0019056068267673254 640
1585112352772 0.0028442468028515577 641
1585112386157 0.0021576550789177418 642
1585112419771 0.0021412454079836607 643
1585112453686 0.0014170171925798059 644
1585112487889 0.0017499193781986833 645
1585112521548 0.002298313658684492 646
1585112556187 0.0027606964576989412 647
1585112589703 0.0016379182925447822 648
1585112623747 0.002234912943094969 649
1585112657246 0.002801981521770358 650
1585112690527 0.00475133815780282 651
1585112723815 0.00259772757999599 652
1585112757714 0.0028378849383443594 653
1585112791051 0.0019011077238246799 654
1585112824596 0.00424779811874032 655
1585112858142 0.002687971806153655 656
1585112892147 0.0028480507899075747 657
1585112926025 0.0026364480145275593 658
1585112959666 0.0017330074915662408 659
1585112993284 0.004046174231916666 660
1585113026700 0.005635764915496111 661
1585113059981 0.0015245289541780949 662
1585113093473 0.0018324857810512185 663
1585113127301 0.003513104049488902 664
1585113160691 0.002222459064796567 665
1585113194671 0.0022271873895078897 666
1585113228792 0.00218760222196579 667
1585113262056 0.002544058719649911 668
1585113295312 0.005161888897418976 669
1585113328727 0.002851672936230898 670
1585113362253 0.0019651209004223347 671
1585113396002 0.003418297041207552 672
1585113429452 0.00222411984577775 673
1585113463074 0.0026872314047068357 674
1585113496576 0.003865073202177882 675
1585113529952 0.0037289985921233892 676
1585113563567 0.0029777646996080875 677
1585113597176 0.002650266047567129 678
1585113630465 0.0015471018850803375 679
1585113664013 0.003295459318906069 680
1585113698993 0.0033449549227952957 681
1585113732529 0.003405574709177017 682
1585113766017 0.002859060885384679 683
1585113799187 0.0037302481941878796 684
1585113832567 0.0026147603057324886 685
1585113865995 0.001857807277701795 686
1585113899532 0.0025835148990154266 687
1585113933218 0.0017186743207275867 688
1585113966606 0.001825979445129633 689
1585114001380 0.0035338096786290407 690
1585114034829 0.0014140709536150098 691
1585114068526 0.0010382996406406164 692
1585114101778 0.002688886597752571 693
1585114135161 0.0025262287817895412 694
1585114168587 0.0029083022382110357 695
1585114201796 0.001049626967869699 696
1585114235554 0.0027767333667725325 697
1585114268765 0.0029861479997634888 698
1585114302149 0.0025129560381174088 699
1585114335716 0.0030412061605602503 700
1585114368953 0.0016617055516690016 701
1585114402408 0.002223500981926918 702
1585114436249 0.002193436725065112 703
1585114469577 0.002674708142876625 704
1585114503742 0.0019315768731757998 705
1585114537124 0.00360490963794291 706
1585114570881 0.004550606943666935 707
1585114604226 0.0015448835911229253 708
1585114638779 0.0031635498162359 709
1585114672409 0.006518750451505184 710
1585114705846 0.008402255363762379 711
1585114740276 0.0036295237950980663 712
1585114773600 0.0024955617263913155 713
1585114806968 0.0023535648360848427 714
1585114841388 0.002114915521815419 715
1585114875126 0.0029623734299093485 716
1585114908644 0.0013111337320879102 717
1585114942307 0.001514493371360004 718
1585114976153 0.0019761540461331606 719
1585115009924 0.0022923641372472048 720
1585115043405 0.002323772758245468 721
1585115077625 0.003034658031538129 722
1585115111764 0.002091808943077922 723
1585115145476 0.002565232804045081 724
1585115179889 0.00287603004835546 725
1585115213273 0.0019590987358242273 726
1585115247197 0.0035133622586727142 727
1585115281488 0.002340159611776471 728
1585115314790 0.0017892640316858888 729
1585115348745 0.002437139395624399 730
1585115382939 0.0033613184932619333 731
1585115416255 0.004001382272690535 732
1585115450444 0.00242643803358078 733
1585115484275 0.0020166051108390093 734
1585115518452 0.0012111406540498137 735
1585115552414 0.00200649444013834 736
1585115586142 0.003222252242267132 737
1585115619550 0.0016902164788916707 738
1585115652807 0.002575973980128765 739
1585115686332 0.0020633547101169825 740
1585115719846 0.002121829893440008 741
1585115753304 0.003710451303049922 742
1585115787288 0.002013624645769596 743
1585115821055 0.003803001018241048 744
1585115854566 0.0037820993456989527 745
1585115887718 0.003643385600298643 746
1585115920965 0.0022207603324204683 747
1585115954527 0.002548602409660816 748
1585115988028 0.0022321518044918776 749
1585116021643 0.0028683487325906754 750
1585116055093 0.0029274120461195707 751
1585116088318 0.004145546350628138 752
1585116122280 0.006153400056064129 753
1585116155517 0.001838485593907535 754
1585116189183 0.0023367281537503004 755
1585116223009 0.0021040106657892466 756
1585116256490 0.001589760766364634 757
1585116291355 0.001726076821796596 758
1585116325754 0.0034709377214312553 759
1585116359204 0.003651258535683155 760
1585116392823 0.0022015150170773268 761
1585116426097 0.001733827986754477 762
1585116460122 0.004559183493256569 763
1585116494475 0.0030041863210499287 764
1585116527675 0.005663248244673014 765
1585116561710 0.0032871621660888195 766
1585116595403 0.0019789591897279024 767
1585116628833 0.00347481993958354 768
1585116663271 0.0026323453057557344 769
1585116697635 0.0016751672374084592 770
1585116731542 0.002208826132118702 771
1585116765524 0.0024872284848243 772
1585116799336 0.0030463107395917177 773
1585116832931 0.004570503253489733 774
1585116866346 0.0038330082315951586 775
1585116899967 0.0038981677498668432 776
1585116933516 0.0023698057048022747 777
1585116967119 0.0018999470630660653 778
1585117001498 0.0017397651681676507 779
1585117035398 0.0025739152915775776 780
1585117069045 0.0011256675934419036 781
1585117102270 0.001919335569255054 782
1585117136034 0.0019738611299544573 783
1585117169377 0.0030728445854038 784
1585117202868 0.0014078908134251833 785
1585117236684 0.0035186687018722296 786
1585117269903 0.0022791684605181217 787
1585117303329 0.002810827689245343 788
1585117337507 0.003966357093304396 789
1585117370979 0.002716490998864174 790
1585117404575 0.002308824099600315 791
1585117439240 0.0023551920894533396 792
1585117474787 0.0013599487720057368 793
1585117508122 0.0016689979238435626 794
1585117541757 0.0018791878828778863 795
1585117575908 0.0022755563259124756 796
1585117609102 0.002816742053255439 797
1585117642294 0.002542698523029685 798
1585117676031 0.003865473438054323 799
1585117709555 0.0017281363252550364 800
1585117742970 0.002191249281167984 801
1585117776520 0.002394170965999365 802
1585117810434 0.00310596008785069 803
1585117843760 0.003815318224951625 804
1585117877106 0.0012358911335468292 805
1585117911482 0.003458444494754076 806
1585117944931 0.0016262353165075183 807
1585117978248 0.0030302214436233044 808
1585118012117 0.00257988553494215 809
1585118045763 0.0037599189672619104 810
1585118080232 0.0020720914471894503 811
1585118113897 0.001297674374654889 812
1585118148224 0.0018240377539768815 813
1585118181427 0.003027860075235367 814
1585118214773 0.0019859480671584606 815
1585118248365 0.0016935012536123395 816
1585118281932 0.002429030369967222 817
1585118315678 0.002128523774445057 818
1585118349150 0.002231662394478917 819
1585118382578 0.0034753005020320415 820
1585118415908 0.0024538664147257805 821
1585118450151 0.0030504364985972643 822
1585118483476 0.0018381108529865742 823
1585118516997 0.0028024606872349977 824
1585118551096 0.0020892436150461435 825
1585118584472 0.0028148426208645105 826
1585118619423 0.0037783575244247913 827
1585118653508 0.0025790985673666 828
1585118687116 0.0012920390581712127 829
1585118720719 0.0029973380733281374 830
1585118754176 0.0022553533781319857 831
1585118788533 0.0016509142005816102 832
1585118821974 0.001223876024596393 833
1585118855442 0.0026855459436774254 834
1585118888962 0.0013661673292517662 835
1585118922399 0.0029020775109529495 836
1585118955699 0.0030265282839536667 837
1585118989130 0.003536766627803445 838
1585119023495 0.005341473501175642 839
1585119057019 0.0012244320241734385 840
1585119090309 0.0009559629834257066 841
1585119123940 0.003991138190031052 842
1585119157666 0.0031171429436653852 843
1585119191625 0.003096008440479636 844
1585119225237 0.0017269222298637033 845
1585119258616 0.0019296457758173347 846
1585119292054 0.002204235177487135 847
1585119325720 0.0034407712519168854 848
1585119358996 0.0033638114109635353 849
1585119392302 0.0030086024198681116 850
1585119425978 0.002428898122161627 851
1585119459160 0.0019769808277487755 852
1585119492760 0.0019659921526908875 853
1585119526608 0.0015882846200838685 854
1585119559855 0.0016568736173212528 855
1585119593944 0.0013695629313588142 856
1585119627669 0.001880876487120986 857
1585119661016 0.0019234203500673175 858
1585119695704 0.001561713288538158 859
1585119729922 0.0035734379198402166 860
1585119763247 0.003688407363370061 861
1585119797736 0.002290084259584546 862
1585119831162 0.0022045704536139965 863
1585119864845 0.001598972943611443 864
1585119898183 0.002952783601358533 865
1585119931718 0.004464996512979269 866
1585119965750 0.002377765253186226 867
1585119999580 0.0012355796061456203 868
1585120032973 0.005187592003494501 869
1585120066659 0.0017170679057016969 870
1585120100621 0.0019017694285139441 871
1585120134699 0.0033969811629503965 872
1585120167982 0.004946448840200901 873
1585120201405 0.0018288070568814874 874
1585120235024 0.0024532845709472895 875
1585120268275 0.0019878381863236427 876
1585120301676 0.002569737611338496 877
1585120335566 0.0023596580140292645 878
1585120369731 0.0027586037758737803 879
1585120403236 0.001441654283553362 880
1585120437606 0.0018385472940281034 881
1585120472345 0.0031774307135492563 882
1585120506055 0.0015035617398098111 883
1585120539775 0.003642622847110033 884
1585120573134 0.0009121896000579 885
1585120606961 0.0021293030586093664 886
1585120641193 0.0017243648180738091 887
1585120674947 0.0030064345337450504 888
1585120709450 0.0027098439168184996 889
1585120743935 0.0020359240006655455 890
1585120777600 0.001989339478313923 891
1585120810882 0.0015539292944595218 892
1585120844521 0.004076571203768253 893
1585120878051 0.001671172445639968 894
1585120911535 0.006266993936151266 895
1585120944786 0.0028385829646140337 896
1585120978124 0.0016526976833119988 897
1585121012747 0.001892030006274581 898
1585121046267 0.0018318535294383764 899
1585121079420 0.0019962210208177567 900
1585121112681 0.0020542293787002563 901
1585121146270 0.0022321941796690226 902
1585121180849 0.002827150747179985 903
1585121216663 0.0018006153404712677 904
1585121249967 0.0018049763748422265 905
1585121283410 0.001839745556935668 906
1585121316801 0.00212480453774333 907
1585121349958 0.0030281369108706713 908
1585121383729 0.00193067139480263 909
1585121417638 0.001691112876869738 910
1585121450984 0.002433437155559659 911
1585121484226 0.0016915961168706417 912
1585121518628 0.003403798909857869 913
1585121554564 0.001818737480789423 914
1585121588513 0.0018342030234634876 915
1585121621865 0.0022955022286623716 916
1585121655581 0.004898576997220516 917
1585121689502 0.0017649332294240594 918
1585121722772 0.002915316494181752 919
1585121756094 0.0024354804772883654 920
1585121789569 0.004274995997548103 921
1585121823386 0.0022203377448022366 922
1585121856675 0.0018396539380773902 923
1585121891007 0.004931500647217035 924
1585121924907 0.0012831395724788308 925
1585121958925 0.0015646553365513682 926
1585121992978 0.0016728822374716401 927
1585122026628 0.0015276544727385044 928
1585122060465 0.002084872452542186 929
1585122094398 0.001977023435756564 930
1585122128164 0.00224167387932539 931
1585122162047 0.004547497257590294 932
1585122196309 0.0025841614697128534 933
1585122229711 0.0031022264156490564 934
1585122264115 0.0033474573865532875 935
1585122297515 0.0014414103934541345 936
1585122331080 0.001122342306189239 937
1585122364462 0.00193225615657866 938
1585122398680 0.004984505940228701 939
1585122431960 0.001310282270424068 940
1585122465996 0.002217907225713134 941
1585122499668 0.0011183522874489427 942
1585122532909 0.0033101632725447416 943
1585122566745 0.001673853606916964 944
1585122601035 0.0025905920192599297 945
1585122634306 0.0022717968095093966 946
1585122668014 0.00195768172852695 947
1585122701388 0.0020770670380443335 948
1585122735130 0.001477554440498352 949
1585122768594 0.0023139312397688627 950
1585122801831 0.0009295549243688583 951
1585122836946 0.0011084366124123335 952
1585122871067 0.0015256503829732537 953
1585122905878 0.001510965870693326 954
1585122939272 0.0015238263877108693 955
1585122974511 0.0021545859053730965 956
1585123008046 0.0010228316532447934 957
1585123041825 0.002172923181205988 958
1585123075145 0.002618918428197503 959
1585123108839 0.0018576750298961997 960
1585123143743 0.003077215049415827 961
1585123177523 0.0012377728708088398 962
1585123211164 0.0011235527927055955 963
1585123247168 0.003629313549026847 964
1585123280590 0.002143003512173891 965
1585123314099 0.001862571225501597 966
1585123347602 0.0014388858107849956 967
1585123381379 0.003164722351357341 968
1585123414855 0.0022277378011494875 969
1585123448708 0.0036736412439495325 970
1585123482088 0.003835916519165039 971
1585123515763 0.00137460941914469 972
1585123549204 0.0015604455256834626 973
1585123582586 0.001359404413960874 974
1585123616838 0.0014758184552192688 975
1585123650536 0.0017068260349333286 976
1585123684004 0.0016223021084442735 977
1585123717892 0.0016150636365637183 978
1585123752170 0.0015181537019088864 979
1585123785779 0.001823222846724093 980
1585123819260 0.000895477831363678 981
1585123853385 0.0021484154276549816 982
1585123886785 0.000878513790667057 983
1585123920122 0.003159900428727269 984
1585123953446 0.0013004104839637876 985
1585123986988 0.0011823168024420738 986
1585124020253 0.000972554087638855 987
1585124054397 0.00408040639013052 988
1585124087586 0.001011445070616901 989
1585124121170 0.007747060153633356 990
1585124155436 0.004341841675341129 991
1585124188741 0.0017003098037093878 992
1585124223154 0.002278912113979459 993
1585124257924 0.0013628858141601086 994
1585124291485 0.0025794736575335264 995
1585124325200 0.002949954243376851 996
1585124358960 0.0027294906321913004 997
1585124392700 0.002376376185566187 998
1585124425901 0.005749922711402178 999
1585124459305 0.001243187696672976 1000
