1585091003711 0.8315979242324829 0
1585091036657 0.7384952306747437 1
1585091069876 0.6887212991714478 2
1585091103155 0.6601724624633789 3
1585091136382 0.6443091034889221 4
1585091170267 0.6354579925537109 5
1585091203789 0.6134381890296936 6
1585091237319 0.5819135904312134 7
1585091270577 0.5667967796325684 8
1585091304047 0.5498716831207275 9
1585091337187 0.5233531594276428 10
1585091370434 0.5119046568870544 11
1585091403845 0.49418047070503235 12
1585091436999 0.47899940609931946 13
1585091470117 0.4668614864349365 14
1585091503022 0.4554387629032135 15
1585091535709 0.44550999999046326 16
1585091568621 0.4336460530757904 17
1585091601494 0.420783668756485 18
1585091634653 0.413210391998291 19
1585091667439 0.4005080461502075 20
1585091700497 0.39590972661972046 21
1585091732929 0.3935951292514801 22
1585091766036 0.37979426980018616 23
1585091799472 0.3792198598384857 24
1585091832413 0.36621057987213135 25
1585091865984 0.36276310682296753 26
1585091899184 0.3579680919647217 27
1585091932201 0.35575973987579346 28
1585091965200 0.35071003437042236 29
1585091998284 0.35204508900642395 30
1585092031377 0.34353333711624146 31
1585092064488 0.3406102657318115 32
1585092097425 0.329974889755249 33
1585092130684 0.3273528814315796 34
1585092163846 0.32781079411506653 35
1585092197287 0.31928494572639465 36
1585092230287 0.31437569856643677 37
1585092263423 0.30876684188842773 38
1585092296576 0.3079606592655182 39
1585092329741 0.3086010217666626 40
1585092362843 0.3012065291404724 41
1585092396115 0.3033885955810547 42
1585092429262 0.30612748861312866 43
1585092462375 0.2944880723953247 44
1585092495673 0.3010622262954712 45
1585092531654 0.29649993777275085 46
1585092564912 0.29608261585235596 47
1585092598323 0.2884049415588379 48
1585092631712 0.29460376501083374 49
1585092664925 0.29515740275382996 50
1585092698189 0.2844507396221161 51
1585092731421 0.285213828086853 52
1585092764611 0.28821131587028503 53
1585092797904 0.2807638943195343 54
1585092831271 0.2815890610218048 55
1585092864773 0.28228136897087097 56
1585092897882 0.2811647057533264 57
1585092931048 0.2920890152454376 58
1585092964443 0.28152763843536377 59
1585092997494 0.28560975193977356 60
1585093030728 0.284707635641098 61
1585093063756 0.2782575488090515 62
1585093096898 0.2781071960926056 63
1585093130182 0.2781123220920563 64
1585093163934 0.26969337463378906 65
1585093196857 0.28211748600006104 66
1585093230119 0.2782977819442749 67
1585093263511 0.27124473452568054 68
1585093297146 0.2700831890106201 69
1585093330492 0.26813992857933044 70
1585093363725 0.2707304358482361 71
1585093398097 0.2755138874053955 72
1585093431301 0.2706524431705475 73
1585093464391 0.2693147361278534 74
1585093497425 0.26219019293785095 75
1585093530565 0.2702485918998718 76
1585093563688 0.27196580171585083 77
1585093597010 0.26148122549057007 78
1585093630073 0.2652462422847748 79
1585093663047 0.2662478983402252 80
1585093696226 0.2670361399650574 81
1585093729145 0.25549501180648804 82
1585093762824 0.26290363073349 83
1585093796239 0.26983410120010376 84
1585093829393 0.2593892812728882 85
1585093863188 0.2528786361217499 86
1585093896438 0.2558911144733429 87
1585093929896 0.2611534297466278 88
1585093963239 0.2582448124885559 89
1585093996584 0.2550891935825348 90
1585094029771 0.2666276693344116 91
1585094062951 0.25699347257614136 92
1585094096083 0.2492138147354126 93
1585094129283 0.2629488706588745 94
1585094162635 0.25236403942108154 95
1585094195789 0.2669258713722229 96
1585094229183 0.24981696903705597 97
1585094262410 0.25198081135749817 98
1585094296103 0.25866058468818665 99
1585094330390 0.25576022267341614 100
1585094363867 0.24948301911354065 101
1585094396865 0.25106343626976013 102
1585094430243 0.26137474179267883 103
1585094463469 0.24803946912288666 104
1585094497487 0.2463904619216919 105
1585094530583 0.24742484092712402 106
1585094563601 0.24983137845993042 107
1585094597007 0.2501446008682251 108
1585094630311 0.24946695566177368 109
1585094663859 0.2528825104236603 110
1585094697215 0.24750584363937378 111
1585094730194 0.24499866366386414 112
1585094763281 0.25111812353134155 113
1585094796479 0.23825953900814056 114
1585094829653 0.24253961443901062 115
1585094863041 0.23807184398174286 116
1585094896397 0.24361643195152283 117
1585094929670 0.24830377101898193 118
1585094962972 0.23876871168613434 119
1585094996662 0.23848196864128113 120
1585095029902 0.24625995755195618 121
1585095063381 0.24533595144748688 122
1585095096635 0.23878900706768036 123
1585095129712 0.23772814869880676 124
1585095162822 0.24835485219955444 125
1585095196230 0.23889422416687012 126
1585095229312 0.23621457815170288 127
1585095262373 0.2391720712184906 128
1585095295256 0.23900321125984192 129
1585095328802 0.23945873975753784 130
1585095362124 0.22933608293533325 131
1585095395173 0.2390042245388031 132
1585095428447 0.24519014358520508 133
1585095461570 0.24791954457759857 134
1585095494450 0.23965387046337128 135
1585095527419 0.23250740766525269 136
1585095560500 0.23039989173412323 137
1585095593484 0.24617335200309753 138
1585095626909 0.24182122945785522 139
1585095659972 0.23470278084278107 140
1585095693952 0.2504909932613373 141
1585095727030 0.23643724620342255 142
1585095760032 0.2309834361076355 143
1585095793654 0.22811071574687958 144
1585095826510 0.23306284844875336 145
1585095859491 0.23078005015850067 146
1585095892916 0.2402854710817337 147
1585095927275 0.22607581317424774 148
1585095960333 0.227116197347641 149
1585095993509 0.23167940974235535 150
1585096026752 0.2237008512020111 151
1585096060346 0.2251306027173996 152
1585096093653 0.23041708767414093 153
1585096127009 0.22816604375839233 154
1585096160692 0.2359399050474167 155
1585096193614 0.22733446955680847 156
1585096226613 0.22111237049102783 157
1585096259895 0.22653837502002716 158
1585096292990 0.2211729884147644 159
1585096326186 0.22913970053195953 160
1585096360522 0.22852380573749542 161
1585096393672 0.232793390750885 162
1585096427173 0.23207317292690277 163
1585096460226 0.21889454126358032 164
1585096493215 0.2237018495798111 165
1585096526387 0.2278953641653061 166
1585096559555 0.21999375522136688 167
1585096592739 0.23072290420532227 168
1585096626034 0.2442893236875534 169
1585096659376 0.22621983289718628 170
1585096692957 0.22816102206707 171
1585096725961 0.22743090987205505 172
1585096759626 0.24329105019569397 173
1585096792983 0.22478237748146057 174
1585096826514 0.22269004583358765 175
1585096859715 0.22782105207443237 176
1585096892914 0.22910796105861664 177
1585096926196 0.21855619549751282 178
1585096959583 0.2168201357126236 179
1585096992620 0.2233571708202362 180
1585097026110 0.2174898087978363 181
1585097059399 0.21404942870140076 182
1585097092783 0.2264394760131836 183
1585097126311 0.221445694565773 184
1585097159424 0.22274461388587952 185
1585097192698 0.22296349704265594 186
1585097225963 0.21971698105335236 187
1585097259417 0.21597576141357422 188
1585097292602 0.21625450253486633 189
1585097325855 0.23079371452331543 190
1585097359983 0.2204361855983734 191
1585097394198 0.234168142080307 192
1585097427299 0.21237020194530487 193
1585097460539 0.21938738226890564 194
1585097493826 0.2222375124692917 195
1585097526992 0.21494628489017487 196
1585097560134 0.22393804788589478 197
1585097593561 0.21426430344581604 198
1585097626569 0.21547675132751465 199
1585097659749 0.21285229921340942 200
1585097692930 0.22005757689476013 201
1585097725807 0.22311972081661224 202
1585097758897 0.2055174559354782 203
1585097792534 0.2063320279121399 204
1585097825966 0.20752295851707458 205
1585097861060 0.2143351435661316 206
1585097894194 0.21349230408668518 207
1585097927326 0.21650198101997375 208
1585097960677 0.2100113481283188 209
1585097994137 0.22031591832637787 210
1585098027533 0.20300140976905823 211
1585098060666 0.210097536444664 212
1585098093781 0.22447721660137177 213
1585098126936 0.21850168704986572 214
1585098160020 0.20780161023139954 215
1585098193236 0.20978182554244995 216
1585098226967 0.20672784745693207 217
1585098260173 0.21450117230415344 218
1585098293482 0.20253966748714447 219
1585098327393 0.2099597305059433 220
1585098360484 0.20748285949230194 221
1585098393569 0.21222564578056335 222
1585098426868 0.2174898236989975 223
1585098460432 0.21109384298324585 224
1585098493289 0.21670104563236237 225
1585098526431 0.210882306098938 226
1585098559715 0.21229401230812073 227
1585098593113 0.21549350023269653 228
1585098626398 0.21171024441719055 229
1585098659247 0.20421048998832703 230
1585098692623 0.2030733823776245 231
1585098725823 0.2099236696958542 232
1585098759039 0.20001737773418427 233
1585098792762 0.20485129952430725 234
1585098825904 0.20352712273597717 235
1585098859135 0.2113575041294098 236
1585098892822 0.20749089121818542 237
1585098926369 0.2014598250389099 238
1585098959737 0.2119295597076416 239
1585098992998 0.2036130726337433 240
1585099026090 0.21454092860221863 241
1585099059295 0.20782460272312164 242
1585099092421 0.20124346017837524 243
1585099125386 0.19710944592952728 244
1585099158461 0.21133705973625183 245
1585099191576 0.20167887210845947 246
1585099224554 0.2029794603586197 247
1585099257811 0.20124974846839905 248
1585099290909 0.20095856487751007 249
1585099323829 0.2015392780303955 250
1585099356820 0.2010039985179901 251
1585099389993 0.19955794513225555 252
1585099423220 0.2043735831975937 253
1585099456443 0.19844648241996765 254
1585099489693 0.1977032572031021 255
1585099522602 0.194607675075531 256
1585099556648 0.21577687561511993 257
1585099589632 0.20797941088676453 258
1585099622859 0.20591309666633606 259
1585099656139 0.20535539090633392 260
1585099689478 0.20160233974456787 261
1585099722757 0.19793350994586945 262
1585099755979 0.1893436759710312 263
1585099789103 0.20360775291919708 264
1585099822204 0.19872599840164185 265
1585099857198 0.19544097781181335 266
1585099891200 0.200449138879776 267
1585099924448 0.2104085087776184 268
1585099957612 0.1962594985961914 269
1585099990712 0.1980961263179779 270
1585100024248 0.2145240157842636 271
1585100059382 0.19537191092967987 272
1585100092591 0.19786491990089417 273
1585100125788 0.22172218561172485 274
1585100158719 0.19787517189979553 275
1585100191984 0.19858482480049133 276
1585100225212 0.19958357512950897 277
1585100258695 0.21382075548171997 278
1585100291948 0.1982555091381073 279
1585100325508 0.20163549482822418 280
1585100358898 0.19497175514698029 281
1585100392389 0.19729329645633698 282
1585100426150 0.19099903106689453 283
1585100459347 0.1929924339056015 284
1585100492954 0.19216260313987732 285
1585100526439 0.1913585662841797 286
1585100559862 0.19985651969909668 287
1585100594479 0.19012290239334106 288
1585100627899 0.19064311683177948 289
1585100661122 0.1869048774242401 290
1585100694330 0.19693200290203094 291
1585100727749 0.19645291566848755 292
1585100760971 0.19824904203414917 293
1585100794401 0.19803780317306519 294
1585100827785 0.19546417891979218 295
1585100860818 0.1882728636264801 296
1585100894617 0.19488656520843506 297
1585100927917 0.1863260567188263 298
1585100961587 0.1941654533147812 299
1585100995160 0.20384281873703003 300
1585101028159 0.18513765931129456 301
1585101061297 0.18087832629680634 302
1585101095531 0.1870369166135788 303
1585101128778 0.19054463505744934 304
1585101162309 0.19535034894943237 305
1585101195592 0.1868380755186081 306
1585101228646 0.19034534692764282 307
1585101261773 0.18588387966156006 308
1585101295044 0.19208575785160065 309
1585101328207 0.1878412961959839 310
1585101361437 0.17994500696659088 311
1585101394507 0.19735457003116608 312
1585101428021 0.18948152661323547 313
1585101461448 0.18092097342014313 314
1585101494387 0.18551266193389893 315
1585101527773 0.1880643516778946 316
1585101560833 0.1869715452194214 317
1585101593842 0.18682754039764404 318
1585101626891 0.1933620423078537 319
1585101660408 0.19067564606666565 320
1585101693594 0.19193658232688904 321
1585101726697 0.19092801213264465 322
1585101759573 0.18123245239257812 323
1585101793244 0.19158504903316498 324
1585101826504 0.18152672052383423 325
1585101859585 0.19189423322677612 326
1585101893308 0.17725250124931335 327
1585101927472 0.18811674416065216 328
1585101960608 0.20054836571216583 329
1585101993503 0.18937569856643677 330
1585102026575 0.20141299068927765 331
1585102060429 0.18462714552879333 332
1585102093265 0.18087196350097656 333
1585102126460 0.18542540073394775 334
1585102159718 0.1819400191307068 335
1585102192664 0.18105942010879517 336
1585102225674 0.1943461298942566 337
1585102258803 0.18406449258327484 338
1585102291678 0.1791728287935257 339
1585102324951 0.17771023511886597 340
1585102357936 0.18456192314624786 341
1585102391073 0.18336649239063263 342
1585102424619 0.18571482598781586 343
1585102457791 0.1864517331123352 344
1585102491002 0.19211721420288086 345
1585102524620 0.17925825715065002 346
1585102557750 0.18940898776054382 347
1585102590847 0.1834864616394043 348
1585102624548 0.17884884774684906 349
1585102657961 0.17758144438266754 350
1585102691452 0.17185793817043304 351
1585102724759 0.19463640451431274 352
1585102757866 0.19025219976902008 353
1585102790930 0.18706275522708893 354
1585102825325 0.17012308537960052 355
1585102858921 0.18245060741901398 356
1585102892172 0.17850814759731293 357
1585102925425 0.18445512652397156 358
1585102958807 0.1730128824710846 359
1585102991896 0.17726169526576996 360
1585103026151 0.19081655144691467 361
1585103060083 0.16968615353107452 362
1585103093143 0.1869879812002182 363
1585103126536 0.17167066037654877 364
1585103159660 0.17633217573165894 365
1585103192967 0.17987275123596191 366
1585103226125 0.17521679401397705 367
1585103259266 0.1794738471508026 368
1585103292700 0.17937815189361572 369
1585103326050 0.17607152462005615 370
1585103359511 0.16641661524772644 371
1585103392560 0.18058454990386963 372
1585103425826 0.17480656504631042 373
1585103459223 0.1740422397851944 374
1585103493047 0.17306484282016754 375
1585103526507 0.18341830372810364 376
1585103559955 0.17758439481258392 377
1585103593204 0.18500451743602753 378
1585103626166 0.18177290260791779 379
1585103659366 0.1749330312013626 380
1585103693078 0.18764628469944 381
1585103726035 0.17147573828697205 382
1585103759075 0.1719171106815338 383
1585103792336 0.17468178272247314 384
1585103826413 0.1817842274904251 385
1585103859673 0.17675116658210754 386
1585103892976 0.176127627491951 387
1585103926118 0.16907097399234772 388
1585103959751 0.18231900036334991 389
1585103993070 0.1655007153749466 390
1585104026065 0.17750166356563568 391
1585104059184 0.17786407470703125 392
1585104092576 0.16655205190181732 393
1585104126037 0.17780835926532745 394
1585104163472 0.16664357483386993 395
1585104197122 0.16538748145103455 396
1585104230438 0.1733274608850479 397
1585104263765 0.18387308716773987 398
1585104296904 0.17582015693187714 399
1585104330050 0.18013519048690796 400
1585104363171 0.1721883863210678 401
1585104396264 0.17496229708194733 402
1585104429463 0.1762671023607254 403
1585104462345 0.16811393201351166 404
1585104495604 0.17727091908454895 405
1585104529078 0.16929593682289124 406
1585104562451 0.17048673331737518 407
1585104595602 0.19307056069374084 408
1585104628723 0.17446303367614746 409
1585104662006 0.17106659710407257 410
1585104695344 0.17285394668579102 411
1585104728622 0.17633625864982605 412
1585104761652 0.18114517629146576 413
1585104794556 0.16412711143493652 414
1585104827776 0.18186673521995544 415
1585104860931 0.17397555708885193 416
1585104894261 0.17418557405471802 417
1585104927227 0.17749318480491638 418
1585104960113 0.16485756635665894 419
1585104993340 0.18647220730781555 420
1585105026690 0.1809682697057724 421
1585105059791 0.17343522608280182 422
1585105093167 0.16289588809013367 423
1585105126438 0.17110955715179443 424
1585105159586 0.16960346698760986 425
1585105192910 0.16949355602264404 426
1585105226095 0.18928606808185577 427
1585105259363 0.16779044270515442 428
1585105292964 0.18539810180664062 429
1585105327666 0.1720021814107895 430
1585105360922 0.18161676824092865 431
1585105395221 0.18260681629180908 432
1585105428211 0.18273213505744934 433
1585105463413 0.18411405384540558 434
1585105496866 0.174205482006073 435
1585105530385 0.18126338720321655 436
1585105563552 0.1864345669746399 437
1585105597058 0.1776226907968521 438
1585105630238 0.18411196768283844 439
1585105663483 0.18082444369792938 440
1585105696625 0.19094431400299072 441
1585105729944 0.18959000706672668 442
1585105763137 0.18934164941310883 443
1585105796151 0.18566370010375977 444
1585105831429 0.18675294518470764 445
1585105864774 0.20304030179977417 446
1585105897954 0.20137135684490204 447
1585105931021 0.19813594222068787 448
1585105964400 0.20062373578548431 449
1585105997470 0.1986200213432312 450
1585106030574 0.19743365049362183 451
1585106063928 0.19057348370552063 452
1585106097448 0.1869949996471405 453
1585106130606 0.20809228718280792 454
1585106164032 0.18592117726802826 455
1585106197271 0.18536877632141113 456
1585106230183 0.19709406793117523 457
1585106263302 0.18288569152355194 458
1585106296495 0.19384080171585083 459
1585106329593 0.22529184818267822 460
1585106362548 0.18171438574790955 461
1585106395852 0.19569116830825806 462
1585106429553 0.19563442468643188 463
1585106462705 0.1769716590642929 464
1585106495717 0.1937357783317566 465
1585106528719 0.19739621877670288 466
1585106561934 0.1865738481283188 467
1585106594973 0.18645139038562775 468
1585106628384 0.18915431201457977 469
1585106661348 0.19168244302272797 470
1585106694436 0.18329980969429016 471
1585106727346 0.18288995325565338 472
1585106760343 0.1888357400894165 473
1585106793568 0.18918506801128387 474
1585106826481 0.18026168644428253 475
1585106859572 0.18595099449157715 476
1585106893048 0.18764393031597137 477
1585106926653 0.18914943933486938 478
1585106959795 0.18670156598091125 479
1585106993777 0.1928251087665558 480
1585107028113 0.19442227482795715 481
1585107061240 0.20326273143291473 482
1585107094253 0.1904689222574234 483
1585107127631 0.18460500240325928 484
1585107161603 0.18721182644367218 485
1585107194995 0.18490898609161377 486
1585107228166 0.1948695182800293 487
1585107261303 0.1909739375114441 488
1585107294547 0.18699805438518524 489
1585107327964 0.18471211194992065 490
1585107361549 0.1818057745695114 491
1585107394952 0.18388590216636658 492
1585107428172 0.18171796202659607 493
1585107461307 0.18321120738983154 494
1585107494319 0.19102929532527924 495
1585107527710 0.18258161842823029 496
1585107560674 0.18212729692459106 497
1585107593841 0.18709325790405273 498
1585107626805 0.1980169266462326 499
1585107660234 0.1741279661655426 500
1585107693684 0.1898650825023651 501
1585107727250 0.18600501120090485 502
1585107760158 0.19539690017700195 503
1585107793243 0.18756453692913055 504
1585107827889 0.18996946513652802 505
1585107861169 0.1828460395336151 506
1585107895273 0.18188320100307465 507
1585107928302 0.1891336739063263 508
1585107961601 0.1883559376001358 509
1585107994670 0.1904652863740921 510
1585108027884 0.1947447806596756 511
1585108062616 0.19339491426944733 512
1585108096039 0.18619771301746368 513
1585108129416 0.18731151521205902 514
1585108162658 0.18543988466262817 515
1585108195987 0.1902158260345459 516
1585108229231 0.19469095766544342 517
1585108262152 0.19153869152069092 518
1585108295677 0.18523868918418884 519
1585108329252 0.20694275200366974 520
1585108362302 0.1913805902004242 521
1585108395273 0.19786250591278076 522
1585108428288 0.19409935176372528 523
1585108461865 0.19802948832511902 524
1585108494822 0.19257143139839172 525
1585108527666 0.1911105215549469 526
1585108560764 0.18724425137043 527
1585108593857 0.18943007290363312 528
1585108626962 0.18671885132789612 529
1585108660031 0.1905677318572998 530
1585108693326 0.19596417248249054 531
1585108726945 0.1915220320224762 532
1585108760348 0.1948573738336563 533
1585108793385 0.20139262080192566 534
1585108826724 0.1901642233133316 535
1585108859881 0.194914311170578 536
1585108892981 0.21334481239318848 537
1585108927156 0.1977873146533966 538
1585108960381 0.19920143485069275 539
1585108993628 0.18366697430610657 540
1585109027309 0.18646074831485748 541
1585109060418 0.18300944566726685 542
1585109093938 0.20000770688056946 543
1585109127149 0.19796164333820343 544
1585109160496 0.1861436814069748 545
1585109193522 0.18812409043312073 546
1585109226947 0.19596455991268158 547
1585109260291 0.18418708443641663 548
1585109293576 0.1926693320274353 549
1585109328267 0.18709643185138702 550
1585109361745 0.1856069266796112 551
1585109394858 0.18067078292369843 552
1585109427832 0.18669039011001587 553
1585109461123 0.18863427639007568 554
1585109494181 0.18091154098510742 555
1585109527047 0.1860181987285614 556
1585109560134 0.18558309972286224 557
1585109593451 0.19116228818893433 558
1585109627061 0.1817447990179062 559
1585109660671 0.18625707924365997 560
1585109693800 0.1922598034143448 561
1585109726705 0.1801842898130417 562
1585109760146 0.18519224226474762 563
1585109793487 0.1881774514913559 564
1585109826744 0.1991843283176422 565
1585109860148 0.1890890747308731 566
1585109893293 0.20697233080863953 567
1585109926395 0.19596564769744873 568
1585109960066 0.19909067451953888 569
1585109993300 0.2000919133424759 570
1585110026139 0.19025322794914246 571
1585110060110 0.1859332025051117 572
1585110093264 0.185862734913826 573
1585110126668 0.1800307035446167 574
1585110159870 0.18756310641765594 575
1585110192668 0.18942096829414368 576
1585110225828 0.18226757645606995 577
1585110259037 0.1767643839120865 578
1585110292090 0.18820519745349884 579
1585110325183 0.18862250447273254 580
1585110358250 0.18444232642650604 581
1585110391183 0.19627395272254944 582
1585110424151 0.1872776597738266 583
1585110457202 0.1912427693605423 584
1585110490311 0.18041718006134033 585
1585110523343 0.1848474144935608 586
1585110556398 0.18339397013187408 587
1585110590243 0.182925745844841 588
1585110623407 0.18416351079940796 589
1585110656596 0.18783791363239288 590
1585110689861 0.19045457243919373 591
1585110723029 0.18417808413505554 592
1585110756315 0.18753618001937866 593
1585110789259 0.19982844591140747 594
1585110822591 0.18689481914043427 595
1585110856324 0.190578892827034 596
1585110889490 0.20210987329483032 597
1585110923027 0.18767978250980377 598
1585110956105 0.1884884387254715 599
1585110989119 0.18278397619724274 600
1585111022301 0.19013264775276184 601
1585111055414 0.18143869936466217 602
1585111088480 0.1802227646112442 603
1585111123085 0.1865645945072174 604
1585111156374 0.18630081415176392 605
1585111189286 0.18292362987995148 606
1585111222555 0.18492752313613892 607
1585111255703 0.1911444514989853 608
1585111288923 0.18983690440654755 609
1585111322297 0.1858357936143875 610
1585111356528 0.18626484274864197 611
1585111389903 0.18678167462348938 612
1585111422830 0.19292865693569183 613
1585111455815 0.18983601033687592 614
1585111489273 0.17626118659973145 615
1585111523891 0.1860506236553192 616
1585111556908 0.20127159357070923 617
1585111590639 0.19111089408397675 618
1585111623910 0.19730716943740845 619
1585111657276 0.19202540814876556 620
1585111690619 0.18916906416416168 621
1585111724057 0.18561236560344696 622
1585111757662 0.19039656221866608 623
1585111790976 0.18740828335285187 624
1585111824341 0.1842171549797058 625
1585111858014 0.19944238662719727 626
1585111891709 0.199873685836792 627
1585111925414 0.2002112865447998 628
1585111959002 0.1994141936302185 629
1585111992926 0.18328212201595306 630
1585112027241 0.1931973099708557 631
1585112060544 0.19197334349155426 632
1585112094619 0.18452568352222443 633
1585112128910 0.1899884194135666 634
1585112162300 0.18622305989265442 635
1585112195551 0.1839917153120041 636
1585112228938 0.18938905000686646 637
1585112262366 0.1914757341146469 638
1585112297163 0.18810229003429413 639
1585112330898 0.18826882541179657 640
1585112364574 0.19224587082862854 641
1585112397875 0.19083546102046967 642
1585112431823 0.18011653423309326 643
1585112466015 0.19962911307811737 644
1585112499676 0.19504642486572266 645
1585112534290 0.19063103199005127 646
1585112567867 0.19087252020835876 647
1585112601531 0.19662022590637207 648
1585112635544 0.1821180284023285 649
1585112668951 0.19114288687705994 650
1585112702224 0.18658111989498138 651
1585112735478 0.18232601881027222 652
1585112769514 0.18334029614925385 653
1585112803035 0.184164360165596 654
1585112836141 0.19732452929019928 655
1585112869908 0.18988482654094696 656
1585112903802 0.18300606310367584 657
1585112937685 0.18728014826774597 658
1585112971531 0.19800549745559692 659
1585113005067 0.20648662745952606 660
1585113038450 0.19526337087154388 661
1585113071736 0.1853177398443222 662
1585113105114 0.19345363974571228 663
1585113139067 0.19582179188728333 664
1585113172383 0.18775688111782074 665
1585113206348 0.1834924966096878 666
1585113240484 0.1999795138835907 667
1585113273692 0.18797056376934052 668
1585113306949 0.18714983761310577 669
1585113340549 0.18318025767803192 670
1585113374089 0.1850711703300476 671
1585113407730 0.18775199353694916 672
1585113441085 0.186040997505188 673
1585113474713 0.1850835233926773 674
1585113508316 0.1869237869977951 675
1585113541694 0.1851167231798172 676
1585113575230 0.1872808188199997 677
1585113608835 0.18452322483062744 678
1585113642091 0.18559595942497253 679
1585113675949 0.1993999183177948 680
1585113710627 0.19112977385520935 681
1585113744253 0.18344582617282867 682
1585113777654 0.18292923271656036 683
1585113810996 0.18431460857391357 684
1585113844342 0.18315498530864716 685
1585113877765 0.18696853518486023 686
1585113911351 0.1806836724281311 687
1585113944941 0.18277665972709656 688
1585113979746 0.18953976035118103 689
1585114013241 0.1860864907503128 690
1585114046778 0.1959746778011322 691
1585114080207 0.18730483949184418 692
1585114113465 0.19741541147232056 693
1585114146809 0.1919144243001938 694
1585114180223 0.19696366786956787 695
1585114213720 0.19553232192993164 696
1585114247313 0.19110891222953796 697
1585114280381 0.18746696412563324 698
1585114314001 0.1947748363018036 699
1585114347487 0.18451644480228424 700
1585114380760 0.19188322126865387 701
1585114414078 0.18730492889881134 702
1585114447959 0.19252361357212067 703
1585114481279 0.19140148162841797 704
1585114515385 0.19175398349761963 705
1585114548868 0.20105668902397156 706
1585114582512 0.2063906192779541 707
1585114616110 0.17724734544754028 708
1585114650480 0.1819116175174713 709
1585114684099 0.18795925378799438 710
1585114717542 0.1830623745918274 711
1585114751969 0.1830577254295349 712
1585114785269 0.18416628241539001 713
1585114819604 0.18229858577251434 714
1585114853483 0.18454566597938538 715
1585114886920 0.18746024370193481 716
1585114920605 0.1819073110818863 717
1585114954288 0.18107053637504578 718
1585114988059 0.1979673206806183 719
1585115021599 0.1800144910812378 720
1585115055220 0.1855677217245102 721
1585115089546 0.1732497662305832 722
1585115123638 0.1820588856935501 723
1585115158340 0.1791149377822876 724
1585115191603 0.2001970261335373 725
1585115225307 0.1821337342262268 726
1585115259717 0.18517883121967316 727
1585115293138 0.19339755177497864 728
1585115326570 0.1862037181854248 729
1585115360906 0.18312610685825348 730
1585115394689 0.1883818358182907 731
1585115427987 0.1846851110458374 732
1585115462387 0.19535021483898163 733
1585115496230 0.18500272929668427 734
1585115530459 0.1791447103023529 735
1585115564090 0.1876554936170578 736
1585115597763 0.18182161450386047 737
1585115631304 0.19228363037109375 738
1585115664860 0.19372250139713287 739
1585115698316 0.18429166078567505 740
1585115731556 0.19051384925842285 741
1585115765028 0.18975600600242615 742
1585115799235 0.1834109127521515 743
1585115832749 0.18603922426700592 744
1585115866277 0.17966976761817932 745
1585115899460 0.18617933988571167 746
1585115932699 0.19212499260902405 747
1585115966145 0.1852402538061142 748
1585115999787 0.18606877326965332 749
1585116033441 0.18498490750789642 750
1585116066728 0.1848527193069458 751
1585116100228 0.1878989338874817 752
1585116133905 0.1840934008359909 753
1585116167167 0.18773168325424194 754
1585116201055 0.1947619616985321 755
1585116234861 0.18580076098442078 756
1585116269400 0.18466106057167053 757
1585116303264 0.18836933374404907 758
1585116337577 0.19741778075695038 759
1585116371088 0.1850701868534088 760
1585116404459 0.19944030046463013 761
1585116438010 0.17849503457546234 762
1585116471771 0.18127921223640442 763
1585116506122 0.18476635217666626 764
1585116540112 0.1799570471048355 765
1585116573597 0.18833273649215698 766
1585116607040 0.18532457947731018 767
1585116640620 0.1843155026435852 768
1585116675041 0.1851060390472412 769
1585116709390 0.18481600284576416 770
1585116743550 0.18620359897613525 771
1585116777276 0.18619659543037415 772
1585116811161 0.19257411360740662 773
1585116844699 0.19255849719047546 774
1585116878080 0.17911408841609955 775
1585116911967 0.19329753518104553 776
1585116945368 0.1897152066230774 777
1585116979232 0.18189682066440582 778
1585117013916 0.1908779889345169 779
1585117047054 0.19644713401794434 780
1585117080788 0.1828244924545288 781
1585117114048 0.1926647573709488 782
1585117147775 0.17691382765769958 783
1585117181145 0.19697998464107513 784
1585117214717 0.1809927076101303 785
1585117248355 0.17333830893039703 786
1585117281570 0.18159440159797668 787
1585117315100 0.19034680724143982 788
1585117349003 0.1817428320646286 789
1585117383014 0.1770055741071701 790
1585117416458 0.19217127561569214 791
1585117451094 0.1875056028366089 792
1585117486555 0.18685638904571533 793
1585117519771 0.18082097172737122 794
1585117553888 0.18407368659973145 795
1585117587630 0.19218315184116364 796
1585117620775 0.19114604592323303 797
1585117654091 0.18680888414382935 798
1585117687650 0.1779824197292328 799
1585117721186 0.18580058217048645 800
1585117754777 0.18031719326972961 801
1585117788675 0.20235568284988403 802
1585117822113 0.18677052855491638 803
1585117855535 0.1847814917564392 804
1585117888844 0.18614602088928223 805
1585117923244 0.19060441851615906 806
1585117956680 0.18959304690361023 807
1585117990121 0.18441100418567657 808
1585118023863 0.18100978434085846 809
1585118057701 0.1851252168416977 810
1585118091946 0.1871589720249176 811
1585118125501 0.18750151991844177 812
1585118159910 0.18516278266906738 813
1585118193288 0.18572987616062164 814
1585118226759 0.1910666674375534 815
1585118260375 0.19354559481143951 816
1585118293784 0.18853309750556946 817
1585118327418 0.19243130087852478 818
1585118360869 0.18711966276168823 819
1585118394251 0.182215616106987 820
1585118427908 0.1872027963399887 821
1585118461882 0.1829414814710617 822
1585118495152 0.19654038548469543 823
1585118528782 0.18945087492465973 824
1585118562742 0.189470112323761 825
1585118596213 0.18089619278907776 826
1585118631324 0.18871048092842102 827
1585118665458 0.19098281860351562 828
1585118698991 0.1944204419851303 829
1585118732551 0.1875503957271576 830
1585118766115 0.18541577458381653 831
1585118800202 0.18282005190849304 832
1585118833745 0.18628065288066864 833
1585118867138 0.19582682847976685 834
1585118900643 0.18349280953407288 835
1585118934166 0.18047676980495453 836
1585118967468 0.18154853582382202 837
1585119000851 0.19075274467468262 838
1585119035189 0.1905490756034851 839
1585119068857 0.18925581872463226 840
1585119102088 0.19490396976470947 841
1585119135703 0.1893097311258316 842
1585119169350 0.1869589388370514 843
1585119203570 0.1911783665418625 844
1585119236873 0.19946110248565674 845
1585119270250 0.1870875358581543 846
1585119304084 0.1814187914133072 847
1585119337529 0.1818303018808365 848
1585119370753 0.18868863582611084 849
1585119404050 0.18084301054477692 850
1585119437599 0.17959773540496826 851
1585119471102 0.18408869206905365 852
1585119504608 0.17733773589134216 853
1585119538270 0.18478165566921234 854
1585119571952 0.18331211805343628 855
1585119605809 0.18242141604423523 856
1585119639560 0.18078751862049103 857
1585119672731 0.1842353194952011 858
1585119707441 0.18211694061756134 859
1585119741580 0.18342731893062592 860
1585119774894 0.19299902021884918 861
1585119809475 0.17706307768821716 862
1585119842973 0.1785544604063034 863
1585119876508 0.19162589311599731 864
1585119909966 0.19673427939414978 865
1585119943465 0.19749796390533447 866
1585119977430 0.19308078289031982 867
1585120011306 0.1914367824792862 868
1585120044913 0.18727977573871613 869
1585120078691 0.18727290630340576 870
1585120112481 0.1788462996482849 871
1585120146443 0.1882592737674713 872
1585120179792 0.18036991357803345 873
1585120213053 0.17841710150241852 874
1585120246740 0.18920168280601501 875
1585120280038 0.1762610524892807 876
1585120313763 0.18621748685836792 877
1585120347341 0.1786363273859024 878
1585120381576 0.18225523829460144 879
1585120415048 0.18945232033729553 880
1585120449447 0.19260577857494354 881
1585120484004 0.18667659163475037 882
1585120517705 0.17938943207263947 883
1585120551399 0.173419788479805 884
1585120584956 0.1843380481004715 885
1585120618994 0.18287338316440582 886
1585120652984 0.19031548500061035 887
1585120686585 0.1870710253715515 888
1585120721356 0.18359215557575226 889
1585120755840 0.19283291697502136 890
1585120789364 0.1909668743610382 891
1585120822823 0.1900024116039276 892
1585120856265 0.1843191385269165 893
1585120889729 0.20000852644443512 894
1585120923288 0.18871834874153137 895
1585120956427 0.19269496202468872 896
1585120990910 0.18324676156044006 897
1585121024546 0.18545877933502197 898
1585121057929 0.1884680837392807 899
1585121091205 0.18103452026844025 900
1585121124490 0.18272745609283447 901
1585121158068 0.17952363193035126 902
1585121192573 0.1929832249879837 903
1585121228445 0.1831940859556198 904
1585121261692 0.17712898552417755 905
1585121295312 0.1846836507320404 906
1585121328456 0.18130196630954742 907
1585121361742 0.1973903328180313 908
1585121395632 0.1806289106607437 909
1585121429299 0.1764751821756363 910
1585121462726 0.18053705990314484 911
1585121496144 0.1821691393852234 912
1585121530285 0.18789508938789368 913
1585121566298 0.19658076763153076 914
1585121600267 0.17914721369743347 915
1585121633685 0.17774519324302673 916
1585121667431 0.18768271803855896 917
1585121701231 0.18100470304489136 918
1585121734499 0.17970044910907745 919
1585121768017 0.18136385083198547 920
1585121801444 0.18259824812412262 921
1585121835194 0.18901294469833374 922
1585121869163 0.18695232272148132 923
1585121903076 0.18800345063209534 924
1585121936593 0.18084318935871124 925
1585121970595 0.18886008858680725 926
1585122004859 0.1872965395450592 927
1585122038337 0.18886162340641022 928
1585122072389 0.18873915076255798 929
1585122106264 0.19457107782363892 930
1585122139857 0.18733340501785278 931
1585122173873 0.1815643310546875 932
1585122208250 0.18227587640285492 933
1585122241437 0.1827564239501953 934
1585122275810 0.18885734677314758 935
1585122309337 0.1896524578332901 936
1585122342800 0.1828909069299698 937
1585122376254 0.18057069182395935 938
1585122410523 0.1846056580543518 939
1585122444140 0.19012559950351715 940
1585122478014 0.17003127932548523 941
1585122511341 0.18403097987174988 942
1585122544813 0.18102627992630005 943
1585122579134 0.17952650785446167 944
1585122612858 0.1918080896139145 945
1585122646107 0.1764041632413864 946
1585122679838 0.1806812584400177 947
1585122713109 0.18703053891658783 948
1585122746977 0.17622044682502747 949
1585122780382 0.1860106885433197 950
1585122814779 0.18501876294612885 951
1585122849091 0.18434378504753113 952
1585122883954 0.17633534967899323 953
1585122917544 0.1827223300933838 954
1585122951276 0.18435178697109222 955
1585122986304 0.1911216676235199 956
1585123019705 0.18407967686653137 957
1585123053440 0.2005368024110794 958
1585123086961 0.17346663773059845 959
1585123121425 0.18552947044372559 960
1585123155775 0.17958806455135345 961
1585123189343 0.1873655915260315 962
1585123223851 0.18346348404884338 963
1585123258797 0.18449293076992035 964
1585123292594 0.19151565432548523 965
1585123325914 0.19030927121639252 966
1585123359610 0.18322034180164337 967
1585123393267 0.18743515014648438 968
1585123427086 0.18437013030052185 969
1585123460426 0.19197307527065277 970
1585123494012 0.18294286727905273 971
1585123527443 0.18655160069465637 972
1585123560876 0.17977440357208252 973
1585123594247 0.1812422126531601 974
1585123628517 0.1879774034023285 975
1585123662301 0.175105020403862 976
1585123696167 0.18715466558933258 977
1585123730386 0.18298384547233582 978
1585123763938 0.17731799185276031 979
1585123797491 0.1866839975118637 980
1585123831008 0.18901102244853973 981
1585123865260 0.18629968166351318 982
1585123898449 0.1833653450012207 983
1585123931780 0.1760740727186203 984
1585123965264 0.18104350566864014 985
1585123998667 0.18582162261009216 986
1585124032715 0.183221235871315 987
1585124066064 0.183485746383667 988
1585124099478 0.195584237575531 989
1585124133840 0.17943699657917023 990
1585124167130 0.1923830211162567 991
1585124200534 0.18241004645824432 992
1585124235088 0.18837270140647888 993
1585124269763 0.17555344104766846 994
1585124303306 0.18868766725063324 995
1585124336910 0.1836257129907608 996
1585124370787 0.18972650170326233 997
1585124404431 0.18486367166042328 998
1585124437794 0.18611325323581696 999
1585124470927 0.18021543323993683 1000
