1585091011746 0.8410864472389221 0
1585091044893 0.7485034465789795 1
1585091077962 0.6988341808319092 2
1585091111213 0.6704403162002563 3
1585091144986 0.6592077016830444 4
1585091178262 0.6460015773773193 5
1585091212175 0.626613199710846 6
1585091245286 0.5985516309738159 7
1585091278504 0.5827245116233826 8
1585091312071 0.5591520071029663 9
1585091345219 0.5393596291542053 10
1585091378481 0.5229038000106812 11
1585091411815 0.5070202946662903 12
1585091444943 0.49263715744018555 13
1585091478176 0.4787532687187195 14
1585091511012 0.4675300717353821 15
1585091543591 0.45707595348358154 16
1585091576570 0.44589585065841675 17
1585091609301 0.43580299615859985 18
1585091642592 0.4253268837928772 19
1585091675548 0.4167163372039795 20
1585091708409 0.4095993936061859 21
1585091740893 0.40699273347854614 22
1585091774241 0.3964177370071411 23
1585091807416 0.3911179304122925 24
1585091840371 0.38429024815559387 25
1585091873935 0.37933793663978577 26
1585091907089 0.37556585669517517 27
1585091940248 0.3716101348400116 28
1585091973154 0.366566002368927 29
1585092006219 0.3641359210014343 30
1585092039333 0.35887134075164795 31
1585092072433 0.35753658413887024 32
1585092105465 0.3474116623401642 33
1585092138826 0.34373414516448975 34
1585092172144 0.34141698479652405 35
1585092205339 0.33878082036972046 36
1585092238240 0.3316826820373535 37
1585092271482 0.32732701301574707 38
1585092304529 0.32511427998542786 39
1585092337764 0.3260672688484192 40
1585092370796 0.3197522759437561 41
1585092404097 0.32054394483566284 42
1585092437348 0.32076409459114075 43
1585092470519 0.3126589059829712 44
1585092503628 0.3177105188369751 45
1585092539745 0.3134431540966034 46
1585092573162 0.3126218914985657 47
1585092606305 0.30551016330718994 48
1585092639722 0.3080841600894928 49
1585092672979 0.3073326349258423 50
1585092706279 0.2991310954093933 51
1585092739515 0.3021661043167114 52
1585092772547 0.2981708347797394 53
1585092806117 0.298406720161438 54
1585092839497 0.29918646812438965 55
1585092872848 0.2974984645843506 56
1585092905846 0.294339656829834 57
1585092939016 0.2991156578063965 58
1585092972365 0.2941686809062958 59
1585093005599 0.293093740940094 60
1585093038668 0.29016780853271484 61
1585093071736 0.2897392809391022 62
1585093105083 0.2935969829559326 63
1585093138596 0.28666186332702637 64
1585093171881 0.28393322229385376 65
1585093204911 0.29040396213531494 66
1585093238163 0.28537383675575256 67
1585093271574 0.2830842137336731 68
1585093305221 0.28125250339508057 69
1585093338380 0.28269240260124207 70
1585093371753 0.27790921926498413 71
1585093406251 0.28567200899124146 72
1585093439272 0.2788390517234802 73
1585093472402 0.2772270441055298 74
1585093505364 0.27372753620147705 75
1585093538505 0.2769920229911804 76
1585093571756 0.27766093611717224 77
1585093605036 0.2749137282371521 78
1585093638020 0.27373993396759033 79
1585093671153 0.2701476216316223 80
1585093704178 0.2761589288711548 81
1585093737063 0.27065974473953247 82
1585093770831 0.28136318922042847 83
1585093804273 0.27434688806533813 84
1585093837511 0.2703046500682831 85
1585093871237 0.26161348819732666 86
1585093904526 0.2661377787590027 87
1585093937996 0.26319876313209534 88
1585093971440 0.2639687657356262 89
1585094004614 0.26206761598587036 90
1585094037833 0.2673380970954895 91
1585094070876 0.2636094093322754 92
1585094104023 0.2571757435798645 93
1585094137244 0.2639833688735962 94
1585094170631 0.255526602268219 95
1585094203862 0.26366984844207764 96
1585094237192 0.2543134093284607 97
1585094270474 0.25938066840171814 98
1585094304280 0.261019229888916 99
1585094338796 0.2558106780052185 100
1585094371912 0.2556167542934418 101
1585094405072 0.2542206048965454 102
1585094438452 0.2604881227016449 103
1585094471450 0.25197336077690125 104
1585094505429 0.2549143135547638 105
1585094538531 0.2506393790245056 106
1585094571684 0.2547767162322998 107
1585094604952 0.252109169960022 108
1585094638469 0.24990279972553253 109
1585094671805 0.2553010582923889 110
1585094705167 0.24647963047027588 111
1585094738259 0.24753277003765106 112
1585094771228 0.25335851311683655 113
1585094804532 0.24127039313316345 114
1585094837798 0.2473376840353012 115
1585094871171 0.24598369002342224 116
1585094904456 0.24431565403938293 117
1585094937785 0.25077807903289795 118
1585094971135 0.24335893988609314 119
1585095004741 0.23999521136283875 120
1585095038011 0.24575752019882202 121
1585095071445 0.24592159688472748 122
1585095104698 0.24202165007591248 123
1585095137680 0.23759788274765015 124
1585095170930 0.2475624978542328 125
1585095204300 0.2375020831823349 126
1585095237245 0.23794740438461304 127
1585095270311 0.24081125855445862 128
1585095303419 0.23715044558048248 129
1585095336751 0.24120384454727173 130
1585095370043 0.23677024245262146 131
1585095403423 0.23753468692302704 132
1585095436529 0.24844878911972046 133
1585095469533 0.2441154420375824 134
1585095502411 0.23655736446380615 135
1585095535577 0.23421135544776917 136
1585095568452 0.2333296239376068 137
1585095601600 0.23943999409675598 138
1585095634975 0.23914170265197754 139
1585095668851 0.23291651904582977 140
1585095702080 0.2390994131565094 141
1585095735127 0.23177319765090942 142
1585095768629 0.23226022720336914 143
1585095801640 0.22889094054698944 144
1585095834461 0.22956466674804688 145
1585095867694 0.22873136401176453 146
1585095901286 0.2350819706916809 147
1585095935354 0.22575391829013824 148
1585095968294 0.23588603734970093 149
1585096001523 0.22838857769966125 150
1585096034843 0.22391346096992493 151
1585096068550 0.22308312356472015 152
1585096101677 0.227715864777565 153
1585096135103 0.2255123257637024 154
1585096168639 0.22857141494750977 155
1585096201536 0.2259984165430069 156
1585096234686 0.2220478355884552 157
1585096267952 0.22173580527305603 158
1585096301095 0.22215989232063293 159
1585096335439 0.2200404405593872 160
1585096368522 0.22246646881103516 161
1585096402115 0.22506463527679443 162
1585096435163 0.22438816726207733 163
1585096468305 0.2206437885761261 164
1585096501379 0.2176949679851532 165
1585096534330 0.2212020754814148 166
1585096567616 0.21894100308418274 167
1585096600831 0.22415640950202942 168
1585096634105 0.22904467582702637 169
1585096667501 0.22109830379486084 170
1585096700993 0.21860003471374512 171
1585096734170 0.21990524232387543 172
1585096767602 0.22639870643615723 173
1585096801082 0.2179700881242752 174
1585096834553 0.2133820354938507 175
1585096867810 0.21763110160827637 176
1585096900936 0.22209344804286957 177
1585096934318 0.21658781170845032 178
1585096967550 0.21473360061645508 179
1585097000701 0.21570797264575958 180
1585097034202 0.2129383683204651 181
1585097067464 0.21034500002861023 182
1585097100948 0.2202431857585907 183
1585097134289 0.21313124895095825 184
1585097167515 0.21820023655891418 185
1585097200845 0.21341580152511597 186
1585097233933 0.21281984448432922 187
1585097267449 0.2094818502664566 188
1585097300570 0.20999422669410706 189
1585097333987 0.22013112902641296 190
1585097368010 0.21185451745986938 191
1585097402143 0.21864259243011475 192
1585097435590 0.2080082893371582 193
1585097468509 0.20990845561027527 194
1585097501963 0.20961636304855347 195
1585097535104 0.20970192551612854 196
1585097568456 0.21492856740951538 197
1585097601602 0.20808559656143188 198
1585097634516 0.20699939131736755 199
1585097667848 0.20807552337646484 200
1585097700899 0.20772342383861542 201
1585097733844 0.21703258156776428 202
1585097766868 0.20162522792816162 203
1585097800789 0.1979997456073761 204
1585097834022 0.20488086342811584 205
1585097869198 0.20450329780578613 206
1585097902163 0.208274245262146 207
1585097935536 0.2064134031534195 208
1585097968685 0.2016172558069229 209
1585098002216 0.20679040253162384 210
1585098035606 0.20054590702056885 211
1585098068717 0.20219793915748596 212
1585098101778 0.20926478505134583 213
1585098134906 0.20917513966560364 214
1585098168134 0.20014339685440063 215
1585098201229 0.2004842758178711 216
1585098235018 0.1998635232448578 217
1585098268297 0.20351463556289673 218
1585098301655 0.19492235779762268 219
1585098335418 0.20653396844863892 220
1585098368486 0.1992608904838562 221
1585098401692 0.19837293028831482 222
1585098434839 0.2067371904850006 223
1585098468455 0.1993197202682495 224
1585098501441 0.20301586389541626 225
1585098534576 0.19741959869861603 226
1585098567754 0.20313701033592224 227
1585098601115 0.20284247398376465 228
1585098634399 0.20121535658836365 229
1585098667367 0.20153313875198364 230
1585098700577 0.19406002759933472 231
1585098733883 0.20177003741264343 232
1585098767108 0.196560800075531 233
1585098800894 0.19881749153137207 234
1585098833945 0.19473174214363098 235
1585098867188 0.20065367221832275 236
1585098901014 0.1981140375137329 237
1585098934631 0.19479218125343323 238
1585098967860 0.19597899913787842 239
1585099001016 0.1979842483997345 240
1585099034164 0.1971663534641266 241
1585099067346 0.19559542834758759 242
1585099100423 0.19149386882781982 243
1585099133459 0.19089993834495544 244
1585099166499 0.1965523362159729 245
1585099199649 0.19100430607795715 246
1585099232650 0.19022944569587708 247
1585099265773 0.18766754865646362 248
1585099298839 0.19393308460712433 249
1585099331832 0.19122156500816345 250
1585099364769 0.1900644302368164 251
1585099398013 0.19440850615501404 252
1585099431312 0.1963406801223755 253
1585099464429 0.18980303406715393 254
1585099497736 0.18888263404369354 255
1585099530631 0.18943318724632263 256
1585099564599 0.19493600726127625 257
1585099597594 0.2040565013885498 258
1585099631076 0.19131013751029968 259
1585099664272 0.19500631093978882 260
1585099697550 0.19148948788642883 261
1585099730965 0.19009274244308472 262
1585099764035 0.1828312873840332 263
1585099797095 0.18820828199386597 264
1585099830419 0.18918168544769287 265
1585099865177 0.18520286679267883 266
1585099899475 0.1866026520729065 267
1585099932399 0.19175396859645844 268
1585099965631 0.18802228569984436 269
1585099998875 0.18448039889335632 270
1585100032349 0.19177784025669098 271
1585100067470 0.19035381078720093 272
1585100100666 0.18387840688228607 273
1585100133791 0.1958489567041397 274
1585100166738 0.18446964025497437 275
1585100199934 0.1886582374572754 276
1585100233351 0.18768122792243958 277
1585100266827 0.19783273339271545 278
1585100299973 0.18695372343063354 279
1585100333843 0.186233788728714 280
1585100367005 0.18384623527526855 281
1585100400535 0.18574512004852295 282
1585100434104 0.183747798204422 283
1585100467360 0.1808038055896759 284
1585100500940 0.18433329463005066 285
1585100534599 0.18125677108764648 286
1585100569599 0.18239307403564453 287
1585100602671 0.1872071623802185 288
1585100636043 0.18019917607307434 289
1585100669157 0.17798197269439697 290
1585100702456 0.1892549991607666 291
1585100735903 0.18378371000289917 292
1585100769068 0.18477106094360352 293
1585100802734 0.18309727311134338 294
1585100835829 0.17898321151733398 295
1585100869597 0.18064141273498535 296
1585100902655 0.1784965693950653 297
1585100936003 0.18182110786437988 298
1585100969747 0.18748250603675842 299
1585101003210 0.18207058310508728 300
1585101036301 0.17548425495624542 301
1585101070249 0.17807482182979584 302
1585101103566 0.17875249683856964 303
1585101136894 0.18355882167816162 304
1585101170439 0.17763850092887878 305
1585101203636 0.17556780576705933 306
1585101236774 0.1761997938156128 307
1585101269897 0.17778706550598145 308
1585101303112 0.18280836939811707 309
1585101336369 0.17958542704582214 310
1585101369635 0.17273759841918945 311
1585101402490 0.18198983371257782 312
1585101436137 0.17620918154716492 313
1585101469409 0.17064395546913147 314
1585101502383 0.17345568537712097 315
1585101535764 0.17330467700958252 316
1585101568952 0.17378142476081848 317
1585101601992 0.1793467104434967 318
1585101634996 0.1822604238986969 319
1585101668527 0.17440110445022583 320
1585101701585 0.17653143405914307 321
1585101734715 0.17657586932182312 322
1585101768042 0.17188817262649536 323
1585101801310 0.1746964156627655 324
1585101834645 0.17411094903945923 325
1585101867752 0.1758551299571991 326
1585101901344 0.17258518934249878 327
1585101935501 0.17296922206878662 328
1585101968559 0.18097108602523804 329
1585102001547 0.17204982042312622 330
1585102035372 0.1786280870437622 331
1585102068339 0.17476345598697662 332
1585102101225 0.16922879219055176 333
1585102134642 0.17198044061660767 334
1585102167768 0.1672341376543045 335
1585102200633 0.17932531237602234 336
1585102233701 0.18032711744308472 337
1585102266829 0.179162859916687 338
1585102299643 0.1695999652147293 339
1585102332967 0.1734921932220459 340
1585102365877 0.17596307396888733 341
1585102399135 0.17076432704925537 342
1585102432579 0.17317956686019897 343
1585102465857 0.17595747113227844 344
1585102499241 0.17376279830932617 345
1585102532680 0.18224889039993286 346
1585102565763 0.17452119290828705 347
1585102599134 0.16997608542442322 348
1585102632535 0.16985662281513214 349
1585102666084 0.16487601399421692 350
1585102699559 0.16076630353927612 351
1585102732933 0.1752389520406723 352
1585102765928 0.17170526087284088 353
1585102799017 0.1705721914768219 354
1585102833634 0.16431784629821777 355
1585102867142 0.1721075177192688 356
1585102900108 0.16574296355247498 357
1585102933613 0.16623003780841827 358
1585102967012 0.1631716787815094 359
1585103000751 0.16154566407203674 360
1585103034107 0.1704939901828766 361
1585103068115 0.15812009572982788 362
1585103101248 0.16797730326652527 363
1585103134544 0.15896274149417877 364
1585103167619 0.16574892401695251 365
1585103200999 0.17117425799369812 366
1585103234199 0.1623270958662033 367
1585103267286 0.1641657054424286 368
1585103300795 0.16717052459716797 369
1585103334004 0.16719186305999756 370
1585103367561 0.15709348022937775 371
1585103400631 0.17428520321846008 372
1585103433995 0.1575075089931488 373
1585103467734 0.1635047197341919 374
1585103501034 0.16004420816898346 375
1585103534434 0.1681276261806488 376
1585103567973 0.16750577092170715 377
1585103601147 0.16865575313568115 378
1585103634242 0.16591325402259827 379
1585103667304 0.16308721899986267 380
1585103701011 0.1693863868713379 381
1585103734011 0.1578763723373413 382
1585103767030 0.16045710444450378 383
1585103801342 0.15801259875297546 384
1585103834384 0.16672267019748688 385
1585103867732 0.16055449843406677 386
1585103901019 0.16041827201843262 387
1585103934202 0.15686321258544922 388
1585103967795 0.1633649468421936 389
1585104001037 0.15897053480148315 390
1585104034100 0.16573718190193176 391
1585104067132 0.1653967797756195 392
1585104100637 0.15748822689056396 393
1585104133966 0.162871852517128 394
1585104171595 0.15306849777698517 395
1585104205108 0.15507179498672485 396
1585104238579 0.1612074077129364 397
1585104271702 0.17047974467277527 398
1585104304944 0.16240480542182922 399
1585104338142 0.16246750950813293 400
1585104371302 0.16093991696834564 401
1585104404504 0.16176801919937134 402
1585104437436 0.16052572429180145 403
1585104470424 0.15430346131324768 404
1585104503616 0.16065475344657898 405
1585104537052 0.158160001039505 406
1585104570571 0.16237685084342957 407
1585104603639 0.17394159734249115 408
1585104636816 0.15869346261024475 409
1585104669947 0.15387091040611267 410
1585104703339 0.15719187259674072 411
1585104736600 0.1581452488899231 412
1585104769621 0.16720733046531677 413
1585104802531 0.1518288552761078 414
1585104835957 0.16532260179519653 415
1585104868868 0.161758691072464 416
1585104902275 0.1653716266155243 417
1585104935247 0.16092431545257568 418
1585104968072 0.1619109809398651 419
1585105001381 0.16724511981010437 420
1585105034708 0.15869274735450745 421
1585105067868 0.15746375918388367 422
1585105101153 0.15205731987953186 423
1585105134537 0.15889018774032593 424
1585105167745 0.1611860692501068 425
1585105201051 0.15962274372577667 426
1585105234194 0.17107367515563965 427
1585105267462 0.15980447828769684 428
1585105302635 0.1642545461654663 429
1585105335747 0.16037645936012268 430
1585105368919 0.1672249287366867 431
1585105403174 0.17116793990135193 432
1585105436249 0.16643580794334412 433
1585105471527 0.1692313700914383 434
1585105504932 0.1622832715511322 435
1585105538490 0.16794459521770477 436
1585105571749 0.17213203012943268 437
1585105605086 0.16969291865825653 438
1585105638239 0.17106890678405762 439
1585105671482 0.16823145747184753 440
1585105704716 0.1806136965751648 441
1585105737924 0.17553699016571045 442
1585105771059 0.1773211658000946 443
1585105804091 0.17830942571163177 444
1585105839370 0.1765255481004715 445
1585105872858 0.18940740823745728 446
1585105906039 0.18757328391075134 447
1585105939062 0.19070298969745636 448
1585105972505 0.18820388615131378 449
1585106005439 0.1934725046157837 450
1585106038562 0.18596357107162476 451
1585106072004 0.18274599313735962 452
1585106105626 0.17842981219291687 453
1585106138710 0.1895567774772644 454
1585106172088 0.17800474166870117 455
1585106205274 0.18179774284362793 456
1585106238205 0.1852165311574936 457
1585106271473 0.17931172251701355 458
1585106304519 0.19011902809143066 459
1585106337586 0.19803708791732788 460
1585106370623 0.1752125769853592 461
1585106404090 0.18589752912521362 462
1585106437661 0.1828036904335022 463
1585106470774 0.17415477335453033 464
1585106503640 0.1836482435464859 465
1585106536780 0.1841180920600891 466
1585106570014 0.17623211443424225 467
1585106602914 0.1765396147966385 468
1585106636344 0.1854202151298523 469
1585106669284 0.18201279640197754 470
1585106702362 0.17462103068828583 471
1585106735334 0.1723448932170868 472
1585106768350 0.18121758103370667 473
1585106801654 0.18076825141906738 474
1585106834383 0.18055389821529388 475
1585106867689 0.17373552918434143 476
1585106901246 0.17869925498962402 477
1585106934633 0.17843464016914368 478
1585106967851 0.18100205063819885 479
1585107002052 0.18198776245117188 480
1585107036203 0.1840941607952118 481
1585107069176 0.1883174628019333 482
1585107102440 0.1860629767179489 483
1585107135646 0.18872994184494019 484
1585107169762 0.17998933792114258 485
1585107202936 0.1752186268568039 486
1585107236235 0.18095645308494568 487
1585107269365 0.1753353476524353 488
1585107302730 0.17583172023296356 489
1585107336121 0.1760464310646057 490
1585107369619 0.17340554296970367 491
1585107403066 0.17459553480148315 492
1585107436147 0.1786448061466217 493
1585107469273 0.17243939638137817 494
1585107502269 0.18299704790115356 495
1585107535670 0.17344938218593597 496
1585107568689 0.1739273965358734 497
1585107601818 0.1753465235233307 498
1585107634835 0.18346452713012695 499
1585107668478 0.1726599633693695 500
1585107701628 0.1762641966342926 501
1585107735167 0.1826254278421402 502
1585107768301 0.18420973420143127 503
1585107801310 0.17647653818130493 504
1585107835893 0.17840218544006348 505
1585107869135 0.17602524161338806 506
1585107903404 0.17564722895622253 507
1585107936349 0.18080031871795654 508
1585107969664 0.17963403463363647 509
1585108002622 0.17984403669834137 510
1585108035970 0.17912212014198303 511
1585108070710 0.1826145052909851 512
1585108104104 0.18197417259216309 513
1585108137590 0.17866724729537964 514
1585108170968 0.18592096865177155 515
1585108204015 0.18584980070590973 516
1585108237273 0.18543550372123718 517
1585108270348 0.18056650459766388 518
1585108304141 0.17831173539161682 519
1585108337179 0.1904745250940323 520
1585108370249 0.18180227279663086 521
1585108403343 0.1966225802898407 522
1585108436369 0.18163184821605682 523
1585108469936 0.18541613221168518 524
1585108502760 0.1839488446712494 525
1585108535753 0.1792268007993698 526
1585108568904 0.18141821026802063 527
1585108601827 0.1804528385400772 528
1585108634944 0.17860844731330872 529
1585108668233 0.18042828142642975 530
1585108701417 0.1846763789653778 531
1585108734938 0.18762531876564026 532
1585108768268 0.18347254395484924 533
1585108801606 0.19177016615867615 534
1585108834933 0.18053284287452698 535
1585108867898 0.18069985508918762 536
1585108901987 0.19597524404525757 537
1585108935220 0.18618187308311462 538
1585108968599 0.18711310625076294 539
1585109001596 0.17478466033935547 540
1585109035364 0.18811780214309692 541
1585109068613 0.18265247344970703 542
1585109101940 0.18399176001548767 543
1585109135233 0.18890416622161865 544
1585109168472 0.17755702137947083 545
1585109201770 0.17949122190475464 546
1585109234995 0.17885756492614746 547
1585109268416 0.17683064937591553 548
1585109301683 0.1829981803894043 549
1585109336254 0.1756141483783722 550
1585109369724 0.17267456650733948 551
1585109402846 0.17033258080482483 552
1585109435748 0.1770283281803131 553
1585109469299 0.17763081192970276 554
1585109502136 0.1784796267747879 555
1585109534986 0.1811869740486145 556
1585109568324 0.175565704703331 557
1585109601562 0.18164721131324768 558
1585109635016 0.17627522349357605 559
1585109668605 0.17991727590560913 560
1585109701811 0.1820075809955597 561
1585109734829 0.17797714471817017 562
1585109768308 0.17703546583652496 563
1585109801713 0.1799527108669281 564
1585109834824 0.1849231719970703 565
1585109868357 0.1788424253463745 566
1585109901541 0.19282041490077972 567
1585109934702 0.19253942370414734 568
1585109968206 0.19115717709064484 569
1585110001252 0.1883435845375061 570
1585110034128 0.1790769398212433 571
1585110068159 0.1849832534790039 572
1585110101212 0.182878315448761 573
1585110134778 0.1763182133436203 574
1585110167804 0.17986363172531128 575
1585110200853 0.1762813925743103 576
1585110233952 0.17316123843193054 577
1585110267085 0.17223897576332092 578
1585110300250 0.17827165126800537 579
1585110333328 0.18381112813949585 580
1585110366322 0.17681661248207092 581
1585110399261 0.18804259598255157 582
1585110432244 0.1809932142496109 583
1585110465277 0.18314316868782043 584
1585110498474 0.17822764813899994 585
1585110531528 0.18520614504814148 586
1585110564417 0.17528022825717926 587
1585110598295 0.17830537259578705 588
1585110631398 0.17578807473182678 589
1585110664834 0.17629891633987427 590
1585110697892 0.1800329089164734 591
1585110731009 0.182969868183136 592
1585110764381 0.18174973130226135 593
1585110797463 0.18474292755126953 594
1585110830577 0.18100035190582275 595
1585110864393 0.18751618266105652 596
1585110897735 0.1887829601764679 597
1585110931156 0.18730193376541138 598
1585110964148 0.17993254959583282 599
1585110997055 0.17793655395507812 600
1585111030398 0.18262527883052826 601
1585111063325 0.1750200241804123 602
1585111096422 0.179157555103302 603
1585111131311 0.18347546458244324 604
1585111164441 0.17622268199920654 605
1585111197406 0.18320219218730927 606
1585111230592 0.17725861072540283 607
1585111263781 0.18070299923419952 608
1585111297016 0.18088224530220032 609
1585111331467 0.17961721122264862 610
1585111364654 0.18089324235916138 611
1585111397966 0.17486491799354553 612
1585111430842 0.18133613467216492 613
1585111463891 0.184147447347641 614
1585111498652 0.17509245872497559 615
1585111531903 0.18007302284240723 616
1585111565002 0.18805617094039917 617
1585111598830 0.1817651391029358 618
1585111632082 0.18790096044540405 619
1585111665335 0.17923951148986816 620
1585111698653 0.1793389618396759 621
1585111732363 0.17861878871917725 622
1585111765677 0.18684998154640198 623
1585111799046 0.17733360826969147 624
1585111832361 0.17652881145477295 625
1585111866076 0.18396416306495667 626
1585111899967 0.18243521451950073 627
1585111933746 0.1882205456495285 628
1585111967183 0.18371857702732086 629
1585112001068 0.17949873208999634 630
1585112035293 0.18313604593276978 631
1585112068593 0.18388357758522034 632
1585112102723 0.18043404817581177 633
1585112136927 0.18037036061286926 634
1585112170304 0.17864160239696503 635
1585112203525 0.1836608201265335 636
1585112236977 0.1819348931312561 637
1585112270538 0.18158619105815887 638
1585112305501 0.17898660898208618 639
1585112339203 0.17993199825286865 640
1585112372684 0.18298587203025818 641
1585112406006 0.1795935332775116 642
1585112440038 0.17643797397613525 643
1585112474276 0.18557806313037872 644
1585112507748 0.18673175573349 645
1585112542572 0.18433107435703278 646
1585112575946 0.18507596850395203 647
1585112609550 0.18129613995552063 648
1585112643596 0.17920991778373718 649
1585112677008 0.18162138760089874 650
1585112710225 0.18049703538417816 651
1585112743526 0.177216574549675 652
1585112777575 0.18153414130210876 653
1585112811147 0.18255358934402466 654
1585112844497 0.19195084273815155 655
1585112878071 0.1827746331691742 656
1585112912080 0.18063047528266907 657
1585112945775 0.1798228919506073 658
1585112979669 0.18701691925525665 659
1585113013276 0.19912195205688477 660
1585113046495 0.1884421706199646 661
1585113079869 0.1802676022052765 662
1585113113206 0.1841375082731247 663
1585113147274 0.18612456321716309 664
1585113180606 0.18255648016929626 665
1585113215135 0.1823551207780838 666
1585113248478 0.18533112108707428 667
1585113281802 0.1803375631570816 668
1585113315077 0.18670140206813812 669
1585113348739 0.1766526699066162 670
1585113382270 0.17670048773288727 671
1585113415957 0.1791517436504364 672
1585113449296 0.17573758959770203 673
1585113482876 0.17941275238990784 674
1585113516509 0.1800936758518219 675
1585113549960 0.1766178011894226 676
1585113583287 0.17985489964485168 677
1585113616953 0.1759362816810608 678
1585113650534 0.17719998955726624 679
1585113684245 0.18597900867462158 680
1585113718990 0.18555423617362976 681
1585113752399 0.1809011995792389 682
1585113785715 0.17865973711013794 683
1585113819006 0.17870047688484192 684
1585113852512 0.18121641874313354 685
1585113885920 0.18135584890842438 686
1585113919547 0.18111568689346313 687
1585113953024 0.17911165952682495 688
1585113987900 0.17876335978507996 689
1585114021258 0.1786784529685974 690
1585114054898 0.18406078219413757 691
1585114088322 0.17995430529117584 692
1585114121625 0.18925675749778748 693
1585114154990 0.19433099031448364 694
1585114188339 0.1859939992427826 695
1585114221842 0.1871311366558075 696
1585114255339 0.1841372847557068 697
1585114288454 0.18458621203899384 698
1585114322200 0.1886526644229889 699
1585114355527 0.17998667061328888 700
1585114388983 0.1815773844718933 701
1585114422198 0.18158991634845734 702
1585114455965 0.1845804899930954 703
1585114489397 0.18579766154289246 704
1585114523457 0.18339908123016357 705
1585114556909 0.19341117143630981 706
1585114590570 0.19675591588020325 707
1585114624126 0.1740393042564392 708
1585114658488 0.18045921623706818 709
1585114692275 0.1884692907333374 710
1585114725676 0.19129382073879242 711
1585114759986 0.17718735337257385 712
1585114793475 0.18610966205596924 713
1585114827768 0.17557790875434875 714
1585114861620 0.1748371124267578 715
1585114895023 0.1806248426437378 716
1585114928665 0.1739303171634674 717
1585114962297 0.17380212247371674 718
1585114996215 0.18476441502571106 719
1585115029616 0.1729518622159958 720
1585115063987 0.17643103003501892 721
1585115097549 0.1752328723669052 722
1585115131685 0.17627409100532532 723
1585115166435 0.17190691828727722 724
1585115199589 0.18887637555599213 725
1585115233524 0.17729544639587402 726
1585115267919 0.17956963181495667 727
1585115301360 0.18288177251815796 728
1585115334731 0.17841249704360962 729
1585115369142 0.17695526778697968 730
1585115402757 0.18304955959320068 731
1585115436136 0.18689383566379547 732
1585115470583 0.18546339869499207 733
1585115504607 0.18049848079681396 734
1585115538540 0.1784130483865738 735
1585115572172 0.18692344427108765 736
1585115605772 0.17680028080940247 737
1585115639291 0.1839827299118042 738
1585115672879 0.18538257479667664 739
1585115706316 0.18155089020729065 740
1585115739597 0.18393097817897797 741
1585115773044 0.18186065554618835 742
1585115807326 0.1793680191040039 743
1585115840952 0.18367061018943787 744
1585115874296 0.17629556357860565 745
1585115907520 0.1821291148662567 746
1585115940707 0.18964838981628418 747
1585115974471 0.17693659663200378 748
1585116007903 0.18152514100074768 749
1585116041499 0.18189582228660583 750
1585116074803 0.18444430828094482 751
1585116108360 0.18111568689346313 752
1585116142006 0.18458126485347748 753
1585116175337 0.18110045790672302 754
1585116209184 0.18223491311073303 755
1585116242979 0.18418437242507935 756
1585116277513 0.17851854860782623 757
1585116311263 0.18196642398834229 758
1585116345614 0.18471011519432068 759
1585116379288 0.17820404469966888 760
1585116412594 0.1835584044456482 761
1585116446148 0.17196600139141083 762
1585116479894 0.17562490701675415 763
1585116514257 0.17978698015213013 764
1585116548208 0.18018223345279694 765
1585116581728 0.1820632815361023 766
1585116615292 0.17516560852527618 767
1585116648797 0.1786017119884491 768
1585116683085 0.17449265718460083 769
1585116717508 0.17889538407325745 770
1585116751647 0.17567893862724304 771
1585116785414 0.18053948879241943 772
1585116819252 0.19070573151111603 773
1585116852715 0.18359068036079407 774
1585116886289 0.18606069684028625 775
1585116919962 0.185414120554924 776
1585116953511 0.1819247603416443 777
1585116987241 0.17679063975811005 778
1585117021955 0.18023604154586792 779
1585117055317 0.18762123584747314 780
1585117088845 0.17638328671455383 781
1585117122076 0.18256676197052002 782
1585117155863 0.17863330245018005 783
1585117189208 0.18941737711429596 784
1585117222825 0.17775700986385345 785
1585117256396 0.17261424660682678 786
1585117289615 0.17570187151432037 787
1585117323315 0.18194429576396942 788
1585117357263 0.17983394861221313 789
1585117391060 0.17597335577011108 790
1585117424546 0.18362489342689514 791
1585117459236 0.18444430828094482 792
1585117494745 0.178020179271698 793
1585117527915 0.17745959758758545 794
1585117562116 0.18035632371902466 795
1585117595660 0.18405836820602417 796
1585117628842 0.18305690586566925 797
1585117662537 0.1877533346414566 798
1585117695807 0.17761841416358948 799
1585117729366 0.17857497930526733 800
1585117762965 0.18013525009155273 801
1585117796827 0.19138285517692566 802
1585117830157 0.18174442648887634 803
1585117863612 0.1773303598165512 804
1585117897081 0.1810484528541565 805
1585117931347 0.17987021803855896 806
1585117964748 0.18251079320907593 807
1585117998348 0.17983445525169373 808
1585118032307 0.17807085812091827 809
1585118066038 0.1845036894083023 810
1585118100407 0.17951571941375732 811
1585118133546 0.18009576201438904 812
1585118167998 0.17992091178894043 813
1585118201402 0.1805499643087387 814
1585118234942 0.18387341499328613 815
1585118268469 0.1852455884218216 816
1585118302027 0.18386489152908325 817
1585118335617 0.18376392126083374 818
1585118369165 0.18446379899978638 819
1585118402448 0.17763130366802216 820
1585118436476 0.18245702981948853 821
1585118470012 0.18039119243621826 822
1585118503551 0.18706727027893066 823
1585118537670 0.18612971901893616 824
1585118571055 0.1840185523033142 825
1585118605791 0.17692893743515015 826
1585118640097 0.18328158557415009 827
1585118673566 0.18335947394371033 828
1585118707259 0.18744871020317078 829
1585118740653 0.1828913688659668 830
1585118774217 0.18244045972824097 831
1585118808383 0.17947471141815186 832
1585118841922 0.18058064579963684 833
1585118875370 0.18903757631778717 834
1585118908872 0.18101736903190613 835
1585118942247 0.1824590265750885 836
1585118975705 0.17718406021595 837
1585119009865 0.1848653256893158 838
1585119043339 0.18773271143436432 839
1585119076884 0.18136560916900635 840
1585119110291 0.1844346821308136 841
1585119144051 0.18528568744659424 842
1585119178218 0.1806207299232483 843
1585119211688 0.18266019225120544 844
1585119245089 0.18816527724266052 845
1585119278367 0.1759795844554901 846
1585119312268 0.17678284645080566 847
1585119345586 0.1805925965309143 848
1585119378817 0.18016317486763 849
1585119412226 0.17852050065994263 850
1585119445723 0.17325910925865173 851
1585119479171 0.17936375737190247 852
1585119512793 0.17772236466407776 853
1585119546362 0.17816492915153503 854
1585119580204 0.17569054663181305 855
1585119613989 0.1794690489768982 856
1585119647600 0.17527174949645996 857
1585119682117 0.18320855498313904 858
1585119716411 0.17517101764678955 859
1585119749782 0.1811472475528717 860
1585119784174 0.1805039495229721 861
1585119817707 0.17829084396362305 862
1585119851101 0.1729503720998764 863
1585119884553 0.18842335045337677 864
1585119918049 0.18646225333213806 865
1585119951773 0.19454854726791382 866
1585119985774 0.18341761827468872 867
1585120019469 0.18111197650432587 868
1585120052985 0.18452860414981842 869
1585120087168 0.18156951665878296 870
1585120121271 0.17493726313114166 871
1585120154528 0.18095582723617554 872
1585120187884 0.18022434413433075 873
1585120221312 0.1737060546875 874
1585120254787 0.1875504106283188 875
1585120288088 0.17397379875183105 876
1585120321794 0.1829013228416443 877
1585120355554 0.1772865355014801 878
1585120389853 0.17839418351650238 879
1585120423225 0.1786215454339981 880
1585120457766 0.1791105568408966 881
1585120492481 0.18124261498451233 882
1585120526335 0.1751168668270111 883
1585120559679 0.17412394285202026 884
1585120593172 0.17783448100090027 885
1585120627318 0.1766178011894226 886
1585120661171 0.1782745122909546 887
1585120695996 0.18434248864650726 888
1585120729745 0.183000385761261 889
1585120764053 0.1837339699268341 890
1585120797406 0.18054711818695068 891
1585120831102 0.17971859872341156 892
1585120864472 0.18737342953681946 893
1585120897894 0.19246163964271545 894
1585120931358 0.18935427069664001 895
1585120964473 0.18826335668563843 896
1585120999113 0.18214356899261475 897
1585121032724 0.1800922155380249 898
1585121066022 0.18178799748420715 899
1585121099260 0.1743674874305725 900
1585121132677 0.1804802119731903 901
1585121166230 0.1762426197528839 902
1585121203231 0.18301819264888763 903
1585121236493 0.1777515411376953 904
1585121269748 0.17970570921897888 905
1585121303330 0.18096709251403809 906
1585121336449 0.17649897933006287 907
1585121370146 0.1888093203306198 908
1585121403827 0.17830494046211243 909
1585121437531 0.1756615936756134 910
1585121470781 0.17790700495243073 911
1585121504351 0.17191849648952484 912
1585121540940 0.18231260776519775 913
1585121574470 0.183217391371727 914
1585121608351 0.1775323748588562 915
1585121641815 0.17496183514595032 916
1585121675550 0.18253478407859802 917
1585121709227 0.1757679283618927 918
1585121742632 0.17646700143814087 919
1585121776087 0.17784878611564636 920
1585121809470 0.18135473132133484 921
1585121843185 0.18100500106811523 922
1585121877344 0.1797233372926712 923
1585121911281 0.18377065658569336 924
1585121944606 0.1785457879304886 925
1585121978723 0.18245616555213928 926
1585122012862 0.18042287230491638 927
1585122046415 0.18068644404411316 928
1585122080512 0.17997385561466217 929
1585122114479 0.18184421956539154 930
1585122147890 0.18436318635940552 931
1585122181957 0.17638111114501953 932
1585122216253 0.179329514503479 933
1585122249481 0.18162444233894348 934
1585122283905 0.185133159160614 935
1585122317541 0.18004535138607025 936
1585122350798 0.1746818721294403 937
1585122384540 0.1741320788860321 938
1585122418535 0.18486982583999634 939
1585122452288 0.17913244664669037 940
1585122486200 0.1688719540834427 941
1585122519333 0.17491286993026733 942
1585122553207 0.18218758702278137 943
1585122587274 0.17673948407173157 944
1585122620884 0.18161536753177643 945
1585122654184 0.179587259888649 946
1585122687829 0.17842406034469604 947
1585122721292 0.17823347449302673 948
1585122755105 0.17439180612564087 949
1585122788396 0.18905110657215118 950
1585122822819 0.1771165430545807 951
1585122857532 0.17763322591781616 952
1585122892067 0.17287684977054596 953
1585122925527 0.17754724621772766 954
1585122959274 0.17959490418434143 955
1585122994506 0.18374201655387878 956
1585123027824 0.17921069264411926 957
1585123061566 0.19213426113128662 958
1585123094980 0.17596913874149323 959
1585123129440 0.18043950200080872 960
1585123163782 0.18125510215759277 961
1585123197485 0.18114832043647766 962
1585123232050 0.17808683216571808 963
1585123266804 0.17779144644737244 964
1585123300618 0.18768183887004852 965
1585123333917 0.18518921732902527 966
1585123367709 0.176734060049057 967
1585123401277 0.18278580904006958 968
1585123435114 0.17942576110363007 969
1585123468416 0.18846742808818817 970
1585123502107 0.17666852474212646 971
1585123535672 0.1755983829498291 972
1585123569064 0.17646293342113495 973
1585123602397 0.17701223492622375 974
1585123636554 0.17948254942893982 975
1585123670410 0.17690187692642212 976
1585123704378 0.17674478888511658 977
1585123738504 0.17504799365997314 978
1585123772097 0.17354229092597961 979
1585123805616 0.17847326397895813 980
1585123839047 0.17948190867900848 981
1585123873273 0.17877991497516632 982
1585123906532 0.17724061012268066 983
1585123939848 0.17528899013996124 984
1585123973302 0.17247545719146729 985
1585124006675 0.1805954873561859 986
1585124040887 0.17786815762519836 987
1585124074126 0.18394646048545837 988
1585124107539 0.18928515911102295 989
1585124141838 0.19035424292087555 990
1585124175164 0.1859915554523468 991
1585124208588 0.17750278115272522 992
1585124243356 0.18359485268592834 993
1585124277869 0.1765027642250061 994
1585124311377 0.1866106390953064 995
1585124345162 0.1806716024875641 996
1585124378923 0.181002676486969 997
1585124412479 0.17729026079177856 998
1585124445823 0.18701040744781494 999
1585124478912 0.17519091069698334 1000
