1585091011746 0.30811119079589844 0
1585091044893 0.4412682056427002 1
1585091077962 0.6085289120674133 2
1585091111213 0.6736812591552734 3
1585091144986 0.67976313829422 4
1585091178262 0.6757315397262573 5
1585091212175 0.67746502161026 6
1585091245286 0.6831059455871582 7
1585091278504 0.6787254810333252 8
1585091312071 0.6789222955703735 9
1585091345219 0.6816486120223999 10
1585091378481 0.6809662580490112 11
1585091411815 0.6994398236274719 12
1585091444943 0.7092470526695251 13
1585091478176 0.7379134893417358 14
1585091511012 0.7605730295181274 15
1585091543591 0.7650623321533203 16
1585091576570 0.7844583988189697 17
1585091609301 0.7866083383560181 18
1585091642592 0.7940850257873535 19
1585091675548 0.7961211204528809 20
1585091708409 0.7872596979141235 21
1585091740893 0.772408664226532 22
1585091774241 0.7963371276855469 23
1585091807416 0.7827470898628235 24
1585091840371 0.790359616279602 25
1585091873935 0.7889187335968018 26
1585091907089 0.7940324544906616 27
1585091940248 0.7914628982543945 28
1585091973154 0.8084324598312378 29
1585092006219 0.8131023645401001 30
1585092039333 0.8211577534675598 31
1585092072433 0.825107753276825 32
1585092105465 0.8450677394866943 33
1585092138826 0.8438634276390076 34
1585092172144 0.8415824770927429 35
1585092205339 0.8463871479034424 36
1585092238240 0.8490391373634338 37
1585092271482 0.8589433431625366 38
1585092304529 0.8526802659034729 39
1585092337764 0.8553034067153931 40
1585092370796 0.8576799631118774 41
1585092404097 0.8593195080757141 42
1585092437348 0.8552079796791077 43
1585092470519 0.86656653881073 44
1585092503628 0.8575739860534668 45
1585092539745 0.8588882684707642 46
1585092573162 0.8589578866958618 47
1585092606305 0.8600767850875854 48
1585092639722 0.8608866930007935 49
1585092672979 0.8540968298912048 50
1585092706279 0.8713164329528809 51
1585092739515 0.8600808382034302 52
1585092772547 0.8665693998336792 53
1585092806117 0.8674512505531311 54
1585092839497 0.8590273857116699 55
1585092872848 0.8598056435585022 56
1585092905846 0.8715367317199707 57
1585092939016 0.8659744262695312 58
1585092972365 0.8706600666046143 59
1585093005599 0.8745962381362915 60
1585093038668 0.869818925857544 61
1585093071736 0.8636239767074585 62
1585093105083 0.8636828064918518 63
1585093138596 0.8762916326522827 64
1585093171881 0.8733984231948853 65
1585093204911 0.8717871308326721 66
1585093238163 0.8727185726165771 67
1585093271574 0.8747192621231079 68
1585093305221 0.8739109039306641 69
1585093338380 0.8732739686965942 70
1585093371753 0.871780276298523 71
1585093406251 0.8709430694580078 72
1585093439272 0.8785243034362793 73
1585093472402 0.8720017671585083 74
1585093505364 0.8757175207138062 75
1585093538505 0.8747951984405518 76
1585093571756 0.8739475011825562 77
1585093605036 0.8760780096054077 78
1585093638020 0.8740798234939575 79
1585093671153 0.882301926612854 80
1585093704178 0.8788752555847168 81
1585093737063 0.8728271722793579 82
1585093770831 0.8691997528076172 83
1585093804273 0.8774497509002686 84
1585093837511 0.8816335201263428 85
1585093871237 0.8802984952926636 86
1585093904526 0.8868025541305542 87
1585093937996 0.8811095952987671 88
1585093971440 0.879791259765625 89
1585094004614 0.8850953578948975 90
1585094037833 0.8812471628189087 91
1585094070876 0.8805264234542847 92
1585094104023 0.889244794845581 93
1585094137244 0.8833973407745361 94
1585094170631 0.8879018425941467 95
1585094203862 0.8792908191680908 96
1585094237192 0.8948413133621216 97
1585094270474 0.8900493383407593 98
1585094304280 0.8889017701148987 99
1585094338796 0.8884668350219727 100
1585094371912 0.8894927501678467 101
1585094405072 0.8893826007843018 102
1585094438452 0.8927500247955322 103
1585094471450 0.8923006057739258 104
1585094505429 0.8944244384765625 105
1585094538531 0.8909247517585754 106
1585094571684 0.890538215637207 107
1585094604952 0.8964959383010864 108
1585094638469 0.892789363861084 109
1585094671805 0.8893852233886719 110
1585094705167 0.8965811133384705 111
1585094738259 0.8947899341583252 112
1585094771228 0.8883723020553589 113
1585094804532 0.8954516649246216 114
1585094837798 0.8990510702133179 115
1585094871171 0.8945188522338867 116
1585094904456 0.8957754373550415 117
1585094937785 0.8860359787940979 118
1585094971135 0.8941609859466553 119
1585095004741 0.8998005390167236 120
1585095038011 0.9021211862564087 121
1585095071445 0.8915654420852661 122
1585095104698 0.8997324705123901 123
1585095137680 0.8993024826049805 124
1585095170930 0.8956640362739563 125
1585095204300 0.8995909690856934 126
1585095237245 0.9010362029075623 127
1585095270311 0.8963714838027954 128
1585095303419 0.9051308631896973 129
1585095336751 0.8989385366439819 130
1585095370043 0.8977707624435425 131
1585095403423 0.9066492319107056 132
1585095436529 0.8895302414894104 133
1585095469533 0.8919022083282471 134
1585095502411 0.8993549346923828 135
1585095535577 0.8992567658424377 136
1585095568452 0.8968997001647949 137
1585095601600 0.8945804834365845 138
1585095634975 0.9048883318901062 139
1585095668851 0.9050496816635132 140
1585095702080 0.9039738178253174 141
1585095735127 0.9060075283050537 142
1585095768629 0.9049893617630005 143
1585095801640 0.908562421798706 144
1585095834461 0.9071183204650879 145
1585095867694 0.907300591468811 146
1585095901286 0.9029819369316101 147
1585095935354 0.907008171081543 148
1585095968294 0.8984439373016357 149
1585096001523 0.90317702293396 150
1585096034843 0.9108096361160278 151
1585096068550 0.9104636907577515 152
1585096101677 0.9123830795288086 153
1585096135103 0.9128955006599426 154
1585096168639 0.9012615084648132 155
1585096201536 0.9029295444488525 156
1585096234686 0.9108383655548096 157
1585096267952 0.9118131399154663 158
1585096301095 0.9065340757369995 159
1585096335439 0.9130213856697083 160
1585096368522 0.9125613570213318 161
1585096402115 0.9076908826828003 162
1585096435163 0.9121460318565369 163
1585096468305 0.9104229211807251 164
1585096501379 0.9129229784011841 165
1585096534330 0.9111946821212769 166
1585096567616 0.9193131327629089 167
1585096600831 0.9128574132919312 168
1585096634105 0.9077355861663818 169
1585096667501 0.9104412794113159 170
1585096700993 0.9119703769683838 171
1585096734170 0.9088886976242065 172
1585096767602 0.9078076481819153 173
1585096801082 0.9122861623764038 174
1585096834553 0.9137970209121704 175
1585096867810 0.9142870903015137 176
1585096900936 0.9120621681213379 177
1585096934318 0.9124692678451538 178
1585096967550 0.9090220928192139 179
1585097000701 0.9146604537963867 180
1585097034202 0.9131577014923096 181
1585097067464 0.9194494485855103 182
1585097100948 0.908511221408844 183
1585097134289 0.9166755676269531 184
1585097167515 0.9101097583770752 185
1585097200845 0.9121196269989014 186
1585097233933 0.9202290773391724 187
1585097267449 0.9166061282157898 188
1585097300570 0.9192279577255249 189
1585097333987 0.9146473407745361 190
1585097368010 0.9130605459213257 191
1585097402143 0.9090145230293274 192
1585097435590 0.9182167053222656 193
1585097468509 0.9256168603897095 194
1585097501963 0.9162197113037109 195
1585097535104 0.9162863492965698 196
1585097568456 0.912966251373291 197
1585097601602 0.9223242998123169 198
1585097634516 0.9163126945495605 199
1585097667848 0.9167987704277039 200
1585097700899 0.920830488204956 201
1585097733844 0.9136043787002563 202
1585097766868 0.9159955978393555 203
1585097800789 0.925419270992279 204
1585097834022 0.9145896434783936 205
1585097869198 0.9202592372894287 206
1585097902163 0.9147495031356812 207
1585097935536 0.9190903902053833 208
1585097968685 0.9200613498687744 209
1585098002216 0.911840558052063 210
1585098035606 0.9181613326072693 211
1585098068717 0.9167019724845886 212
1585098101778 0.9143474102020264 213
1585098134906 0.9110544919967651 214
1585098168134 0.9238795042037964 215
1585098201229 0.9210636615753174 216
1585098235018 0.916953444480896 217
1585098268297 0.9226754307746887 218
1585098301655 0.924128532409668 219
1585098335418 0.9142698645591736 220
1585098368486 0.9229269027709961 221
1585098401692 0.9228824377059937 222
1585098434839 0.9204282760620117 223
1585098468455 0.9200600385665894 224
1585098501441 0.9153745174407959 225
1585098534576 0.9298255443572998 226
1585098567754 0.9161487221717834 227
1585098601115 0.9187458753585815 228
1585098634399 0.9191899299621582 229
1585098667367 0.9152576923370361 230
1585098700577 0.9263938665390015 231
1585098733883 0.9150600433349609 232
1585098767108 0.9225050210952759 233
1585098800894 0.9197037816047668 234
1585098833945 0.9186056852340698 235
1585098867188 0.922845721244812 236
1585098901014 0.9236317873001099 237
1585098934631 0.9210229516029358 238
1585098967860 0.9254558086395264 239
1585099001016 0.9188427925109863 240
1585099034164 0.9244797229766846 241
1585099067346 0.9230318069458008 242
1585099100423 0.9251347780227661 243
1585099133459 0.9235612750053406 244
1585099166499 0.9210243225097656 245
1585099199649 0.9257166385650635 246
1585099232650 0.9284523725509644 247
1585099265773 0.9282310605049133 248
1585099298839 0.9215787053108215 249
1585099331832 0.9284210205078125 250
1585099364769 0.9267988204956055 251
1585099398013 0.923827052116394 252
1585099431312 0.9218983054161072 253
1585099464429 0.9258686304092407 254
1585099497736 0.9243144989013672 255
1585099530631 0.9274775981903076 256
1585099564599 0.922439455986023 257
1585099597594 0.9174144864082336 258
1585099631076 0.9235062003135681 259
1585099664272 0.9213427305221558 260
1585099697550 0.927340030670166 261
1585099730965 0.9166218638420105 262
1585099764035 0.9265460968017578 263
1585099797095 0.9271199703216553 264
1585099830419 0.9247862696647644 265
1585099865177 0.9338665008544922 266
1585099899475 0.9232544898986816 267
1585099932399 0.9283161163330078 268
1585099965631 0.9279650449752808 269
1585099998875 0.9253561496734619 270
1585100032349 0.9302175045013428 271
1585100067470 0.9233303070068359 272
1585100100666 0.9327553510665894 273
1585100133791 0.9193854331970215 274
1585100166738 0.9270188808441162 275
1585100199934 0.9220227599143982 276
1585100233351 0.9228823184967041 277
1585100266827 0.9225233197212219 278
1585100299973 0.9247298240661621 279
1585100333843 0.9296315908432007 280
1585100367005 0.9278273582458496 281
1585100400535 0.9288283586502075 282
1585100434104 0.9307271242141724 283
1585100467360 0.9322549104690552 284
1585100500940 0.9283265471458435 285
1585100534599 0.9281759262084961 286
1585100569599 0.9299080967903137 287
1585100602671 0.9240090847015381 288
1585100636043 0.9286056756973267 289
1585100669157 0.9277553558349609 290
1585100702456 0.92500901222229 291
1585100735903 0.925369381904602 292
1585100769068 0.9240500330924988 293
1585100802734 0.9208317995071411 294
1585100835829 0.9310532212257385 295
1585100869597 0.9342818260192871 296
1585100902655 0.9387288689613342 297
1585100936003 0.931169867515564 298
1585100969747 0.9266374707221985 299
1585101003210 0.9239437580108643 300
1585101036301 0.9309391379356384 301
1585101070249 0.9278247952461243 302
1585101103566 0.931282639503479 303
1585101136894 0.9247128963470459 304
1585101170439 0.9330226182937622 305
1585101203636 0.9300482869148254 306
1585101236774 0.9302592873573303 307
1585101269897 0.9289909601211548 308
1585101303112 0.9209835529327393 309
1585101336369 0.9299237728118896 310
1585101369635 0.9288231134414673 311
1585101402490 0.9290667772293091 312
1585101436137 0.9308842420578003 313
1585101469409 0.9359497427940369 314
1585101502383 0.9306720495223999 315
1585101535764 0.9273569583892822 316
1585101568952 0.9354792833328247 317
1585101601992 0.9281339049339294 318
1585101634996 0.9267450571060181 319
1585101668527 0.9314805269241333 320
1585101701585 0.931593120098114 321
1585101734715 0.9319363832473755 322
1585101768042 0.9336174130439758 323
1585101801310 0.929187536239624 324
1585101834645 0.927565336227417 325
1585101867752 0.9346317052841187 326
1585101901344 0.9347796440124512 327
1585101935501 0.9315119385719299 328
1585101968559 0.9256942272186279 329
1585102001547 0.9334433078765869 330
1585102035372 0.9332296848297119 331
1585102068339 0.9347248673439026 332
1585102101225 0.9353090524673462 333
1585102134642 0.9348282217979431 334
1585102167768 0.9356876611709595 335
1585102200633 0.9271761178970337 336
1585102233701 0.9277185201644897 337
1585102266829 0.9282491207122803 338
1585102299643 0.9371447563171387 339
1585102332967 0.9327253103256226 340
1585102365877 0.9316009283065796 341
1585102399135 0.9358789920806885 342
1585102432579 0.9324488639831543 343
1585102465857 0.9343184232711792 344
1585102499241 0.9299854636192322 345
1585102532680 0.9232068061828613 346
1585102565763 0.938452422618866 347
1585102599134 0.9401558637619019 348
1585102632535 0.9337145090103149 349
1585102666084 0.9362562894821167 350
1585102699559 0.9417935609817505 351
1585102732933 0.9340787529945374 352
1585102765928 0.9345922470092773 353
1585102799017 0.9340249300003052 354
1585102833634 0.9362812638282776 355
1585102867142 0.928275465965271 356
1585102900108 0.9391836524009705 357
1585102933613 0.9361764192581177 358
1585102967012 0.9405999183654785 359
1585103000751 0.9419783353805542 360
1585103034107 0.9358711838722229 361
1585103068115 0.9374605417251587 362
1585103101248 0.9381051063537598 363
1585103134544 0.9369757175445557 364
1585103167619 0.9378260970115662 365
1585103200999 0.9312431812286377 366
1585103234199 0.9465721845626831 367
1585103267286 0.9363977909088135 368
1585103300795 0.935326099395752 369
1585103334004 0.9362406134605408 370
1585103367561 0.940446674823761 371
1585103400631 0.9326188564300537 372
1585103433995 0.9396684765815735 373
1585103467734 0.9383134841918945 374
1585103501034 0.9387813806533813 375
1585103534434 0.9403576850891113 376
1585103567973 0.9328141212463379 377
1585103601147 0.937759280204773 378
1585103634242 0.931733250617981 379
1585103667304 0.9366835355758667 380
1585103701011 0.9375326633453369 381
1585103734011 0.9432952404022217 382
1585103767030 0.9388676881790161 383
1585103801342 0.9393932819366455 384
1585103834384 0.935810923576355 385
1585103867732 0.9389515519142151 386
1585103901019 0.9356876611709595 387
1585103934202 0.9403798580169678 388
1585103967795 0.9387015104293823 389
1585104001037 0.9372678995132446 390
1585104034100 0.9388231039047241 391
1585104067132 0.9330227375030518 392
1585104100637 0.9361307621002197 393
1585104133966 0.9374644756317139 394
1585104171595 0.9435179233551025 395
1585104205108 0.944991946220398 396
1585104238579 0.9408947229385376 397
1585104271702 0.9348596334457397 398
1585104304944 0.9394810199737549 399
1585104338142 0.939743161201477 400
1585104371302 0.9387838840484619 401
1585104404504 0.9354122877120972 402
1585104437436 0.9381719827651978 403
1585104470424 0.9436438083648682 404
1585104503616 0.9339110851287842 405
1585104537052 0.9378274083137512 406
1585104570571 0.9417150020599365 407
1585104603639 0.937032163143158 408
1585104636816 0.9390223026275635 409
1585104669947 0.9447247982025146 410
1585104703339 0.9398937225341797 411
1585104736600 0.9414228200912476 412
1585104769621 0.9331495761871338 413
1585104802531 0.9419350624084473 414
1585104835957 0.9368709325790405 415
1585104868868 0.9365917444229126 416
1585104902275 0.9351451992988586 417
1585104935247 0.9417150020599365 418
1585104968072 0.9336868524551392 419
1585105001381 0.9372993111610413 420
1585105034708 0.9386844635009766 421
1585105067868 0.9377553462982178 422
1585105101153 0.940531849861145 423
1585105134537 0.9358686208724976 424
1585105167745 0.9325089454650879 425
1585105201051 0.9388283491134644 426
1585105234194 0.9295791983604431 427
1585105267462 0.9345071315765381 428
1585105302635 0.932734489440918 429
1585105335747 0.9388400912284851 430
1585105368919 0.9296079874038696 431
1585105403174 0.9300483465194702 432
1585105436249 0.9372848272323608 433
1585105471527 0.9365917444229126 434
1585105504932 0.9317374229431152 435
1585105538490 0.9316729307174683 436
1585105571749 0.9237431883811951 437
1585105605086 0.9288821220397949 438
1585105638239 0.9277880191802979 439
1585105671482 0.929186224937439 440
1585105704716 0.9245752096176147 441
1585105737924 0.9256483316421509 442
1585105771059 0.9217700958251953 443
1585105804091 0.9237957000732422 444
1585105839370 0.9225037097930908 445
1585105872858 0.9242304563522339 446
1585105906039 0.9139962196350098 447
1585105939062 0.9220528602600098 448
1585105972505 0.9179700016975403 449
1585106005439 0.9142056703567505 450
1585106038562 0.9163610339164734 451
1585106072004 0.9197129011154175 452
1585106105626 0.9144113063812256 453
1585106138710 0.9170531034469604 454
1585106172088 0.9212419390678406 455
1585106205274 0.917575478553772 456
1585106238205 0.9176321029663086 457
1585106271473 0.9246026873588562 458
1585106304519 0.9179556369781494 459
1585106337586 0.9166664481163025 460
1585106370623 0.9206182956695557 461
1585106404090 0.9175927639007568 462
1585106437661 0.919285774230957 463
1585106470774 0.9232295155525208 464
1585106503640 0.9202460050582886 465
1585106536780 0.9223964214324951 466
1585106570014 0.9243708848953247 467
1585106602914 0.9242948293685913 468
1585106636344 0.9187719821929932 469
1585106669284 0.9168969988822937 470
1585106702362 0.9259892106056213 471
1585106735334 0.924226701259613 472
1585106768350 0.9210231304168701 473
1585106801654 0.9240747690200806 474
1585106834383 0.9204503893852234 475
1585106867689 0.9234917163848877 476
1585106901246 0.9181219339370728 477
1585106934633 0.923635721206665 478
1585106967851 0.9197716116905212 479
1585107002052 0.9195516109466553 480
1585107036203 0.9173580408096313 481
1585107069176 0.9185649156570435 482
1585107102440 0.9184390902519226 483
1585107135646 0.9183418154716492 484
1585107169762 0.9195477962493896 485
1585107202936 0.9222731590270996 486
1585107236235 0.9220361113548279 487
1585107269365 0.9240093231201172 488
1585107302730 0.9216886162757874 489
1585107336121 0.9205081462860107 490
1585107369619 0.9238677620887756 491
1585107403066 0.925046980381012 492
1585107436147 0.9225731492042542 493
1585107469273 0.9281156063079834 494
1585107502269 0.9171487092971802 495
1585107535670 0.9272586107254028 496
1585107568689 0.9257164001464844 497
1585107601818 0.9235112071037292 498
1585107634835 0.9185662865638733 499
1585107668478 0.9295032024383545 500
1585107701628 0.926933765411377 501
1585107735167 0.920204222202301 502
1585107768301 0.9215774536132812 503
1585107801310 0.9200208783149719 504
1585107835893 0.9214725494384766 505
1585107869135 0.9279623031616211 506
1585107903404 0.9230344295501709 507
1585107936349 0.9227160215377808 508
1585107969664 0.9198018312454224 509
1585108002622 0.9211606979370117 510
1585108035970 0.9191337823867798 511
1585108070710 0.9161226153373718 512
1585108104104 0.9192043542861938 513
1585108137590 0.9185622930526733 514
1585108170968 0.9221421480178833 515
1585108204015 0.9177182912826538 516
1585108237273 0.9205371141433716 517
1585108270348 0.9178547859191895 518
1585108304141 0.9210467338562012 519
1585108337179 0.923244059085846 520
1585108370249 0.9236907958984375 521
1585108403343 0.9156639575958252 522
1585108436369 0.9196721315383911 523
1585108469936 0.922632098197937 524
1585108502760 0.9159247279167175 525
1585108535753 0.9244784116744995 526
1585108568904 0.9163964986801147 527
1585108601827 0.9231038093566895 528
1585108634944 0.9191585779190063 529
1585108668233 0.9207583665847778 530
1585108701417 0.9218969345092773 531
1585108734938 0.9175353050231934 532
1585108768268 0.9181026220321655 533
1585108801606 0.916189432144165 534
1585108834933 0.9224919676780701 535
1585108867898 0.9202436208724976 536
1585108901987 0.9187918305397034 537
1585108935220 0.9116073846817017 538
1585108968599 0.9182072877883911 539
1585109001596 0.9245582818984985 540
1585109035364 0.9168776273727417 541
1585109068613 0.9186855554580688 542
1585109101940 0.9196392893791199 543
1585109135233 0.9178755283355713 544
1585109168472 0.919106125831604 545
1585109201770 0.9199250936508179 546
1585109234995 0.9198412895202637 547
1585109268416 0.9203692078590393 548
1585109301683 0.9210913181304932 549
1585109336254 0.92637038230896 550
1585109369724 0.9259079694747925 551
1585109402846 0.927739679813385 552
1585109435748 0.923409104347229 553
1585109469299 0.9218027591705322 554
1585109502136 0.9244663715362549 555
1585109534986 0.9215116500854492 556
1585109568324 0.9230631589889526 557
1585109601562 0.9172180891036987 558
1585109635016 0.9244914054870605 559
1585109668605 0.921891987323761 560
1585109701811 0.9200770258903503 561
1585109734829 0.9200337529182434 562
1585109768308 0.9241585731506348 563
1585109801713 0.9232858419418335 564
1585109834824 0.9206902980804443 565
1585109868357 0.9179269075393677 566
1585109901541 0.9207741022109985 567
1585109934702 0.9201776385307312 568
1585109968206 0.9151215553283691 569
1585110001252 0.9141638278961182 570
1585110034128 0.9266862869262695 571
1585110068159 0.9157701730728149 572
1585110101212 0.9176751375198364 573
1585110134778 0.9220070838928223 574
1585110167804 0.9231221675872803 575
1585110200853 0.9208396673202515 576
1585110233952 0.9257296323776245 577
1585110267085 0.9232427477836609 578
1585110300250 0.9211593866348267 579
1585110333328 0.919868528842926 580
1585110366322 0.9244914650917053 581
1585110399261 0.9198462963104248 582
1585110432244 0.9197574853897095 583
1585110465277 0.9241178631782532 584
1585110498474 0.9187012314796448 585
1585110531528 0.9208986759185791 586
1585110564417 0.9202042818069458 587
1585110598295 0.9203091263771057 588
1585110631398 0.9251177310943604 589
1585110664834 0.9236359596252441 590
1585110697892 0.9246330261230469 591
1585110731009 0.9167855381965637 592
1585110764381 0.9151214361190796 593
1585110797463 0.9223872423171997 594
1585110830577 0.9208540320396423 595
1585110864393 0.9202854633331299 596
1585110897735 0.9176360368728638 597
1585110931156 0.9212468862533569 598
1585110964148 0.9208396673202515 599
1585110997055 0.9214372038841248 600
1585111030398 0.9173029661178589 601
1585111063325 0.9262982606887817 602
1585111096422 0.9173793792724609 603
1585111131311 0.9188270568847656 604
1585111164441 0.9247875213623047 605
1585111197406 0.9178832769393921 606
1585111230592 0.9233134984970093 607
1585111263781 0.9200233221054077 608
1585111297016 0.9225075244903564 609
1585111331467 0.9236711859703064 610
1585111364654 0.9199656248092651 611
1585111397966 0.9273256063461304 612
1585111430842 0.9227436184883118 613
1585111463891 0.9181874394416809 614
1585111498652 0.922406792640686 615
1585111531903 0.9235782623291016 616
1585111565002 0.9140431880950928 617
1585111598830 0.9204386472702026 618
1585111632082 0.9151517748832703 619
1585111665335 0.9208659529685974 620
1585111698653 0.9223425984382629 621
1585111732363 0.9197154641151428 622
1585111765677 0.9162169098854065 623
1585111799046 0.9226347804069519 624
1585111832361 0.9227423071861267 625
1585111866076 0.9237735271453857 626
1585111899967 0.9258946776390076 627
1585111933746 0.9233816862106323 628
1585111967183 0.9196499586105347 629
1585112001068 0.9232544898986816 630
1585112035293 0.9178444147109985 631
1585112068593 0.9216351509094238 632
1585112102723 0.9205211400985718 633
1585112136927 0.91766357421875 634
1585112170304 0.9226347208023071 635
1585112203525 0.9192293286323547 636
1585112236977 0.9203548431396484 637
1585112270538 0.9217606782913208 638
1585112305501 0.9241272211074829 639
1585112339203 0.9212155938148499 640
1585112372684 0.9204623699188232 641
1585112406006 0.9192149639129639 642
1585112440038 0.9222689867019653 643
1585112474276 0.9167319536209106 644
1585112507748 0.9159574508666992 645
1585112542572 0.9211593866348267 646
1585112575946 0.9189122319221497 647
1585112609550 0.9213153123855591 648
1585112643596 0.9220070838928223 649
1585112677008 0.9203143119812012 650
1585112710225 0.9235061407089233 651
1585112743526 0.9229649901390076 652
1585112777575 0.920491099357605 653
1585112811147 0.9224749207496643 654
1585112844497 0.9157464504241943 655
1585112878071 0.9160792827606201 656
1585112912080 0.9214202165603638 657
1585112945775 0.9226007461547852 658
1585112979669 0.9188427329063416 659
1585113013276 0.9160518646240234 660
1585113046495 0.9179556369781494 661
1585113079869 0.9198386669158936 662
1585113113206 0.9196459650993347 663
1585113147274 0.9153010249137878 664
1585113180606 0.9232007265090942 665
1585113215135 0.9186985492706299 666
1585113248478 0.9188153743743896 667
1585113281802 0.9196016788482666 668
1585113315077 0.9184694290161133 669
1585113348739 0.9261186718940735 670
1585113382270 0.9258960485458374 671
1585113415957 0.9247034788131714 672
1585113449296 0.9248937368392944 673
1585113482876 0.9226465225219727 674
1585113516509 0.9223833084106445 675
1585113549960 0.9230083227157593 676
1585113583287 0.9197141528129578 677
1585113616953 0.9229964017868042 678
1585113650534 0.9234654903411865 679
1585113684245 0.9217150211334229 680
1585113718990 0.9192805290222168 681
1585113752399 0.9214659929275513 682
1585113785715 0.921713650226593 683
1585113819006 0.9214528799057007 684
1585113852512 0.9174381494522095 685
1585113885920 0.9230198264122009 686
1585113919547 0.9194637537002563 687
1585113953024 0.927351713180542 688
1585113987900 0.9221763610839844 689
1585114021258 0.9264371991157532 690
1585114054898 0.9203968048095703 691
1585114088322 0.9225640296936035 692
1585114121625 0.9155263900756836 693
1585114154990 0.9158041477203369 694
1585114188339 0.9195648431777954 695
1585114221842 0.9180541038513184 696
1585114255339 0.9216468334197998 697
1585114288454 0.9137902855873108 698
1585114322200 0.9100390076637268 699
1585114355527 0.9232114553451538 700
1585114388983 0.9205501079559326 701
1585114422198 0.914440393447876 702
1585114455965 0.9209368228912354 703
1585114489397 0.922329306602478 704
1585114523457 0.9221891164779663 705
1585114556909 0.9150233268737793 706
1585114590570 0.9113756418228149 707
1585114624126 0.9255882501602173 708
1585114658488 0.9198005795478821 709
1585114692275 0.9234808683395386 710
1585114725676 0.9136016964912415 711
1585114759986 0.9210742712020874 712
1585114793475 0.9195107817649841 713
1585114827768 0.9246199131011963 714
1585114861620 0.9258121848106384 715
1585114895023 0.9217017292976379 716
1585114928665 0.9235793352127075 717
1585114962297 0.9237983226776123 718
1585114996215 0.9204282760620117 719
1585115029616 0.9247037172317505 720
1585115063987 0.9237498044967651 721
1585115097549 0.9224498867988586 722
1585115131685 0.9203431010246277 723
1585115166435 0.9244363307952881 724
1585115199589 0.9171316623687744 725
1585115233524 0.9224919676780701 726
1585115267919 0.9259628057479858 727
1585115301360 0.922232449054718 728
1585115334731 0.9267019033432007 729
1585115369142 0.9201333522796631 730
1585115402757 0.9209260940551758 731
1585115436136 0.9170829057693481 732
1585115470583 0.9196159839630127 733
1585115504607 0.914048433303833 734
1585115538540 0.9180487394332886 735
1585115572172 0.916480302810669 736
1585115605772 0.9250025749206543 737
1585115639291 0.9218288660049438 738
1585115672879 0.9205358028411865 739
1585115706316 0.9140497446060181 740
1585115739597 0.9199211597442627 741
1585115773044 0.9224514365196228 742
1585115807326 0.9217110872268677 743
1585115840952 0.9154360294342041 744
1585115874296 0.9196564555168152 745
1585115907520 0.9164371490478516 746
1585115940707 0.9111775159835815 747
1585115974471 0.921730637550354 748
1585116007903 0.919893741607666 749
1585116041499 0.927031934261322 750
1585116074803 0.9182858467102051 751
1585116108360 0.9254492521286011 752
1585116142006 0.9191141724586487 753
1585116175337 0.919174313545227 754
1585116209184 0.921607494354248 755
1585116242979 0.9196486473083496 756
1585116277513 0.9227029085159302 757
1585116311263 0.9181352257728577 758
1585116345614 0.919094443321228 759
1585116379288 0.9235612154006958 760
1585116412594 0.9205527305603027 761
1585116446148 0.9247128367424011 762
1585116479894 0.928769588470459 763
1585116514257 0.9245189428329468 764
1585116548208 0.9207821488380432 765
1585116581728 0.9277867078781128 766
1585116615292 0.9223413467407227 767
1585116648797 0.9272128343582153 768
1585116683085 0.9240956902503967 769
1585116717508 0.9212746620178223 770
1585116751647 0.9213035702705383 771
1585116785414 0.917404055595398 772
1585116819252 0.9177342653274536 773
1585116852715 0.9220348596572876 774
1585116886289 0.9190351963043213 775
1585116919962 0.9206889867782593 776
1585116953511 0.9200522899627686 777
1585116987241 0.9224381446838379 778
1585117021955 0.9229229688644409 779
1585117055317 0.9179846048355103 780
1585117088845 0.9243945479393005 781
1585117122076 0.9217870235443115 782
1585117155863 0.9173922538757324 783
1585117189208 0.9147100448608398 784
1585117222825 0.9176582098007202 785
1585117256396 0.9273780584335327 786
1585117289615 0.9209811687469482 787
1585117323315 0.9222441911697388 788
1585117357263 0.9197180867195129 789
1585117391060 0.92090904712677 790
1585117424546 0.9203013181686401 791
1585117459236 0.9225770235061646 792
1585117494745 0.9235900044441223 793
1585117527915 0.9185363054275513 794
1585117562116 0.9194400310516357 795
1585117595660 0.9229007959365845 796
1585117628842 0.9203824996948242 797
1585117662537 0.9136344194412231 798
1585117695807 0.9233790040016174 799
1585117729366 0.9204663038253784 800
1585117762965 0.9211041331291199 801
1585117796827 0.9176214933395386 802
1585117830157 0.9238965511322021 803
1585117863612 0.9210205674171448 804
1585117897081 0.9146760702133179 805
1585117931347 0.9267556667327881 806
1585117964748 0.9269481897354126 807
1585117998348 0.9232571125030518 808
1585118032307 0.9265917539596558 809
1585118066038 0.9164936542510986 810
1585118100407 0.9227146506309509 811
1585118133546 0.91618812084198 812
1585118167998 0.917064905166626 813
1585118201402 0.9183265566825867 814
1585118234942 0.9242831468582153 815
1585118268469 0.9199421405792236 816
1585118302027 0.9183592796325684 817
1585118335617 0.9206064939498901 818
1585118369165 0.9174655675888062 819
1585118402448 0.9245859384536743 820
1585118436476 0.9214541912078857 821
1585118470012 0.9172285199165344 822
1585118503551 0.9190236330032349 823
1585118537670 0.921701967716217 824
1585118571055 0.916693925857544 825
1585118605791 0.9210742712020874 826
1585118640097 0.9223424196243286 827
1585118673566 0.9182441234588623 828
1585118707259 0.9211881160736084 829
1585118740653 0.921312689781189 830
1585118774217 0.9194690585136414 831
1585118808383 0.9261159896850586 832
1585118841922 0.9163270592689514 833
1585118875370 0.91767418384552 834
1585118908872 0.9201031923294067 835
1585118942247 0.9178127646446228 836
1585118975705 0.9204610586166382 837
1585119009865 0.9222731590270996 838
1585119043339 0.9204518795013428 839
1585119076884 0.9168695211410522 840
1585119110291 0.9215353727340698 841
1585119144051 0.9157451391220093 842
1585119178218 0.9196043014526367 843
1585119211688 0.9184930324554443 844
1585119245089 0.9198070764541626 845
1585119278367 0.9259917736053467 846
1585119312268 0.919105052947998 847
1585119345586 0.9184236526489258 848
1585119378817 0.9204086065292358 849
1585119412226 0.9216181039810181 850
1585119445723 0.925199031829834 851
1585119479171 0.9250625371932983 852
1585119512793 0.919087827205658 853
1585119546362 0.9248687028884888 854
1585119580204 0.9262262582778931 855
1585119613989 0.9237837791442871 856
1585119647600 0.9220583438873291 857
1585119682117 0.912246584892273 858
1585119716411 0.9207441210746765 859
1585119749782 0.9253444075584412 860
1585119784174 0.9218958616256714 861
1585119817707 0.919479489326477 862
1585119851101 0.927655816078186 863
1585119884553 0.9225913882255554 864
1585119918049 0.9236043691635132 865
1585119951773 0.9170398712158203 866
1585119985774 0.9168421030044556 867
1585120019469 0.9245595932006836 868
1585120052985 0.9233659505844116 869
1585120087168 0.9188427329063416 870
1585120121271 0.9255043864250183 871
1585120154528 0.9254099130630493 872
1585120187884 0.9202683568000793 873
1585120221312 0.9210479259490967 874
1585120254787 0.9191348552703857 875
1585120288088 0.9225194454193115 876
1585120321794 0.9212194681167603 877
1585120355554 0.9174945950508118 878
1585120389853 0.9246209859848022 879
1585120423225 0.9182479977607727 880
1585120457766 0.924342155456543 881
1585120492481 0.924230694770813 882
1585120526335 0.9227840900421143 883
1585120559679 0.9266572594642639 884
1585120593172 0.923938512802124 885
1585120627318 0.9212301969528198 886
1585120661171 0.9231051206588745 887
1585120695996 0.9190654754638672 888
1585120729745 0.9222546815872192 889
1585120764053 0.9217280149459839 890
1585120797406 0.9227436184883118 891
1585120831102 0.9236751198768616 892
1585120864472 0.9174695611000061 893
1585120897894 0.9135124683380127 894
1585120931358 0.914767861366272 895
1585120964473 0.916468620300293 896
1585120999113 0.9194259643554688 897
1585121032724 0.920282781124115 898
1585121066022 0.9205619096755981 899
1585121099260 0.925919771194458 900
1585121132677 0.9221303462982178 901
1585121166230 0.9229623675346375 902
1585121203231 0.923453688621521 903
1585121236493 0.9232388734817505 904
1585121269748 0.9220870137214661 905
1585121303330 0.9188821315765381 906
1585121336449 0.9202263355255127 907
1585121370146 0.9181206226348877 908
1585121403827 0.9247258901596069 909
1585121437531 0.9233660101890564 910
1585121470781 0.9223006367683411 911
1585121504351 0.9307689070701599 912
1585121540940 0.9185636639595032 913
1585121574470 0.9173569679260254 914
1585121608351 0.9269927740097046 915
1585121641815 0.9269651174545288 916
1585121675550 0.923521876335144 917
1585121709227 0.9228628873825073 918
1585121742632 0.9263795614242554 919
1585121776087 0.9207583665847778 920
1585121809470 0.92090904712677 921
1585121843185 0.9216415882110596 922
1585121877344 0.9231458902359009 923
1585121911281 0.9214805960655212 924
1585121944606 0.923758864402771 925
1585121978723 0.9224932193756104 926
1585122012862 0.9215340614318848 927
1585122046415 0.9183986186981201 928
1585122080512 0.9246277809143066 929
1585122114479 0.9208030700683594 930
1585122147890 0.9160662889480591 931
1585122181957 0.9252657294273376 932
1585122216253 0.9223530292510986 933
1585122249481 0.9227263927459717 934
1585122283905 0.9204950332641602 935
1585122317541 0.9227224588394165 936
1585122350798 0.9192870855331421 937
1585122384540 0.9228260517120361 938
1585122418535 0.9197849035263062 939
1585122452288 0.9260492324829102 940
1585122486200 0.9276137948036194 941
1585122519333 0.9247993230819702 942
1585122553207 0.9193825721740723 943
1585122587274 0.9243118166923523 944
1585122620884 0.9237983226776123 945
1585122654184 0.9226739406585693 946
1585122687829 0.9185228943824768 947
1585122721292 0.9203811883926392 948
1585122755105 0.9220883250236511 949
1585122788396 0.917866587638855 950
1585122822819 0.9265210032463074 951
1585122857532 0.9240196943283081 952
1585122892067 0.9228692054748535 953
1585122925527 0.9203404784202576 954
1585122959274 0.9184681177139282 955
1585122994506 0.9211555123329163 956
1585123027824 0.9161069989204407 957
1585123061566 0.9140917062759399 958
1585123094980 0.9236685037612915 959
1585123129440 0.9181720018386841 960
1585123163782 0.9180474877357483 961
1585123197485 0.9183135032653809 962
1585123232050 0.9248112440109253 963
1585123266804 0.9230214357376099 964
1585123300618 0.9140260815620422 965
1585123333917 0.919089138507843 966
1585123367709 0.9235466122627258 967
1585123401277 0.9206916093826294 968
1585123435114 0.9201608896255493 969
1585123468416 0.9200901389122009 970
1585123502107 0.9246199131011963 971
1585123535672 0.9215092658996582 972
1585123569064 0.9174144864082336 973
1585123602397 0.924242377281189 974
1585123636554 0.9255762100219727 975
1585123670410 0.9252276420593262 976
1585123704378 0.9245635271072388 977
1585123738504 0.9221039414405823 978
1585123772097 0.9281155467033386 979
1585123805616 0.9188440442085266 980
1585123839047 0.9236751198768616 981
1585123873273 0.9219771027565002 982
1585123906532 0.9215340614318848 983
1585123939848 0.923909604549408 984
1585123973302 0.9240080118179321 985
1585124006675 0.9171746969223022 986
1585124040887 0.9207558035850525 987
1585124074126 0.9190170764923096 988
1585124107539 0.9175089597702026 989
1585124141838 0.9196734428405762 990
1585124175164 0.924338161945343 991
1585124208588 0.9263912439346313 992
1585124243356 0.9215643405914307 993
1585124277869 0.9213808178901672 994
1585124311377 0.9183722734451294 995
1585124345162 0.9177722930908203 996
1585124378923 0.9199801683425903 997
1585124412479 0.922232449054718 998
1585124445823 0.9158289432525635 999
1585124478912 0.9235098958015442 1000
