1585091011746 0.03085637465119362 0
1585091044893 0.006961081176996231 1
1585091077962 0.00447604525834322 2
1585091111213 0.006789582781493664 3
1585091144986 0.010487680323421955 4
1585091178262 0.014186801388859749 5
1585091212175 0.012128186412155628 6
1585091245286 0.005668244790285826 7
1585091278504 0.003439257387071848 8
1585091312071 0.0013956676702946424 9
1585091345219 0.003642789553850889 10
1585091378481 0.004732149187475443 11
1585091411815 0.007328524254262447 12
1585091444943 0.010676024481654167 13
1585091478176 0.01335512101650238 14
1585091511012 0.01511650625616312 15
1585091543591 0.01639881171286106 16
1585091576570 0.0174757968634367 17
1585091609301 0.017812976613640785 18
1585091642592 0.01691293716430664 19
1585091675548 0.016459036618471146 20
1585091708409 0.014830120839178562 21
1585091740893 0.01314193569123745 22
1585091774241 0.012519779615104198 23
1585091807416 0.011776089668273926 24
1585091840371 0.011329593136906624 25
1585091873935 0.010650519281625748 26
1585091907089 0.009773213416337967 27
1585091940248 0.008948399685323238 28
1585091973154 0.00906300637871027 29
1585092006219 0.009264657273888588 30
1585092039333 0.009344954043626785 31
1585092072433 0.00942629761993885 32
1585092105465 0.010376492515206337 33
1585092138826 0.010372567921876907 34
1585092172144 0.010582567192614079 35
1585092205339 0.010759471915662289 36
1585092238240 0.011231102980673313 37
1585092271482 0.011531312018632889 38
1585092304529 0.011335620656609535 39
1585092337764 0.009969048202037811 40
1585092370796 0.010653110221028328 41
1585092404097 0.009572829119861126 42
1585092437348 0.008963000029325485 43
1585092470519 0.009522965177893639 44
1585092503628 0.008510706946253777 45
1585092539745 0.008452501147985458 46
1585092573162 0.007808433845639229 47
1585092606305 0.008981483057141304 48
1585092639722 0.007511167787015438 49
1585092672979 0.007342439144849777 50
1585092706279 0.007594556547701359 51
1585092739515 0.0068578701466321945 52
1585092772547 0.00705924816429615 53
1585092806117 0.0068310899659991264 54
1585092839497 0.006379176862537861 55
1585092872848 0.006633854005485773 56
1585092905846 0.006266441661864519 57
1585092939016 0.005835197865962982 58
1585092972365 0.005904155783355236 59
1585093005599 0.0066391173750162125 60
1585093038668 0.0057350704446434975 61
1585093071736 0.005597557872533798 62
1585093105083 0.005267973057925701 63
1585093138596 0.006121327169239521 64
1585093171881 0.005817196797579527 65
1585093204911 0.005659080110490322 66
1585093238163 0.005212036427110434 67
1585093271574 0.005358260590583086 68
1585093305221 0.005228484980762005 69
1585093338380 0.005390197969973087 70
1585093371753 0.005141702480614185 71
1585093406251 0.004722217097878456 72
1585093439272 0.005352282430976629 73
1585093472402 0.004816613160073757 74
1585093505364 0.0050893425941467285 75
1585093538505 0.004927425645291805 76
1585093571756 0.004894868936389685 77
1585093605036 0.00491216778755188 78
1585093638020 0.005127765238285065 79
1585093671153 0.005067536607384682 80
1585093704178 0.004534516483545303 81
1585093737063 0.004141702316701412 82
1585093770831 0.0052056084387004375 83
1585093804273 0.00484971608966589 84
1585093837511 0.004696707706898451 85
1585093871237 0.005624209530651569 86
1585093904526 0.004419965669512749 87
1585093937996 0.005234395153820515 88
1585093971440 0.004433438181877136 89
1585094004614 0.004437237977981567 90
1585094037833 0.004788210615515709 91
1585094070876 0.005154379643499851 92
1585094104023 0.005221097730100155 93
1585094137244 0.004817413166165352 94
1585094170631 0.0061336541548371315 95
1585094203862 0.00496490066871047 96
1585094237192 0.006125650368630886 97
1585094270474 0.005112112499773502 98
1585094304280 0.0048553855158388615 99
1585094338796 0.004782944917678833 100
1585094371912 0.0047193290665745735 101
1585094405072 0.005100801587104797 102
1585094438452 0.005293161608278751 103
1585094471450 0.004958569072186947 104
1585094505429 0.005066067446023226 105
1585094538531 0.00475884135812521 106
1585094571684 0.00460708886384964 107
1585094604952 0.005109043791890144 108
1585094638469 0.004578098189085722 109
1585094671805 0.004736072849482298 110
1585094705167 0.005465044640004635 111
1585094738259 0.005142922047525644 112
1585094771228 0.004801684059202671 113
1585094804532 0.005315656773746014 114
1585094837798 0.004992830567061901 115
1585094871171 0.005083569325506687 116
1585094904456 0.004915812984108925 117
1585094937785 0.0041685388423502445 118
1585094971135 0.004575176164507866 119
1585095004741 0.004800484981387854 120
1585095038011 0.00532660773023963 121
1585095071445 0.004852514714002609 122
1585095104698 0.004938503727316856 123
1585095137680 0.005450005643069744 124
1585095170930 0.005276835523545742 125
1585095204300 0.0049552093259990215 126
1585095237245 0.004563395865261555 127
1585095270311 0.004557034466415644 128
1585095303419 0.005495008081197739 129
1585095336751 0.004638815764337778 130
1585095370043 0.005443602800369263 131
1585095403423 0.005459372885525227 132
1585095436529 0.004930493887513876 133
1585095469533 0.004478036426007748 134
1585095502411 0.005468946881592274 135
1585095535577 0.0058548329398036 136
1585095568452 0.004559342749416828 137
1585095601600 0.005487723276019096 138
1585095634975 0.004706308711320162 139
1585095668851 0.0048128035850822926 140
1585095702080 0.004849384538829327 141
1585095735127 0.0054720500484108925 142
1585095768629 0.005519436672329903 143
1585095801640 0.004977616015821695 144
1585095834461 0.0047200508415699005 145
1585095867694 0.005080417264252901 146
1585095901286 0.005373411346226931 147
1585095935354 0.005271014757454395 148
1585095968294 0.004824760835617781 149
1585096001523 0.004673922900110483 150
1585096034843 0.006025442387908697 151
1585096068550 0.005311374552547932 152
1585096101677 0.004893813747912645 153
1585096135103 0.004962593782693148 154
1585096168639 0.0054762945510447025 155
1585096201536 0.005205575376749039 156
1585096234686 0.005105210933834314 157
1585096267952 0.004993421956896782 158
1585096301095 0.0051781190559268 159
1585096335439 0.005039199721068144 160
1585096368522 0.005414721556007862 161
1585096402115 0.004668187350034714 162
1585096435163 0.005755052901804447 163
1585096468305 0.005678878165781498 164
1585096501379 0.005702786147594452 165
1585096534330 0.00493699312210083 166
1585096567616 0.005336284637451172 167
1585096600831 0.004722608719021082 168
1585096634105 0.006151966750621796 169
1585096667501 0.004962795414030552 170
1585096700993 0.005153721198439598 171
1585096734170 0.005423816852271557 172
1585096767602 0.005297905765473843 173
1585096801082 0.004877256229519844 174
1585096834553 0.0050855050794780254 175
1585096867810 0.005462466273456812 176
1585096900936 0.0046855127438902855 177
1585096934318 0.005501126870512962 178
1585096967550 0.005066969431936741 179
1585097000701 0.005885179154574871 180
1585097034202 0.004660557955503464 181
1585097067464 0.005983117967844009 182
1585097100948 0.004553495906293392 183
1585097134289 0.004614960867911577 184
1585097167515 0.004599099513143301 185
1585097200845 0.0053726243786513805 186
1585097233933 0.005986988078802824 187
1585097267449 0.005053546745330095 188
1585097300570 0.006131046451628208 189
1585097333987 0.0045157321728765965 190
1585097368010 0.004613595549017191 191
1585097402143 0.005619239993393421 192
1585097435590 0.004846359137445688 193
1585097468509 0.005102639552205801 194
1585097501963 0.005218270234763622 195
1585097535104 0.005483039654791355 196
1585097568456 0.004050088115036488 197
1585097601602 0.005669462960213423 198
1585097634516 0.005022517871111631 199
1585097667848 0.004877754487097263 200
1585097700899 0.005303550977259874 201
1585097733844 0.005592076573520899 202
1585097766868 0.0049722883850336075 203
1585097800789 0.005445328075438738 204
1585097834022 0.004851866513490677 205
1585097869198 0.005207451060414314 206
1585097902163 0.00539657287299633 207
1585097935536 0.0054922583512961864 208
1585097968685 0.004934404511004686 209
1585098002216 0.005313705652952194 210
1585098035606 0.0053859916515648365 211
1585098068717 0.00565074197947979 212
1585098101778 0.006385520100593567 213
1585098134906 0.004411408677697182 214
1585098168134 0.005264414940029383 215
1585098201229 0.005365740042179823 216
1585098235018 0.004760249517858028 217
1585098268297 0.0049270689487457275 218
1585098301655 0.006047762930393219 219
1585098335418 0.005601824261248112 220
1585098368486 0.005349569953978062 221
1585098401692 0.004978731274604797 222
1585098434839 0.004976683296263218 223
1585098468455 0.0053500765934586525 224
1585098501441 0.004660958424210548 225
1585098534576 0.00584310432896018 226
1585098567754 0.005232544615864754 227
1585098601115 0.004662351682782173 228
1585098634399 0.005189116112887859 229
1585098667367 0.004395561758428812 230
1585098700577 0.005099124275147915 231
1585098733883 0.0046391841024160385 232
1585098767108 0.005300359800457954 233
1585098800894 0.004936816170811653 234
1585098833945 0.005100368056446314 235
1585098867188 0.0046419259160757065 236
1585098901014 0.005303404293954372 237
1585098934631 0.005334267392754555 238
1585098967860 0.006760031916201115 239
1585099001016 0.004608719609677792 240
1585099034164 0.004888351075351238 241
1585099067346 0.005305576138198376 242
1585099100423 0.005302506033331156 243
1585099133459 0.005054805427789688 244
1585099166499 0.005376994609832764 245
1585099199649 0.005340619012713432 246
1585099232650 0.004610875621438026 247
1585099265773 0.005327904596924782 248
1585099298839 0.004274117294698954 249
1585099331832 0.0058415913954377174 250
1585099364769 0.004971222952008247 251
1585099398013 0.004500171169638634 252
1585099431312 0.0054397303611040115 253
1585099464429 0.004910341929644346 254
1585099497736 0.0051454221829771996 255
1585099530631 0.005246941931545734 256
1585099564599 0.005299754440784454 257
1585099597594 0.004558425396680832 258
1585099631076 0.005510665010660887 259
1585099664272 0.004264901392161846 260
1585099697550 0.004733280744403601 261
1585099730965 0.004217751789838076 262
1585099764035 0.005587841384112835 263
1585099797095 0.005190196912735701 264
1585099830419 0.004660166800022125 265
1585099865177 0.005078578367829323 266
1585099899475 0.004837615881115198 267
1585099932399 0.006437200121581554 268
1585099965631 0.00531503651291132 269
1585099998875 0.005241996143013239 270
1585100032349 0.005873480346053839 271
1585100067470 0.004581941291689873 272
1585100100666 0.0053767249919474125 273
1585100133791 0.006097097415477037 274
1585100166738 0.005457209888845682 275
1585100199934 0.0043316800147295 276
1585100233351 0.004949099384248257 277
1585100266827 0.004607228562235832 278
1585100299973 0.005038942210376263 279
1585100333843 0.0046682218089699745 280
1585100367005 0.004609247669577599 281
1585100400535 0.004559305030852556 282
1585100434104 0.00466188695281744 283
1585100467360 0.004619436804205179 284
1585100500940 0.005287344101816416 285
1585100534599 0.004728180821985006 286
1585100569599 0.004898604471236467 287
1585100602671 0.005061284173280001 288
1585100636043 0.005081694107502699 289
1585100669157 0.005211383104324341 290
1585100702456 0.004220350179821253 291
1585100735903 0.004827600903809071 292
1585100769068 0.005242747254669666 293
1585100802734 0.004582564812153578 294
1585100835829 0.005001171492040157 295
1585100869597 0.0053456006571650505 296
1585100902655 0.005063199903815985 297
1585100936003 0.004828721284866333 298
1585100969747 0.005560236983001232 299
1585101003210 0.005040746182203293 300
1585101036301 0.005026795901358128 301
1585101070249 0.004728112369775772 302
1585101103566 0.004965694155544043 303
1585101136894 0.004735206253826618 304
1585101170439 0.005167433992028236 305
1585101203636 0.005394980311393738 306
1585101236774 0.004609429277479649 307
1585101269897 0.00479081179946661 308
1585101303112 0.004403573460876942 309
1585101336369 0.004054723773151636 310
1585101369635 0.004476526286453009 311
1585101402490 0.004779753275215626 312
1585101436137 0.005355946719646454 313
1585101469409 0.005505829118192196 314
1585101502383 0.005024108570069075 315
1585101535764 0.004872648045420647 316
1585101568952 0.004893650766462088 317
1585101601992 0.003913067746907473 318
1585101634996 0.004377071745693684 319
1585101668527 0.005058204755187035 320
1585101701585 0.0049446700140833855 321
1585101734715 0.005530097521841526 322
1585101768042 0.005149058066308498 323
1585101801310 0.005294604692608118 324
1585101834645 0.00469160545617342 325
1585101867752 0.005385506432503462 326
1585101901344 0.005406944081187248 327
1585101935501 0.004697002936154604 328
1585101968559 0.004011476878076792 329
1585102001547 0.0048652212135493755 330
1585102035372 0.0049728043377399445 331
1585102068339 0.004833994433283806 332
1585102101225 0.004609513096511364 333
1585102134642 0.005124444141983986 334
1585102167768 0.004471826832741499 335
1585102200633 0.0033626765944063663 336
1585102233701 0.004701909609138966 337
1585102266829 0.004566454328596592 338
1585102299643 0.004521597176790237 339
1585102332967 0.004523228853940964 340
1585102365877 0.0041230893693864346 341
1585102399135 0.005015186034142971 342
1585102432579 0.005070237442851067 343
1585102465857 0.004480399191379547 344
1585102499241 0.005269371904432774 345
1585102532680 0.0042299311608076096 346
1585102565763 0.005722065921872854 347
1585102599134 0.0046676709316670895 348
1585102632535 0.004162771161645651 349
1585102666084 0.004513092339038849 350
1585102699559 0.005160283297300339 351
1585102732933 0.004558922722935677 352
1585102765928 0.004840014036744833 353
1585102799017 0.0050262100994586945 354
1585102833634 0.004630948416888714 355
1585102867142 0.004350247327238321 356
1585102900108 0.004568128380924463 357
1585102933613 0.00468477513641119 358
1585102967012 0.005179490428417921 359
1585103000751 0.005120504181832075 360
1585103034107 0.0058532943949103355 361
1585103068115 0.005485432222485542 362
1585103101248 0.004644395783543587 363
1585103134544 0.00519816717132926 364
1585103167619 0.004664228763431311 365
1585103200999 0.004101113881915808 366
1585103234199 0.005492835305631161 367
1585103267286 0.004569174721837044 368
1585103300795 0.004815278109163046 369
1585103334004 0.004949660040438175 370
1585103367561 0.005868165288120508 371
1585103400631 0.004774606786668301 372
1585103433995 0.005329187959432602 373
1585103467734 0.004310034215450287 374
1585103501034 0.004821673966944218 375
1585103534434 0.005206425674259663 376
1585103567973 0.004214813467115164 377
1585103601147 0.004942856729030609 378
1585103634242 0.004983019083738327 379
1585103667304 0.004586838185787201 380
1585103701011 0.00434214947745204 381
1585103734011 0.005369336344301701 382
1585103767030 0.004639225080609322 383
1585103801342 0.004941239487379789 384
1585103834384 0.004140148870646954 385
1585103867732 0.00462439376860857 386
1585103901019 0.004728628322482109 387
1585103934202 0.0049433354288339615 388
1585103967795 0.004385701846331358 389
1585104001037 0.004242044873535633 390
1585104034100 0.00464768148958683 391
1585104067132 0.004503503441810608 392
1585104100637 0.004289879463613033 393
1585104133966 0.004922416061162949 394
1585104171595 0.005543014034628868 395
1585104205108 0.004365161992609501 396
1585104238579 0.0043299514800310135 397
1585104271702 0.004156637005507946 398
1585104304944 0.005072035826742649 399
1585104338142 0.005193992517888546 400
1585104371302 0.004479434806853533 401
1585104404504 0.004488168749958277 402
1585104437436 0.004525621421635151 403
1585104470424 0.004562341142445803 404
1585104503616 0.004185841418802738 405
1585104537052 0.004679470788687468 406
1585104570571 0.004178300965577364 407
1585104603639 0.004345477558672428 408
1585104636816 0.004380881320685148 409
1585104669947 0.004691822919994593 410
1585104703339 0.00499558262526989 411
1585104736600 0.004598225001245737 412
1585104769621 0.0036609063390642405 413
1585104802531 0.0044447192922234535 414
1585104835957 0.0049969227984547615 415
1585104868868 0.004525185562670231 416
1585104902275 0.0035606934688985348 417
1585104935247 0.004422455560415983 418
1585104968072 0.003127056872472167 419
1585105001381 0.003914356231689453 420
1585105034708 0.004211641848087311 421
1585105067868 0.004103369545191526 422
1585105101153 0.003930632025003433 423
1585105134537 0.004102940671145916 424
1585105167745 0.003435657825320959 425
1585105201051 0.003370005637407303 426
1585105234194 0.004146545194089413 427
1585105267462 0.0037636132910847664 428
1585105302635 0.005066202487796545 429
1585105335747 0.004034555982798338 430
1585105368919 0.0038128800224512815 431
1585105403174 0.003162705572322011 432
1585105436249 0.004705638159066439 433
1585105471527 0.0034232561010867357 434
1585105504932 0.003086067270487547 435
1585105538490 0.002683290746062994 436
1585105571749 0.0028127203695476055 437
1585105605086 0.003002240089699626 438
1585105638239 0.002375640207901597 439
1585105671482 0.0023052403703331947 440
1585105704716 0.003206485416740179 441
1585105737924 0.002428453415632248 442
1585105771059 0.0023875772021710873 443
1585105804091 0.003905939869582653 444
1585105839370 0.0023773103021085262 445
1585105872858 0.004748750478029251 446
1585105906039 0.002514258027076721 447
1585105939062 0.003127101808786392 448
1585105972505 0.003277258016169071 449
1585106005439 0.004441995173692703 450
1585106038562 0.0019703253637999296 451
1585106072004 0.002235129941254854 452
1585106105626 0.0015718864742666483 453
1585106138710 0.006277384236454964 454
1585106172088 0.001966046169400215 455
1585106205274 0.003153105266392231 456
1585106238205 0.0029406780377030373 457
1585106271473 0.0026352787390351295 458
1585106304519 0.0030267168767750263 459
1585106337586 0.010275484062731266 460
1585106370623 0.0015598736936226487 461
1585106404090 0.002323748078197241 462
1585106437661 0.002426954684779048 463
1585106470774 0.0022695697844028473 464
1585106503640 0.0038550731260329485 465
1585106536780 0.0039104875177145 466
1585106570014 0.002057428937405348 467
1585106602914 0.0023549182806164026 468
1585106636344 0.0032109569292515516 469
1585106669284 0.0026245014742016792 470
1585106702362 0.0034481030888855457 471
1585106735334 0.0017126570455729961 472
1585106768350 0.004416170995682478 473
1585106801654 0.00215034163556993 474
1585106834383 0.0028019146993756294 475
1585106867689 0.0020318981260061264 476
1585106901246 0.0022644507698714733 477
1585106934633 0.003300536423921585 478
1585106967851 0.003439171239733696 479
1585107002052 0.002254241146147251 480
1585107036203 0.003086926881223917 481
1585107069176 0.00501613412052393 482
1585107102440 0.002012656768783927 483
1585107135646 0.007281797006726265 484
1585107169762 0.003290795022621751 485
1585107202936 0.0027905632741749287 486
1585107236235 0.0027970322407782078 487
1585107269365 0.0021991338580846786 488
1585107302730 0.002472957130521536 489
1585107336121 0.003364758100360632 490
1585107369619 0.003677548374980688 491
1585107403066 0.0030283494852483273 492
1585107436147 0.003036129754036665 493
1585107469273 0.0029811221174895763 494
1585107502269 0.0028876266442239285 495
1585107535670 0.0022142354864627123 496
1585107568689 0.0019183187978342175 497
1585107601818 0.002935797441750765 498
1585107634835 0.0025367264170199633 499
1585107668478 0.0022991588339209557 500
1585107701628 0.003121947403997183 501
1585107735167 0.005615848582237959 502
1585107768301 0.003946172073483467 503
1585107801310 0.0022097607143223286 504
1585107835893 0.0019496494205668569 505
1585107869135 0.0015303746331483126 506
1585107903404 0.0028904054779559374 507
1585107936349 0.0026549268513917923 508
1585107969664 0.0022504176013171673 509
1585108002622 0.0016419360181316733 510
1585108035970 0.0019193217158317566 511
1585108070710 0.0015601485501974821 512
1585108104104 0.0028806240297853947 513
1585108137590 0.001336661633104086 514
1585108170968 0.002467482117936015 515
1585108204015 0.00378047046251595 516
1585108237273 0.0028636925853788853 517
1585108270348 0.002065035980194807 518
1585108304141 0.002652680268511176 519
1585108337179 0.0042053814977407455 520
1585108370249 0.0019123114179819822 521
1585108403343 0.005242436192929745 522
1585108436369 0.001732819713652134 523
1585108469936 0.0034280382096767426 524
1585108502760 0.0022312882356345654 525
1585108535753 0.0025394088588654995 526
1585108568904 0.0017752142157405615 527
1585108601827 0.0034107258543372154 528
1585108634944 0.002103326376527548 529
1585108668233 0.0025557647459208965 530
1585108701417 0.002130647422745824 531
1585108734938 0.003127145580947399 532
1585108768268 0.0030664207879453897 533
1585108801606 0.004272905178368092 534
1585108834933 0.0009096006397157907 535
1585108867898 0.0021985068451613188 536
1585108901987 0.008253399282693863 537
1585108935220 0.002308310940861702 538
1585108968599 0.0027631334960460663 539
1585109001596 0.0028623794205486774 540
1585109035364 0.004687552340328693 541
1585109068613 0.002853199141100049 542
1585109101940 0.004364137537777424 543
1585109135233 0.0031611742451786995 544
1585109168472 0.0023659428115934134 545
1585109201770 0.0016751594375818968 546
1585109234995 0.0022666368167847395 547
1585109268416 0.0036500520072877407 548
1585109301683 0.004105046391487122 549
1585109336254 0.002458992414176464 550
1585109369724 0.002971674781292677 551
1585109402846 0.002156319562345743 552
1585109435748 0.0021560988388955593 553
1585109469299 0.0018796471413224936 554
1585109502136 0.003179621184244752 555
1585109534986 0.0030273878946900368 556
1585109568324 0.001524860505014658 557
1585109601562 0.0021645198576152325 558
1585109635016 0.0026291003450751305 559
1585109668605 0.00313327694311738 560
1585109701811 0.003418229054659605 561
1585109734829 0.002129192464053631 562
1585109768308 0.0016618900699540973 563
1585109801713 0.0036789989098906517 564
1585109834824 0.004250384867191315 565
1585109868357 0.0019686680752784014 566
1585109901541 0.005292167887091637 567
1585109934702 0.004834657069295645 568
1585109968206 0.004472885746508837 569
1585110001252 0.0037020398303866386 570
1585110034128 0.0031322836875915527 571
1585110068159 0.003127997275441885 572
1585110101212 0.0018668279517441988 573
1585110134778 0.001629135338589549 574
1585110167804 0.0023710583336651325 575
1585110200853 0.0026008649729192257 576
1585110233952 0.0016197648365050554 577
1585110267085 0.0015554297715425491 578
1585110300250 0.0028232443146407604 579
1585110333328 0.0031328110489994287 580
1585110366322 0.0016043386422097683 581
1585110399261 0.005678907036781311 582
1585110432244 0.002658356446772814 583
1585110465277 0.0023337046150118113 584
1585110498474 0.002874290104955435 585
1585110531528 0.003207742003723979 586
1585110564417 0.002237532287836075 587
1585110598295 0.002265600021928549 588
1585110631398 0.001297240611165762 589
1585110664834 0.001950688660144806 590
1585110697892 0.003269002540037036 591
1585110731009 0.0035874529276043177 592
1585110764381 0.0018652038415893912 593
1585110797463 0.0039137001149356365 594
1585110830577 0.002264015842229128 595
1585110864393 0.0024144456256181 596
1585110897735 0.004661750979721546 597
1585110931156 0.002780708484351635 598
1585110964148 0.0015761922113597393 599
1585110997055 0.0030983134638518095 600
1585111030398 0.0019993979949504137 601
1585111063325 0.0014819134958088398 602
1585111096422 0.002267422154545784 603
1585111131311 0.0033801905810832977 604
1585111164441 0.0012025476898998022 605
1585111197406 0.003895267378538847 606
1585111230592 0.0024611824192106724 607
1585111263781 0.0016827464569360018 608
1585111297016 0.0028970593120902777 609
1585111331467 0.0028033724520355463 610
1585111364654 0.0020341267809271812 611
1585111397966 0.0017991422209888697 612
1585111430842 0.005240313243120909 613
1585111463891 0.002470937091857195 614
1585111498652 0.002848720643669367 615
1585111531903 0.0028648688457906246 616
1585111565002 0.00460861949250102 617
1585111598830 0.0032438584603369236 618
1585111632082 0.0036346674896776676 619
1585111665335 0.0023928782902657986 620
1585111698653 0.0019538183696568012 621
1585111732363 0.0023242970928549767 622
1585111765677 0.003844435792416334 623
1585111799046 0.002066365908831358 624
1585111832361 0.0025507216341793537 625
1585111866076 0.002991137560456991 626
1585111899967 0.002815650310367346 627
1585111933746 0.004662986844778061 628
1585111967183 0.0047786966897547245 629
1585112001068 0.0015852211508899927 630
1585112035293 0.0022828406654298306 631
1585112068593 0.0030897720716893673 632
1585112102723 0.0023832523729652166 633
1585112136927 0.001709400094114244 634
1585112170304 0.002079124329611659 635
1585112203525 0.002965830499306321 636
1585112236977 0.0030751600861549377 637
1585112270538 0.0022924914956092834 638
1585112305501 0.0030684079974889755 639
1585112339203 0.0025947780814021826 640
1585112372684 0.0023638270795345306 641
1585112406006 0.001951640471816063 642
1585112440038 0.002346540568396449 643
1585112474276 0.0017372346483170986 644
1585112507748 0.00264932494610548 645
1585112542572 0.0023182802833616734 646
1585112575946 0.002254337538033724 647
1585112609550 0.0023930035531520844 648
1585112643596 0.0014593229861930013 649
1585112677008 0.001784898922778666 650
1585112710225 0.0036785639822483063 651
1585112743526 0.0021384949795901775 652
1585112777575 0.002907964400947094 653
1585112811147 0.0023672236129641533 654
1585112844497 0.003988191951066256 655
1585112878071 0.002602544380351901 656
1585112912080 0.0022559375502169132 657
1585112945775 0.0018180548213422298 658
1585112979669 0.0019764606840908527 659
1585113013276 0.0050962697714567184 660
1585113046495 0.003988843411207199 661
1585113079869 0.0015314200427383184 662
1585113113206 0.0032248152419924736 663
1585113147274 0.005114833824336529 664
1585113180606 0.0023025660775601864 665
1585113215135 0.0023509201128035784 666
1585113248478 0.0022008796222507954 667
1585113281802 0.002390461042523384 668
1585113315077 0.002997158793732524 669
1585113348739 0.0018910375656560063 670
1585113382270 0.0015045736217871308 671
1585113415957 0.0024930306244641542 672
1585113449296 0.0020760793704539537 673
1585113482876 0.0022234092466533184 674
1585113516509 0.0028167767450213432 675
1585113549960 0.0020481166429817677 676
1585113583287 0.003239233046770096 677
1585113616953 0.0026108482852578163 678
1585113650534 0.0016177580691874027 679
1585113684245 0.0033703562803566456 680
1585113718990 0.004118424840271473 681
1585113752399 0.0023852181620895863 682
1585113785715 0.0023499042727053165 683
1585113819006 0.0028238887898623943 684
1585113852512 0.0028034462593495846 685
1585113885920 0.0016390403034165502 686
1585113919547 0.002928330097347498 687
1585113953024 0.00169622921384871 688
1585113987900 0.0015586832305416465 689
1585114021258 0.002802867442369461 690
1585114054898 0.002999815857037902 691
1585114088322 0.001144643290899694 692
1585114121625 0.0036328104324638844 693
1585114154990 0.0025841863825917244 694
1585114188339 0.00326390378177166 695
1585114221842 0.0022239061072468758 696
1585114255339 0.002691060770303011 697
1585114288454 0.0017091997433453798 698
1585114322200 0.002310089534148574 699
1585114355527 0.002801069524139166 700
1585114388983 0.0011912318877875805 701
1585114422198 0.0015033748932182789 702
1585114455965 0.002877959981560707 703
1585114489397 0.0030765519477427006 704
1585114523457 0.002437816932797432 705
1585114556909 0.0027056147810071707 706
1585114590570 0.0062655010260641575 707
1585114624126 0.0013737654080614448 708
1585114658488 0.00216817669570446 709
1585114692275 0.0052609993144869804 710
1585114725676 0.0052538542076945305 711
1585114759986 0.0024582967162132263 712
1585114793475 0.0025639955420047045 713
1585114827768 0.0018529463559389114 714
1585114861620 0.0016449842369183898 715
1585114895023 0.0020270547829568386 716
1585114928665 0.0012369081377983093 717
1585114962297 0.001341380295343697 718
1585114996215 0.0027204621583223343 719
1585115029616 0.0018291495507583022 720
1585115063987 0.00261063314974308 721
1585115097549 0.002102855360135436 722
1585115131685 0.0015965960919857025 723
1585115166435 0.0022475942969322205 724
1585115199589 0.0026248807553201914 725
1585115233524 0.0019286423921585083 726
1585115267919 0.0026445304974913597 727
1585115301360 0.002955127041786909 728
1585115334731 0.002017974853515625 729
1585115369142 0.0018543230835348368 730
1585115402757 0.0025109625421464443 731
1585115436136 0.003262460930272937 732
1585115470583 0.002060211729258299 733
1585115504607 0.0015805788571015 734
1585115538540 0.0008639334701001644 735
1585115572172 0.0016544184181839228 736
1585115605772 0.0034351423382759094 737
1585115639291 0.002361034508794546 738
1585115672879 0.002663357648998499 739
1585115706316 0.0021500689908862114 740
1585115739597 0.0022804508917033672 741
1585115773044 0.0021526841446757317 742
1585115807326 0.0031083780340850353 743
1585115840952 0.0034955223090946674 744
1585115874296 0.003649354912340641 745
1585115907520 0.003296325448900461 746
1585115940707 0.0022482825443148613 747
1585115974471 0.0018910178914666176 748
1585116007903 0.0022248486056923866 749
1585116041499 0.0026808707043528557 750
1585116074803 0.0025556234177201986 751
1585116108360 0.0028447150252759457 752
1585116142006 0.0039037056267261505 753
1585116175337 0.0012485507177188993 754
1585116209184 0.0031944136135280132 755
1585116242979 0.0020555630326271057 756
1585116277513 0.0018881084397435188 757
1585116311263 0.002463839016854763 758
1585116345614 0.003702978603541851 759
1585116379288 0.003600838826969266 760
1585116412594 0.0031245434656739235 761
1585116446148 0.002562588779255748 762
1585116479894 0.00316789373755455 763
1585116514257 0.0019264941802248359 764
1585116548208 0.003873684909194708 765
1585116581728 0.0024479757994413376 766
1585116615292 0.002027351874858141 767
1585116648797 0.0030438010580837727 768
1585116683085 0.003047883277758956 769
1585116717508 0.002140270546078682 770
1585116751647 0.0015067474450916052 771
1585116785414 0.0028627952560782433 772
1585116819252 0.00273328460752964 773
1585116852715 0.0038663032464683056 774
1585116886289 0.003462369553744793 775
1585116919962 0.0037859610747545958 776
1585116953511 0.002825972391292453 777
1585116987241 0.0015145032666623592 778
1585117021955 0.0027095815166831017 779
1585117055317 0.004070863127708435 780
1585117088845 0.0019260644912719727 781
1585117122076 0.0016722327563911676 782
1585117155863 0.002337642479687929 783
1585117189208 0.0034353272058069706 784
1585117222825 0.0014635969419032335 785
1585117256396 0.002347232773900032 786
1585117289615 0.0016729693161323667 787
1585117323315 0.0030707030091434717 788
1585117357263 0.002547487150877714 789
1585117391060 0.0024292049929499626 790
1585117424546 0.002853558398783207 791
1585117459236 0.0021469895727932453 792
1585117494745 0.0020812349393963814 793
1585117527915 0.0019615995697677135 794
1585117562116 0.0021396069787442684 795
1585117595660 0.0019820104353129864 796
1585117628842 0.002692032605409622 797
1585117662537 0.001878074835985899 798
1585117695807 0.0024417885579168797 799
1585117729366 0.0013315738178789616 800
1585117762965 0.0023427512496709824 801
1585117796827 0.004132300149649382 802
1585117830157 0.002236835891380906 803
1585117863612 0.0029229354113340378 804
1585117897081 0.0014466169523075223 805
1585117931347 0.003067908575758338 806
1585117964748 0.0035856140311807394 807
1585117998348 0.002567790914326906 808
1585118032307 0.0015606448287144303 809
1585118066038 0.0034741833806037903 810
1585118100407 0.0019421980250626802 811
1585118133546 0.0015625956002622843 812
1585118167998 0.0014189679641276598 813
1585118201402 0.002551014069467783 814
1585118234942 0.0027275709435343742 815
1585118268469 0.0019453251734375954 816
1585118302027 0.0016954363090917468 817
1585118335617 0.002931489609181881 818
1585118369165 0.001976583618670702 819
1585118402448 0.0027665095403790474 820
1585118436476 0.0018713134340941906 821
1585118470012 0.0027642734348773956 822
1585118503551 0.002576631959527731 823
1585118537670 0.001744479755870998 824
1585118571055 0.0019413214176893234 825
1585118605791 0.0022606104612350464 826
1585118640097 0.002590426243841648 827
1585118673566 0.001759316073730588 828
1585118707259 0.001229963032528758 829
1585118740653 0.0021371482871472836 830
1585118774217 0.0017160080606117845 831
1585118808383 0.001748964423313737 832
1585118841922 0.0013396886643022299 833
1585118875370 0.0031747077591717243 834
1585118908872 0.0017047214787453413 835
1585118942247 0.0020588315092027187 836
1585118975705 0.002973024733364582 837
1585119009865 0.002651388291269541 838
1585119043339 0.0037058989983052015 839
1585119076884 0.0008307218085974455 840
1585119110291 0.0022129479330033064 841
1585119144051 0.0027154318522661924 842
1585119178218 0.0020493916235864162 843
1585119211688 0.002499975264072418 844
1585119245089 0.0032334320712834597 845
1585119278367 0.002078617224469781 846
1585119312268 0.002267488045617938 847
1585119345586 0.0027878331020474434 848
1585119378817 0.0024968120269477367 849
1585119412226 0.002218238078057766 850
1585119445723 0.0022057429887354374 851
1585119479171 0.0024370639584958553 852
1585119512793 0.0016154625918716192 853
1585119546362 0.0014433963224291801 854
1585119580204 0.0018390973564237356 855
1585119613989 0.0014682007022202015 856
1585119647600 0.0022692931815981865 857
1585119682117 0.0014905764255672693 858
1585119716411 0.0018683765083551407 859
1585119749782 0.0030047926120460033 860
1585119784174 0.0035857814364135265 861
1585119817707 0.001922644441947341 862
1585119851101 0.001737776561640203 863
1585119884553 0.002952318638563156 864
1585119918049 0.0031280620023608208 865
1585119951773 0.0038724797777831554 866
1585119985774 0.002730777021497488 867
1585120019469 0.0023854176979511976 868
1585120052985 0.003348706290125847 869
1585120087168 0.0033860388211905956 870
1585120121271 0.0019206588622182608 871
1585120154528 0.002772185718640685 872
1585120187884 0.0032946933060884476 873
1585120221312 0.0019593690522015095 874
1585120254787 0.002425974700599909 875
1585120288088 0.0018444148590788245 876
1585120321794 0.002220842754468322 877
1585120355554 0.0018644906813278794 878
1585120389853 0.0021973391994833946 879
1585120423225 0.0013809580123052 880
1585120457766 0.0018649350386112928 881
1585120492481 0.0018507696222513914 882
1585120526335 0.0010813437402248383 883
1585120559679 0.00338459643535316 884
1585120593172 0.0010508864652365446 885
1585120627318 0.001630737679079175 886
1585120661171 0.0019641933031380177 887
1585120695996 0.0020962944254279137 888
1585120729745 0.0025077813770622015 889
1585120764053 0.0020320299081504345 890
1585120797406 0.0014706484507769346 891
1585120831102 0.0020869590807706118 892
1585120864472 0.0027483159210532904 893
1585120897894 0.004972558468580246 894
1585120931358 0.00410308176651597 895
1585120964473 0.0025512399151921272 896
1585120999113 0.00156891206279397 897
1585121032724 0.00274086557328701 898
1585121066022 0.0016311218496412039 899
1585121099260 0.002019459381699562 900
1585121132677 0.0014322776114568114 901
1585121166230 0.0014936975203454494 902
1585121203231 0.0029327713418751955 903
1585121236493 0.0022057886235415936 904
1585121269748 0.002098917029798031 905
1585121303330 0.002755685243755579 906
1585121336449 0.0015310131711885333 907
1585121370146 0.003818164113909006 908
1585121403827 0.0016339556314051151 909
1585121437531 0.0015792538179084659 910
1585121470781 0.002014714293181896 911
1585121504351 0.002685153391212225 912
1585121540940 0.0021451949141919613 913
1585121574470 0.0018227561376988888 914
1585121608351 0.0015114876441657543 915
1585121641815 0.0015116045251488686 916
1585121675550 0.00368649885058403 917
1585121709227 0.0026529759634286165 918
1585121742632 0.00293111358769238 919
1585121776087 0.0017441026866436005 920
1585121809470 0.002461089985445142 921
1585121843185 0.002400581259280443 922
1585121877344 0.0014480261597782373 923
1585121911281 0.0034379647113382816 924
1585121944606 0.0019019052851945162 925
1585121978723 0.00221918523311615 926
1585122012862 0.0023254756815731525 927
1585122046415 0.0013275676174089313 928
1585122080512 0.0028540538623929024 929
1585122114479 0.0027944324538111687 930
1585122147890 0.0020478323567658663 931
1585122181957 0.0032586604356765747 932
1585122216253 0.0026247757486999035 933
1585122249481 0.0032228692434728146 934
1585122283905 0.00342000275850296 935
1585122317541 0.00286855548620224 936
1585122350798 0.0011443931143730879 937
1585122384540 0.0017283540219068527 938
1585122418535 0.0036134335678070784 939
1585122452288 0.0017524601425975561 940
1585122486200 0.0020643509924411774 941
1585122519333 0.0009763100533746183 942
1585122553207 0.0025087310932576656 943
1585122587274 0.0012931223027408123 944
1585122620884 0.0024618045426905155 945
1585122654184 0.0026176448445767164 946
1585122687829 0.0025478715542703867 947
1585122721292 0.002300774212926626 948
1585122755105 0.0013749625068157911 949
1585122788396 0.003208329901099205 950
1585122822819 0.001609396655112505 951
1585122857532 0.0010058121988549829 952
1585122892067 0.00109834223985672 953
1585122925527 0.0018663391238078475 954
1585122959274 0.0013493278529495 955
1585122994506 0.005636295303702354 956
1585123027824 0.0015450608916580677 957
1585123061566 0.0032079981174319983 958
1585123094980 0.0025173956528306007 959
1585123129440 0.0018781832186505198 960
1585123163782 0.003141517285257578 961
1585123197485 0.0012969160452485085 962
1585123232050 0.0009491100208833814 963
1585123266804 0.0023626810871064663 964
1585123300618 0.002288420684635639 965
1585123333917 0.002810337347909808 966
1585123367709 0.0019623239059001207 967
1585123401277 0.0027202656492590904 968
1585123435114 0.0018336198991164565 969
1585123468416 0.003968301694840193 970
1585123502107 0.002982338657602668 971
1585123535672 0.001718906220048666 972
1585123569064 0.0018693755846470594 973
1585123602397 0.0018084831535816193 974
1585123636554 0.0020677070133388042 975
1585123670410 0.0020502093248069286 976
1585123704378 0.0013757857959717512 977
1585123738504 0.0015454029198735952 978
1585123772097 0.001853923313319683 979
1585123805616 0.0017618010751903057 980
1585123839047 0.0013100046198815107 981
1585123873273 0.003006739541888237 982
1585123906532 0.0009192038560286164 983
1585123939848 0.002909802133217454 984
1585123973302 0.001178233535028994 985
1585124006675 0.0025150261353701353 986
1585124040887 0.0008153082453645766 987
1585124074126 0.0034730953630059958 988
1585124107539 0.0017132586799561977 989
1585124141838 0.004517627414315939 990
1585124175164 0.0030557953286916018 991
1585124208588 0.0017256909050047398 992
1585124243356 0.0018523272592574358 993
1585124277869 0.001017830683849752 994
1585124311377 0.0021323009859770536 995
1585124345162 0.0024848689790815115 996
1585124378923 0.0026486366987228394 997
1585124412479 0.001740612555295229 998
1585124445823 0.0034058985766023397 999
1585124478912 0.0010461561614647508 1000
